250
4 196 207 8
10 108 122 6
6 122 135 2
7 86 95 5
1 218 222 9
3 176 183 1
5 201 207 5
1 84 86 5
1 128 139 10
2 156 161 1
2 80 92 6
1 27 35 9
4 77 88 9
8 146 161 1
9 129 139 7
6 156 163 5
3 163 167 4
2 230 237 4
7 1 18 8
3 2 11 6
6 175 185 10
9 79 93 1
5 147 158 2
8 128 139 6
10 1 20 4
8 40 51 3
10 206 218 8
8 56 73 3
9 164 180 4
8 44 56 10
7 112 124 4
2 35 39 5
4 213 220 10
5 68 75 7
7 158 175 8
8 3 17 1
5 55 62 1
7 133 145 2
7 73 87 3
4 242 250 9
8 48 61 6
8 34 52 8
9 209 225 9
3 183 191 1
8 48 63 7
7 247 259 6
10 221 241 3
6 82 94 1
6 107 117 10
3 217 226 3
6 118 130 4
6 229 241 10
10 218 237 10
2 27 32 7
1 153 155 10
3 182 190 4
7 187 199 4
10 135 150 3
6 72 87 3
8 11 24 10
6 28 41 5
10 136 155 9
3 73 80 1
2 191 194 8
10 223 243 1
10 135 153 4
10 92 110 1
3 190 203 10
7 118 127 2
8 49 66 9
4 142 148 10
5 52 64 2
6 24 34 7
5 33 47 2
8 145 155 8
5 221 232 1
10 20 34 10
8 227 245 4
4 130 140 2
2 195 207 4
1 74 80 6
1 204 209 7
8 105 119 4
4 45 55 9
5 133 147 4
4 175 184 9
5 195 202 6
4 91 99 7
3 228 233 2
6 245 255 5
3 217 229 1
8 147 164 7
2 38 49 6
7 135 147 1
9 206 224 6
3 237 247 5
8 36 52 5
3 97 110 3
3 117 126 3
6 35 42 3
2 219 225 4
3 176 183 10
4 102 110 4
1 152 161 3
8 136 151 5
1 173 179 5
2 118 121 4
7 240 255 3
10 34 52 10
5 107 117 7
4 15 24 1
5 113 124 6
1 106 115 8
6 194 201 6
9 172 191 2
1 68 76 9
4 250 259 6
1 27 35 6
7 233 249 6
5 205 220 4
3 184 190 2
6 121 132 4
7 102 113 5
6 100 111 2
8 23 32 1
1 25 32 1
3 153 157 9
7 21 33 4
7 195 207 1
9 188 198 2
6 177 191 3
7 172 182 6
10 166 184 7
4 16 24 6
5 111 123 3
8 140 151 10
2 174 177 8
10 206 220 4
4 36 49 9
8 143 158 2
6 170 185 6
4 137 151 9
4 86 92 4
10 221 235 4
2 48 52 1
3 190 200 6
6 210 219 5
5 202 210 10
9 110 128 4
9 83 101 2
7 159 168 10
5 178 192 1
7 79 92 2
10 231 249 5
4 155 167 5
7 238 248 5
2 7 14 9
10 57 69 1
2 125 137 5
6 162 171 3
2 26 31 5
4 160 166 1
6 198 214 5
6 202 214 9
9 39 51 3
1 53 58 10
7 131 143 1
2 172 184 4
7 218 233 8
10 98 115 1
8 75 92 3
2 50 54 8
6 219 228 2
2 52 61 4
3 2 14 8
1 139 141 6
6 158 168 1
4 174 182 10
3 182 190 10
10 29 44 1
7 41 54 2
4 97 106 7
9 183 201 2
3 92 104 7
2 9 15 10
10 75 91 10
7 50 66 3
7 180 196 5
3 86 98 9
10 235 252 7
4 48 57 2
10 64 82 2
7 72 81 4
1 228 236 8
2 106 112 10
4 244 253 2
8 110 125 5
4 39 53 10
8 88 100 4
9 78 92 1
7 58 74 9
7 101 114 9
7 198 210 10
6 59 72 3
10 8 22 7
10 104 122 6
1 225 229 9
6 234 242 3
5 31 44 1
8 167 183 2
3 30 35 3
2 203 210 10
6 85 99 1
9 51 66 9
5 1 16 8
3 101 108 2
7 16 24 8
6 175 182 6
2 233 243 1
3 42 54 1
7 35 45 7
7 42 51 1
10 115 129 3
1 78 85 1
6 162 176 10
10 182 200 3
2 113 120 6
2 182 194 2
3 209 213 3
4 208 219 7
6 158 170 2
4 14 24 2
6 6 22 9
5 217 226 4
6 61 70 8
4 58 71 1
4 81 93 3
10 27 43 9
7 163 176 5
9 124 140 5
5 227 240 7
1 136 142 7
6 163 171 9
7 74 85 6
1 70 76 2
4 199 206 1
1 1 7 4
3 55 62 7
8 178 187 6
10 14 30 4
