300
6 297 306 1
9 293 304 1
6 148 161 1
5 111 117 8
4 86 100 8
7 2 14 6
9 86 98 6
6 237 248 6
3 126 131 1
2 286 294 8
7 194 204 8
6 180 195 4
9 235 251 7
5 296 309 5
8 21 31 2
10 48 59 10
5 9 23 3
7 264 279 3
8 115 130 4
4 24 30 7
5 161 171 3
4 276 281 8
8 238 254 2
7 31 41 7
2 76 83 8
1 228 236 9
8 138 154 5
4 23 37 7
7 115 129 10
7 290 301 6
8 69 87 10
9 225 235 8
7 99 109 3
10 69 82 6
2 200 210 3
3 14 20 3
9 154 172 2
10 209 220 9
4 123 135 4
2 263 275 1
6 23 32 1
2 240 251 2
2 176 184 4
4 121 129 7
5 245 251 9
3 126 131 9
4 212 220 10
8 296 314 8
10 168 182 3
3 144 155 7
10 251 270 8
10 263 283 3
6 161 169 7
3 228 232 2
6 223 235 10
3 273 284 6
5 261 273 3
8 114 124 7
8 249 260 3
3 145 155 8
2 49 58 8
2 24 30 2
10 217 236 6
10 130 141 5
7 135 150 10
7 238 255 3
1 1 11 8
3 234 239 6
1 230 235 2
10 114 129 6
1 98 108 3
6 226 239 5
7 65 80 9
6 127 140 8
2 248 255 9
5 251 262 9
2 132 136 2
8 88 98 6
8 241 257 1
5 145 155 4
1 132 136 10
4 118 131 6
5 33 44 7
1 243 253 3
10 90 104 4
3 129 137 5
3 294 307 2
5 197 210 10
9 28 41 2
8 70 84 8
4 113 118 9
7 247 262 10
9 149 163 5
1 75 85 3
6 50 66 8
7 211 222 5
10 80 100 1
8 268 285 10
5 79 90 1
2 123 135 7
7 156 164 2
10 287 306 7
3 5 17 5
5 146 161 7
4 160 171 5
4 152 163 10
10 268 282 5
4 222 233 3
10 104 120 4
2 252 260 9
5 266 280 9
7 80 92 1
7 245 256 4
1 21 27 4
8 56 68 6
4 52 60 8
2 224 229 2
1 183 194 7
5 10 18 6
8 285 294 1
6 87 100 2
3 163 172 4
10 190 210 9
2 214 220 9
4 21 34 10
6 143 156 7
1 192 203 8
8 54 69 5
6 45 56 10
6 227 243 8
6 294 303 10
6 164 179 4
7 43 53 1
10 61 73 4
5 237 246 3
1 206 212 5
7 52 66 6
4 81 92 5
10 234 254 6
7 150 158 5
5 273 285 1
7 153 170 10
7 81 90 6
10 119 133 5
5 115 130 9
4 220 230 1
9 111 125 1
7 174 184 4
2 8 16 7
1 22 24 8
10 131 143 7
6 190 205 5
9 115 128 8
1 229 238 1
1 40 43 1
5 67 78 5
9 147 165 7
4 132 138 5
8 203 220 6
7 278 291 5
5 240 250 5
1 184 192 6
10 139 153 2
3 79 91 5
10 167 183 4
9 240 251 1
9 55 70 7
3 60 71 1
5 85 93 4
10 216 230 8
5 100 115 2
1 55 62 8
9 15 33 8
3 22 28 10
8 212 221 10
10 147 158 7
5 86 93 5
6 117 129 9
6 292 305 7
4 194 201 5
9 16 32 4
7 81 96 4
6 285 298 6
10 165 183 2
4 21 35 8
4 268 273 9
6 123 137 3
10 220 240 5
4 65 76 6
8 110 124 1
9 79 93 4
10 98 116 4
4 39 52 2
4 205 219 2
9 72 86 10
5 283 294 2
4 203 211 9
1 225 229 10
9 149 161 10
5 259 265 9
3 167 179 1
2 159 165 5
9 164 183 3
1 121 131 5
6 206 220 3
9 133 152 2
9 221 239 7
1 116 119 5
2 135 147 6
5 147 157 2
7 294 311 4
9 62 74 3
9 225 243 1
9 198 213 7
5 195 206 3
2 92 100 10
10 215 232 5
2 48 59 6
3 299 304 6
4 95 101 1
9 189 207 7
10 77 88 10
9 77 96 4
3 136 142 3
1 156 164 7
5 127 133 3
5 22 37 4
2 195 204 8
4 197 209 1
2 82 92 7
9 216 232 10
4 155 163 5
1 110 119 8
8 143 156 8
2 216 223 10
1 299 306 2
4 222 232 3
9 116 134 2
6 266 279 5
9 210 227 8
7 72 84 9
4 145 158 3
8 140 152 6
1 99 105 4
3 147 159 1
10 72 84 3
9 23 35 9
7 224 236 1
7 142 150 10
9 5 17 3
1 60 70 3
3 174 187 8
2 193 204 4
9 169 185 6
1 259 263 6
4 42 49 4
3 198 205 8
7 18 27 2
2 81 84 9
4 69 81 10
2 124 136 7
8 248 263 6
9 280 293 3
5 164 170 9
8 189 204 5
4 73 79 1
2 117 124 7
8 243 255 10
7 175 191 4
10 41 57 5
2 141 152 6
2 149 159 4
8 38 56 8
3 113 120 8
3 292 304 9
3 53 59 2
7 291 307 6
9 139 152 4
3 64 69 6
1 282 284 9
9 243 258 7
3 207 217 6
5 233 243 4
3 179 183 10
9 55 65 7
6 154 162 4
9 50 61 2
3 234 238 4
10 276 292 10
7 246 260 5
4 41 51 2
3 20 33 8
5 28 42 3
7 123 131 9
7 270 283 6
4 238 246 9
3 14 25 7
6 247 256 1
10 96 115 5
1 136 140 6
