500
9 177 189 7
4 338 350 7
8 383 396 4
8 115 130 4
10 349 363 4
8 393 410 4
10 297 311 9
8 468 486 7
2 459 462 5
8 413 431 8
5 164 171 2
9 217 235 3
4 352 366 7
4 411 423 3
8 121 134 6
5 298 309 7
2 234 237 1
9 337 348 9
5 57 72 1
2 101 112 8
6 488 504 7
4 251 262 8
1 92 95 1
6 252 264 7
1 17 19 5
5 271 281 8
2 255 263 1
8 322 340 7
10 325 338 5
3 353 357 5
10 73 90 6
5 45 57 9
10 161 179 4
3 434 443 4
3 133 139 1
1 26 34 9
6 70 80 3
9 180 199 10
5 372 382 8
8 186 199 4
10 266 277 5
10 231 243 5
4 129 134 1
10 45 62 10
8 144 157 6
5 185 196 3
6 439 454 3
8 402 420 2
7 499 514 10
6 198 205 10
1 163 166 4
3 40 45 3
7 267 284 3
5 379 386 8
9 91 107 9
3 250 262 1
1 436 439 2
5 90 96 5
9 260 279 5
8 463 477 5
6 369 381 10
9 31 47 4
9 327 345 6
5 273 283 5
5 367 375 5
1 151 155 5
7 120 128 6
6 217 229 10
9 257 274 8
10 432 451 7
3 281 286 4
5 76 86 7
5 377 392 1
7 490 505 4
2 46 55 9
1 35 37 9
10 177 193 6
6 399 406 7
3 461 473 7
4 251 260 1
1 37 46 2
8 399 415 8
9 55 74 8
5 173 182 2
1 214 222 1
10 40 60 2
1 88 92 9
5 181 195 7
10 285 304 4
7 497 512 1
9 498 513 7
7 373 389 10
9 395 408 2
4 450 456 8
1 450 454 6
2 7 10 4
8 433 449 8
9 393 407 9
9 172 186 3
9 442 457 7
5 353 363 7
2 285 297 6
2 46 51 6
1 160 166 8
3 238 244 2
1 23 31 7
6 244 256 5
7 206 218 1
7 163 174 5
5 191 205 1
3 17 25 7
2 97 104 5
6 328 335 3
6 274 289 4
3 59 68 3
4 214 224 4
9 42 57 4
7 369 379 5
7 338 353 2
3 297 301 7
1 470 478 5
9 362 378 4
4 297 311 10
9 341 353 6
7 309 320 4
10 14 29 1
5 234 244 1
1 229 237 4
1 341 347 7
9 260 277 4
3 117 128 4
6 220 234 7
4 265 274 9
9 107 119 3
4 264 270 8
6 189 200 1
6 292 302 1
10 464 479 10
8 284 295 3
3 274 284 9
10 278 296 9
6 427 439 9
9 361 378 7
4 192 199 9
8 12 25 1
8 225 235 8
6 201 216 5
6 416 426 5
9 159 171 2
7 468 476 7
5 436 445 10
1 82 86 10
6 168 176 6
4 88 96 2
2 449 457 2
1 81 88 9
8 93 111 4
7 323 338 7
7 7 22 10
8 193 208 5
8 497 515 9
10 388 400 2
4 247 259 1
5 34 45 5
4 439 447 5
8 35 45 7
1 191 197 10
2 378 390 10
7 447 464 6
6 182 198 7
4 188 194 4
7 259 271 3
7 198 213 3
7 208 224 8
5 358 367 10
10 20 39 9
7 69 80 10
9 354 365 7
2 75 87 10
3 263 273 1
9 9 21 9
2 240 252 4
10 444 455 3
3 289 302 10
8 323 338 1
1 275 282 5
1 14 23 10
5 114 125 9
2 153 162 9
5 244 253 10
10 292 312 7
2 381 385 3
3 347 355 5
3 377 384 10
3 122 128 2
8 370 387 1
4 317 329 5
3 167 178 9
7 191 200 4
8 481 497 9
10 146 159 4
1 314 324 10
10 53 69 10
2 145 152 9
3 367 372 3
2 171 181 3
10 33 47 4
2 333 339 8
7 139 156 10
9 295 312 1
5 207 217 2
7 275 289 1
7 268 284 3
2 16 24 10
9 385 401 5
7 168 180 3
3 380 389 5
10 59 79 3
9 319 333 2
10 425 444 2
6 398 413 4
6 415 427 2
7 187 196 9
5 47 55 2
8 65 81 5
10 95 113 6
6 34 45 1
2 246 249 2
10 77 88 5
3 372 377 7
6 289 298 1
8 249 264 10
10 335 353 9
3 458 469 5
10 172 185 8
8 183 194 7
9 460 471 8
9 450 465 6
4 212 226 1
7 115 124 7
2 434 437 3
6 150 162 7
5 424 436 3
8 436 451 5
2 380 387 10
8 202 217 9
8 87 105 6
10 472 488 1
10 245 261 6
3 39 46 6
4 390 396 1
2 496 499 2
8 309 327 5
10 203 215 3
10 215 227 3
5 209 216 5
9 97 107 1
2 446 451 9
4 79 84 8
6 380 391 1
3 394 405 1
9 54 71 8
10 311 327 2
9 202 220 10
7 189 205 10
6 483 495 6
8 103 114 4
4 359 372 9
1 155 159 4
2 147 152 7
5 189 203 3
2 118 125 4
6 362 377 7
4 321 329 5
9 285 299 3
6 498 513 2
9 21 35 6
10 397 408 2
7 109 120 7
5 185 199 10
7 131 147 10
2 353 358 8
5 322 330 5
6 349 357 5
7 292 303 1
9 208 218 10
6 472 479 7
6 317 324 6
4 117 129 5
6 262 275 9
2 281 286 7
2 290 293 10
7 211 219 7
3 45 54 3
3 50 58 1
5 287 300 2
6 152 161 1
8 293 308 3
4 407 415 9
2 192 201 9
1 395 400 5
7 396 408 4
10 290 310 2
3 362 370 10
9 135 154 10
2 410 420 6
9 352 368 4
4 445 455 8
2 368 377 9
9 236 249 7
6 13 22 10
8 292 304 10
3 446 451 4
4 368 378 3
2 139 147 1
6 466 478 1
3 292 304 5
3 334 344 1
5 482 494 5
5 157 168 10
1 71 77 5
10 448 464 7
2 468 480 6
8 462 472 6
6 474 487 5
4 249 263 10
9 66 81 7
2 294 301 10
9 131 142 1
10 489 508 6
4 145 157 3
5 398 410 9
5 124 132 1
10 298 315 4
9 309 321 8
1 63 68 10
9 429 446 8
10 283 299 6
6 183 191 8
10 29 47 7
6 131 141 1
7 321 332 5
9 358 368 6
5 311 318 9
4 403 412 4
6 452 467 5
8 437 446 5
1 100 106 4
10 218 233 5
2 181 192 5
10 341 361 3
8 214 226 9
2 365 375 9
9 102 117 7
7 432 449 9
8 147 165 1
4 90 104 8
2 267 271 8
8 187 203 9
6 206 216 6
3 340 344 5
6 169 185 3
1 375 379 10
10 497 510 7
10 18 35 3
8 490 507 8
7 304 320 5
9 473 486 10
6 420 435 5
1 310 313 4
8 72 83 5
9 2 19 2
8 219 236 4
3 54 62 4
8 203 217 5
4 227 239 1
3 408 420 5
2 472 483 8
9 239 254 10
5 236 248 2
8 48 66 8
8 385 396 4
7 73 81 8
10 241 259 7
1 213 224 1
4 361 372 10
2 1 8 6
10 96 114 10
9 2 13 1
2 233 237 8
8 205 215 5
5 6 15 6
6 186 198 9
3 238 250 2
6 390 405 5
1 241 247 3
9 253 263 3
2 106 116 4
6 336 348 10
7 76 90 9
4 284 291 1
5 125 137 10
5 77 88 7
7 348 363 7
8 76 92 10
9 269 288 2
6 342 355 3
10 292 312 6
2 406 412 5
8 298 310 8
5 107 115 9
4 124 138 5
9 424 438 10
1 46 55 2
7 238 253 9
7 452 461 10
8 289 299 7
7 93 101 6
7 236 245 9
6 295 307 5
3 156 162 2
10 248 262 4
9 181 196 2
1 448 456 3
5 381 396 10
3 64 77 5
5 18 29 6
7 345 357 1
4 5 10 4
6 480 496 2
2 234 241 9
4 160 168 4
5 233 248 10
2 98 108 3
8 28 38 6
8 320 329 7
4 378 386 9
6 369 384 9
10 102 116 6
6 490 499 10
4 73 82 10
2 333 344 5
10 136 147 2
3 17 30 9
5 288 301 8
3 300 312 3
3 164 177 8
5 137 148 1
1 271 278 6
1 398 409 4
9 159 171 8
6 226 239 3
3 458 462 7
9 448 465 9
7 173 184 9
4 283 296 2
2 332 343 3
8 16 34 8
10 320 334 4
10 331 348 9
6 217 232 4
6 14 21 10
6 20 30 1
5 440 454 1
7 175 192 8
2 95 106 3
7 215 224 4
10 168 185 6
6 301 309 3
4 453 460 3
10 42 58 8
10 74 94 8
5 354 367 9
5 409 416 5
8 350 365 2
8 400 413 6
9 353 364 8
4 15 21 3
1 411 421 5
10 10 22 2
8 333 349 3
3 180 191 2
10 367 382 9
4 179 186 5
5 390 401 4
2 469 472 2
1 242 253 4
6 263 277 5
2 485 491 8
8 192 205 10
7 86 102 7
7 182 192 7
6 335 342 9
6 77 91 7
2 292 298 6
4 402 409 1
8 54 63 2
10 486 506 5
9 200 211 9
7 145 159 6
