450
1.00 3.52 3.19 4.46 2.86 
33 789
23 46
20 442
27 632
28 309
26 1001
36 721
19 1071
9 1014
7 128
12 754
16 421
14 700
36 111
17 977
15 1183
23 570
21 644
32 1032
9 779
14 315
28 44
36 641
16 1234
31 721
30 1201
31 521
22 967
12 319
38 391
10 888
22 512
37 46
37 445
26 1243
39 540
20 229
24 386
5 809
21 1167
8 69
26 712
37 1227
32 1173
6 477
18 1104
6 1323
37 712
7 706
13 646
13 1122
28 1244
6 180
34 1026
22 627
25 967
7 491
16 709
26 622
20 978
25 78
10 319
14 801
32 309
38 124
33 218
23 785
16 460
11 551
21 577
28 1047
8 408
26 365
15 153
28 88
6 365
18 128
33 751
28 1106
35 935
29 918
8 1302
23 179
32 584
37 19
24 86
36 635
6 283
26 1271
13 808
20 221
9 707
32 414
11 922
23 290
32 216
32 562
7 253
28 551
30 617
14 466
34 214
21 979
10 1064
19 505
36 859
5 217
7 967
23 122
17 807
8 37
35 117
20 224
30 279
15 764
32 832
32 101
24 988
22 1159
24 809
38 161
6 805
26 204
31 148
18 903
21 609
33 878
6 1294
17 1206
27 27
25 1227
30 314
27 950
39 1067
37 1191
7 440
21 13
24 265
33 260
15 1347
33 127
20 387
37 1327
22 26
32 526
11 89
39 584
32 402
18 755
11 563
34 1038
36 1043
16 705
23 314
35 1028
33 830
15 327
24 674
15 97
28 0
18 982
21 1163
27 862
16 143
18 92
25 795
36 246
27 805
14 562
8 656
13 398
30 1040
30 367
22 877
36 268
29 1261
5 475
19 118
22 1217
36 592
26 1267
32 242
18 1011
36 896
7 372
12 1098
34 1245
8 1028
25 963
9 509
7 453
5 1076
24 351
23 1051
36 1123
28 1126
11 952
39 185
19 693
24 199
39 324
19 570
11 994
31 867
20 512
13 44
12 808
7 556
25 7
14 548
13 986
23 1166
13 985
38 169
37 1020
7 215
20 373
27 315
7 1313
36 1288
36 242
20 59
8 1197
37 1348
13 1306
37 333
23 1162
38 420
27 270
20 209
31 848
27 524
9 237
31 1311
12 510
17 1344
16 414
39 622
35 941
16 843
23 474
36 393
27 853
28 723
11 178
39 794
8 87
14 996
39 1122
34 1079
37 1136
27 868
33 440
31 1047
22 415
38 1140
29 1239
12 450
7 929
31 1132
38 739
30 305
39 193
16 1171
36 193
25 314
33 292
38 594
34 1095
6 1115
32 193
16 575
25 710
17 1187
17 124
32 1112
11 525
23 1279
15 854
6 1001
29 885
34 1286
18 800
20 315
21 1321
34 1085
19 796
39 961
7 794
31 324
19 191
26 418
28 816
7 96
39 359
35 359
32 880
18 968
23 1257
23 481
37 76
39 454
20 610
15 351
30 467
9 595
7 744
36 563
10 1312
6 357
36 994
38 877
11 1059
21 978
27 579
12 603
29 131
7 915
39 57
33 888
35 800
23 416
36 983
17 650
32 125
6 737
37 1194
15 792
38 352
27 707
6 332
24 111
20 709
15 210
24 369
24 955
22 1281
23 517
18 54
11 191
33 537
31 1239
11 80
15 1084
26 891
30 385
18 928
24 562
18 680
33 1095
38 150
34 694
12 182
11 997
10 739
38 703
35 193
9 868
31 1017
25 1059
37 402
33 835
37 397
36 735
10 149
17 50
17 532
15 902
9 1187
21 951
25 1348
37 679
8 1169
11 939
35 570
10 306
18 795
27 286
15 33
19 1168
8 216
29 772
33 879
34 87
34 382
31 1176
38 759
23 616
9 275
27 909
35 289
29 1162
28 432
18 873
20 98
8 722
35 1132
28 440
39 1241
27 360
36 369
32 730
29 1233
24 73
23 1204
36 706
13 321
15 969
37 387
13 909
35 69
17 265
31 1199
33 135
17 514
29 927
26 1063
16 860
23 1177
15 245
9 914
6 483
13 27
38 1041
36 151
24 1142
32 1334
14 708
26 815
25 66
14 1227
6 913
13 546
27 955
31 301
27 1021
20 545
13 253
22 71
34 403
18 1064
10 581
39 570
8 181
11 510
7 663
35 824
39 1205
15 1333
35 874
