100
1.00 4.71 2.75 2.50 4.63 
27 106
13 73
19 243
17 245
34 165
6 213
31 268
17 1
7 269
7 150
37 172
21 212
36 215
17 192
10 135
25 258
20 297
23 237
37 79
26 276
34 196
25 275
23 170
28 259
18 170
11 77
31 290
36 70
33 106
11 18
29 99
34 275
24 127
20 53
33 268
27 134
28 209
34 236
16 94
5 171
27 44
21 21
16 228
18 89
34 83
32 76
26 82
16 222
10 118
11 102
16 146
36 52
10 292
26 171
27 90
22 84
5 6
10 149
12 240
35 49
23 41
39 47
9 264
14 78
29 9
36 72
32 281
8 257
13 217
30 69
35 4
21 232
10 115
11 202
6 8
36 20
25 163
35 254
12 257
17 268
6 83
24 122
27 237
29 195
13 68
18 186
26 182
22 240
11 117
25 296
6 14
24 96
31 38
19 258
20 73
19 215
7 146
29 188
20 183
30 106
