250
1.00 3.90 3.62 4.26 2.48 
17 346
22 523
18 265
11 700
25 150
10 438
7 390
22 340
8 91
38 301
27 523
22 550
14 492
32 147
18 200
16 372
32 334
37 292
10 442
33 73
36 648
9 256
14 597
35 34
21 220
34 516
20 582
38 627
37 523
13 271
34 34
36 709
21 47
33 5
24 734
27 548
26 679
14 351
24 380
34 669
24 232
35 608
27 675
18 456
22 271
29 502
11 461
24 273
30 321
32 536
20 284
12 658
8 92
16 60
28 36
24 690
11 668
6 4
19 344
13 118
38 446
18 346
17 151
24 619
14 186
31 608
25 242
28 194
12 453
12 272
22 249
23 547
25 321
30 302
23 674
36 379
24 471
21 448
16 303
12 110
34 678
28 143
22 129
11 488
14 311
12 641
12 303
20 213
29 162
12 492
17 369
12 371
19 218
6 345
15 481
32 617
20 741
17 201
10 84
12 377
8 112
8 638
17 278
26 223
22 628
21 419
11 197
27 656
39 293
35 481
39 67
20 16
36 57
14 731
9 289
21 242
28 105
12 644
25 122
14 580
28 643
19 139
5 276
33 626
35 482
35 707
18 557
15 260
14 253
17 574
30 512
33 218
5 648
30 732
37 347
27 117
34 558
5 561
34 306
14 466
30 555
9 283
6 497
16 237
33 691
35 227
30 617
21 198
34 119
39 331
21 297
32 136
9 477
33 503
30 319
5 62
33 730
35 74
36 30
11 719
13 663
6 347
30 54
17 169
10 631
21 294
29 684
29 248
28 148
8 211
22 679
20 145
7 459
6 638
10 149
39 157
16 194
33 248
10 388
19 54
32 188
29 80
9 16
24 339
31 106
38 30
20 583
33 168
11 624
11 154
31 682
21 568
20 510
11 329
14 463
14 102
39 67
29 109
38 420
28 52
22 534
7 237
8 593
7 142
39 73
25 711
32 286
39 488
17 569
28 221
32 259
36 88
35 206
39 154
20 602
14 53
26 379
15 512
21 570
26 586
20 639
24 54
13 201
20 747
16 239
25 639
10 552
26 524
22 528
38 147
29 586
14 531
11 254
27 409
34 475
31 41
5 618
31 302
15 731
6 146
26 411
6 262
12 486
12 463
22 705
6 179
28 492
31 451
9 523
9 623
