500
1.00 2.50 4.45 1.77 2.31 
32 701
36 1263
32 464
15 1067
32 1263
7 659
5 1400
29 427
13 1415
33 962
31 167
8 645
13 837
28 1372
33 1296
6 423
19 255
33 692
20 664
6 572
11 955
31 115
27 794
11 643
14 1358
23 1112
17 1278
16 366
32 802
9 375
8 1379
22 1028
5 1077
29 853
28 1197
14 211
18 1092
10 929
37 108
13 434
12 1069
22 615
7 1387
32 672
33 1242
13 1216
18 161
25 260
15 1203
36 455
13 372
5 103
28 460
30 455
31 413
25 1045
33 309
34 1462
34 181
30 696
32 815
13 719
7 1247
14 1028
20 618
31 1309
34 59
32 125
25 594
30 755
37 1040
12 1280
20 784
18 90
16 1483
27 594
24 1399
38 885
33 1071
29 1495
27 788
37 1404
39 267
12 944
34 709
5 997
34 495
26 1198
30 956
24 538
17 915
18 741
21 1049
37 1050
19 1366
38 386
38 631
23 904
30 532
11 449
18 239
18 1490
27 1309
11 616
8 1463
25 23
33 1232
20 110
17 573
31 761
33 733
11 912
32 777
25 540
33 491
16 1124
22 99
21 1486
29 114
22 1177
34 395
36 132
11 1486
24 660
6 995
26 939
21 870
7 1310
21 808
25 1025
5 1146
26 1172
5 153
28 572
38 910
31 245
33 90
33 130
27 597
32 1340
15 1018
38 412
39 1043
36 840
15 519
8 406
32 835
7 1321
36 945
15 48
20 1225
23 478
25 338
18 189
7 13
27 1425
10 1064
30 879
8 1078
28 589
33 1421
19 1444
8 420
20 1361
39 1039
5 1320
12 1223
29 822
16 1374
21 816
25 586
24 1448
26 37
39 1484
34 673
21 829
32 512
39 1002
34 403
16 833
9 1411
26 697
9 132
28 445
20 882
20 1232
25 964
19 197
34 519
15 1476
26 1354
34 662
29 199
8 85
29 1383
24 540
27 21
21 1170
36 280
8 344
23 798
39 296
8 1163
11 19
33 811
12 779
38 251
13 209
23 1374
33 373
14 255
16 572
27 1045
36 1329
6 292
14 1039
35 738
26 1473
12 728
24 251
19 465
26 688
29 1287
33 621
39 413
24 185
21 17
23 545
8 339
16 442
32 1426
34 269
9 534
32 938
36 105
25 1020
16 1445
22 1444
6 986
24 264
38 372
37 250
6 764
20 1100
33 1244
13 186
33 1239
22 834
21 234
25 1204
22 772
32 711
19 1432
22 390
7 240
11 602
25 23
36 1167
35 388
15 1133
38 1082
15 609
8 1424
20 328
12 102
25 495
19 839
25 1267
5 856
37 279
21 737
24 1356
5 1355
29 1213
11 685
37 563
6 1323
34 1398
12 199
28 828
25 1082
10 602
19 716
33 353
38 831
25 270
39 1265
21 966
16 338
34 1303
15 1479
10 1139
23 1221
10 954
35 154
31 709
16 638
13 65
19 909
21 461
32 147
5 200
39 944
24 967
35 89
35 494
35 1194
27 792
14 946
17 1244
26 976
31 1097
32 147
22 993
34 528
10 1070
23 118
17 473
20 262
21 116
38 13
29 481
30 1355
15 551
37 880
6 181
25 380
24 680
31 967
31 402
6 512
21 1184
29 1003
13 1240
10 503
20 496
33 424
27 637
11 1048
9 1431
19 1393
38 1084
23 1488
7 1367
31 640
29 20
38 864
38 369
23 741
20 454
25 284
38 144
13 123
37 1474
14 962
6 741
22 532
5 1378
23 715
22 894
32 1188
21 641
24 190
28 1406
38 490
9 546
13 855
24 423
39 1359
21 143
6 386
12 277
15 829
22 431
25 577
7 1484
24 121
9 508
7 425
21 374
38 1157
34 821
21 1498
22 954
11 363
8 705
10 902
8 430
34 532
38 714
20 922
8 386
22 358
27 731
36 605
17 1406
9 1330
36 454
15 91
14 649
8 278
33 1323
30 732
27 777
20 69
38 412
24 430
25 1407
34 70
18 1366
37 330
27 1129
19 45
20 1030
14 152
36 139
25 770
21 142
7 622
21 989
33 1352
28 1044
9 1113
12 1076
27 879
35 1075
7 568
38 189
9 822
16 77
34 455
36 384
16 914
19 1409
11 958
6 959
10 509
20 539
6 351
6 980
27 352
35 691
34 83
39 258
10 129
13 1458
23 682
29 369
11 1038
25 245
28 954
26 1138
12 348
15 268
31 820
26 964
16 1005
28 1156
20 508
9 802
32 418
20 482
39 40
9 798
38 650
10 1214
29 624
11 235
28 197
20 208
8 797
24 164
27 142
9 622
25 1037
19 1038
24 321
10 1328
9 373
10 1203
31 974
36 1251
18 1347
24 749
10 528
28 1242
11 388
38 239
33 1175
10 577
34 967
32 1213
14 1455
20 317
36 1320
20 1102
8 218
7 1201
5 335
28 669
