400
1.00 1.98 1.58 3.51 3.67 
15 1097
36 166
9 491
19 913
31 1187
20 154
10 158
30 522
19 536
32 445
28 367
14 432
16 920
11 684
31 1105
36 146
32 23
28 1094
26 265
33 209
24 188
32 210
15 993
23 789
29 612
9 855
14 421
22 105
25 76
30 739
33 329
17 730
23 1114
26 629
24 369
5 524
16 533
17 562
30 487
6 485
5 24
16 323
32 42
23 1104
33 724
18 69
22 281
5 219
39 1051
21 136
11 587
12 153
38 677
37 625
17 746
10 561
5 270
12 1097
6 484
32 365
35 822
36 219
21 57
32 284
25 608
22 714
32 784
16 33
11 212
26 104
28 530
13 546
12 845
15 1184
6 124
12 329
36 395
34 253
9 1041
15 1174
10 34
5 512
34 1174
24 411
30 330
16 927
5 341
22 575
38 77
27 448
39 283
32 444
16 332
14 162
9 361
25 145
25 538
18 373
37 487
36 1040
7 319
29 45
32 668
29 289
22 758
6 1075
35 1063
15 669
6 1087
26 227
15 298
5 324
19 862
29 863
16 201
37 344
38 699
30 602
23 47
25 303
9 80
33 78
26 154
14 565
31 750
5 87
21 346
7 1015
31 248
37 806
17 1046
38 26
23 726
17 31
36 966
37 274
33 67
27 492
18 490
17 1035
21 1040
28 503
14 914
27 1028
35 271
23 515
25 596
9 558
38 984
12 292
19 826
11 833
33 743
18 274
6 289
10 360
16 108
25 763
11 363
32 144
8 234
32 862
20 13
15 157
35 1161
24 496
34 977
9 917
5 965
24 1179
6 885
27 1123
18 940
33 442
30 267
30 326
23 211
37 510
21 536
21 511
11 338
32 1052
20 85
31 806
8 451
18 77
9 560
22 885
28 919
36 508
20 252
7 1004
32 673
35 76
17 156
9 683
8 665
24 1088
22 1132
39 283
20 890
29 32
38 713
21 1046
28 693
31 187
14 388
27 1114
20 188
29 639
23 547
14 810
26 359
25 291
26 816
27 109
13 867
6 237
13 56
19 845
28 478
12 92
27 365
19 473
32 492
24 64
28 228
12 435
17 533
15 1037
33 248
38 83
12 100
24 268
34 421
25 963
17 154
32 298
5 1054
39 801
26 953
29 279
35 839
8 79
19 666
6 1095
31 891
16 614
7 7
27 628
29 584
29 1023
28 833
37 235
5 174
19 825
8 603
25 1195
31 964
32 966
31 637
23 457
14 691
24 1149
14 371
32 78
32 873
8 154
6 427
19 87
31 327
37 345
23 442
21 52
12 739
22 127
20 1192
22 506
23 439
17 177
35 1103
18 1169
7 32
14 491
18 480
6 503
9 32
17 507
8 1135
31 1115
31 749
11 371
14 1074
39 515
34 911
36 762
26 389
15 278
5 485
38 347
5 169
19 115
38 1121
5 1124
31 976
28 536
30 824
26 777
14 722
30 1147
33 931
38 671
22 604
15 901
13 673
11 769
17 1100
37 50
5 610
25 1055
25 1062
5 194
34 1149
34 1034
6 514
10 491
19 139
32 217
29 1196
32 629
36 586
13 918
36 114
14 524
36 763
37 498
33 490
8 322
18 421
19 1069
14 857
16 59
23 559
29 783
12 909
35 574
6 1129
15 194
6 820
26 379
7 1060
33 821
30 50
22 47
25 918
31 219
13 1087
39 818
32 696
25 762
8 551
30 378
7 1159
21 1100
21 488
6 676
13 966
38 673
20 936
18 1186
8 105
32 1195
7 12
5 328
22 700
7 353
7 498
7 430
24 74
29 1117
13 24
14 274
28 23
19 606
31 306
18 211
17 1159
29 678
23 168
5 1142
33 1076
33 461
12 1158
39 853
21 1132
39 1100
16 1195
37 715
32 992
23 579
