350
1.00 2.49 3.53 4.95 2.76 
12 50
15 695
8 794
25 552
22 778
16 367
6 582
12 819
16 847
38 165
10 276
15 965
21 40
20 917
15 845
9 61
6 911
31 911
29 715
34 646
15 725
6 165
25 397
39 604
9 39
25 577
9 240
31 1049
39 383
24 8
16 133
30 53
33 994
37 581
36 458
15 362
9 318
16 632
21 971
23 207
30 975
38 348
28 241
12 333
37 251
19 384
14 226
26 723
27 369
24 594
35 30
13 287
16 692
12 107
36 499
36 253
16 969
34 49
7 476
12 977
26 760
15 480
24 361
12 88
25 157
11 587
6 871
5 346
26 192
35 883
8 310
35 309
35 493
21 442
35 909
17 494
19 58
23 149
11 591
20 932
8 572
19 783
25 816
36 460
34 750
27 197
30 234
7 116
7 811
18 598
15 616
30 338
34 239
13 706
13 738
6 1000
31 1001
24 549
15 3
35 720
37 26
14 905
34 82
15 457
10 441
17 792
34 143
23 291
23 865
23 70
26 387
24 528
31 356
34 671
24 833
15 560
10 99
27 190
10 46
22 585
19 398
35 261
13 198
21 921
18 630
10 772
27 554
22 758
5 52
28 898
19 656
29 17
11 913
35 243
20 302
26 1014
25 611
37 278
36 642
31 470
5 729
30 462
29 357
30 1039
32 853
15 83
19 355
33 791
38 57
20 77
34 574
11 547
20 144
16 861
29 445
38 725
7 0
27 131
24 344
10 680
26 774
28 637
17 1014
12 552
16 159
32 563
25 570
10 479
18 558
21 297
23 50
9 926
6 220
25 964
6 1047
19 425
14 505
38 311
20 512
38 945
30 658
11 881
29 378
37 175
19 665
20 216
15 280
26 924
16 594
30 968
26 446
22 1014
22 308
30 196
36 295
30 857
30 344
18 798
20 902
7 264
17 291
6 341
32 453
16 522
26 110
18 840
23 487
36 210
11 227
7 745
12 311
18 614
11 903
7 274
24 930
39 891
37 494
25 150
24 925
12 351
30 874
33 635
22 565
36 365
36 452
38 462
6 52
9 99
36 657
31 77
30 67
16 315
28 632
38 144
20 328
22 816
35 971
35 166
38 56
26 456
19 123
27 796
23 48
6 636
26 1043
12 330
9 1009
36 333
30 28
27 582
28 868
28 396
31 154
28 268
25 819
35 684
38 230
32 199
15 987
8 177
35 309
5 482
11 794
36 598
19 938
23 250
22 492
24 890
32 25
18 703
5 715
8 588
25 496
14 71
13 831
8 605
10 910
7 604
22 1036
36 974
12 117
19 185
28 717
6 943
11 265
36 370
9 914
31 535
30 391
9 77
27 851
38 39
28 192
14 529
29 1019
29 10
37 584
25 171
15 907
20 421
32 342
24 643
39 692
33 448
8 617
32 912
17 639
7 310
35 756
24 673
9 403
32 451
35 941
18 145
19 11
11 847
13 302
23 808
20 970
14 424
7 176
25 743
35 563
17 317
9 964
10 814
7 540
30 180
35 1026
27 671
16 905
6 153
16 1027
5 84
15 335
14 731
26 352
24 1045
21 797
15 176
19 632
7 705
7 187
33 404
31 201
15 800
30 1021
38 645
38 213
30 202
