300
1.00 3.62 1.36 2.39 4.25 
11 204
8 648
13 834
10 513
38 173
20 885
28 887
32 870
20 139
27 512
19 244
20 536
37 362
30 192
38 705
13 292
26 825
24 159
20 878
26 63
6 357
12 849
34 527
20 160
15 516
39 51
27 258
31 81
24 800
8 425
33 361
38 742
20 161
26 77
15 49
10 505
14 702
26 369
35 732
28 528
37 688
9 357
17 440
11 522
10 829
15 23
17 826
8 630
34 251
32 533
5 252
37 670
26 206
34 898
30 106
17 106
6 470
15 734
38 889
31 486
17 807
31 693
19 187
37 399
26 486
37 332
26 517
20 47
36 787
5 800
34 354
7 52
15 630
10 753
25 305
8 689
33 240
29 852
7 166
14 454
9 108
18 221
14 277
13 415
31 607
37 506
34 878
15 181
21 515
15 334
10 488
32 541
25 654
8 288
28 182
23 586
36 740
24 153
12 101
10 611
23 584
31 797
34 583
20 99
29 755
37 402
15 202
12 839
31 351
11 364
14 219
9 180
5 786
28 223
6 15
22 863
30 377
18 20
12 2
7 399
27 597
31 185
25 411
9 342
9 21
8 584
16 497
13 544
38 134
29 632
22 653
30 254
20 801
16 268
21 270
18 36
36 569
39 690
7 311
21 628
39 199
18 393
11 164
26 777
22 852
8 88
26 674
12 160
37 682
14 136
13 18
23 55
8 515
29 330
7 30
39 333
24 205
38 75
21 404
33 799
33 560
39 142
32 241
6 282
10 163
22 165
13 612
5 355
32 495
29 156
34 628
24 386
8 271
30 57
22 62
17 859
8 858
38 282
32 412
17 608
25 504
26 835
32 583
17 61
15 418
10 629
9 865
21 406
32 149
39 872
16 220
10 593
5 863
36 142
12 882
24 186
28 645
14 765
5 459
28 57
37 406
28 185
37 66
18 303
34 503
27 291
30 523
14 496
13 805
38 355
6 807
19 886
9 110
15 848
31 635
13 614
9 800
38 63
10 489
38 842
35 249
7 731
38 116
31 85
35 233
27 804
33 111
18 371
23 71
20 319
33 273
15 164
29 357
5 379
32 256
12 14
15 483
17 580
30 709
22 636
5 712
19 39
39 182
8 759
33 117
37 155
28 200
36 660
7 11
16 659
10 789
17 264
21 185
8 333
17 612
24 316
22 584
8 520
23 476
32 695
31 418
14 535
37 540
27 414
10 220
31 528
12 110
12 35
39 515
30 58
17 331
21 813
35 47
5 516
17 481
10 10
13 791
5 352
5 386
39 561
28 182
26 661
14 606
8 753
10 518
10 133
32 408
34 544
10 207
14 199
36 781
34 828
8 41
15 33
19 824
39 194
38 51
25 767
37 892
26 738
