200
1.00 1.66 4.07 1.65 2.96 
12 331
18 399
6 362
29 174
7 113
12 216
24 362
10 456
21 446
8 299
27 313
20 464
17 86
19 320
25 160
21 208
38 65
26 181
35 390
39 119
9 418
8 193
29 577
6 144
7 544
23 153
12 132
31 400
21 528
32 151
24 380
11 436
23 146
18 302
26 113
5 369
30 248
34 247
19 563
35 577
25 402
10 343
18 507
10 565
16 588
8 119
12 333
29 102
12 238
9 595
24 5
32 555
14 323
22 363
38 455
35 286
34 114
15 429
28 333
23 574
18 168
18 353
11 197
24 70
37 173
22 115
14 289
20 45
20 427
25 581
15 509
12 69
22 314
27 530
10 524
18 52
34 502
18 340
36 267
10 382
18 279
31 375
14 165
31 520
23 376
15 300
38 93
30 270
20 560
16 87
8 175
19 431
25 221
12 457
27 456
10 580
5 84
37 446
24 384
19 164
29 18
39 408
37 359
11 506
15 582
28 299
21 126
35 381
16 292
29 71
15 386
31 352
37 348
25 57
26 484
24 168
14 569
10 186
34 276
30 265
15 507
33 23
30 273
20 17
10 245
14 407
18 402
10 91
15 199
32 192
26 80
21 301
15 141
21 538
29 90
29 146
25 127
29 106
16 320
37 57
20 143
7 16
28 560
21 332
36 462
38 594
24 204
34 66
24 247
23 23
24 170
33 118
8 466
24 253
39 459
30 30
5 546
10 235
37 300
38 516
28 327
13 96
6 304
14 448
23 165
15 162
25 596
30 428
11 548
35 359
14 130
33 303
19 150
39 96
19 247
14 227
14 316
18 121
30 277
34 367
13 273
21 594
9 465
39 229
13 261
38 9
9 285
27 517
12 315
18 486
16 367
39 584
17 419
26 118
30 369
37 550
10 145
35 88
14 287
10 113
