150
1.00 1.19 2.82 3.81 3.22 
37 17
36 373
32 189
14 350
25 59
12 143
13 129
23 412
6 356
12 347
37 381
10 298
24 181
6 370
21 390
22 432
12 52
17 40
30 371
22 60
24 236
30 138
22 242
22 294
26 432
18 332
18 70
29 48
30 328
11 272
32 445
20 282
29 115
31 68
10 73
22 399
23 195
35 412
10 3
25 38
6 110
5 46
32 129
24 230
14 220
19 59
13 113
36 377
12 445
8 264
15 67
5 193
28 147
6 72
8 19
7 251
33 196
17 438
18 108
33 91
11 86
6 164
17 188
10 45
12 332
35 107
11 277
36 375
27 418
25 148
29 210
10 333
16 264
6 132
21 101
13 370
39 184
27 414
9 251
36 270
39 284
36 430
15 272
22 306
28 220
12 361
14 265
36 73
6 202
27 328
14 173
8 112
16 276
37 141
38 17
31 181
27 105
31 429
29 324
12 349
7 25
36 190
10 253
14 102
13 16
18 428
22 316
17 387
29 235
13 235
6 111
37 110
11 163
33 119
39 434
29 113
30 377
36 218
35 129
14 7
28 190
12 161
25 209
20 404
30 334
34 361
7 310
38 250
31 448
14 91
28 123
38 127
5 298
30 90
11 106
26 299
14 262
9 281
12 361
19 214
16 431
12 389
17 324
17 446
13 125
14 76
16 271
6 413
20 29
32 187
