50
11 24 72 8
10 0 57 6
8 40 74 10
1 73 102 1
19 27 52 6
8 31 50 1
13 66 125 10
1 94 145 1
20 42 98 4
3 89 122 6
12 32 49 1
7 77 104 4
2 40 62 10
10 34 85 4
14 3 47 3
17 77 112 6
16 84 121 1
19 63 89 7
11 14 30 6
20 17 44 7
2 93 137 5
20 48 80 7
5 20 60 3
18 13 77 8
2 100 142 8
16 50 89 9
2 5 39 4
19 65 111 6
9 32 65 3
4 78 114 5
12 95 149 8
10 77 132 4
13 4 32 2
5 74 87 2
4 18 31 3
5 79 95 7
9 54 90 6
13 71 124 8
7 49 87 10
14 59 91 6
17 98 121 10
5 70 107 10
15 91 150 4
10 48 82 7
6 18 60 8
8 72 109 7
16 51 91 6
5 88 143 5
4 13 52 6
12 6 36 10