150
14 179 210 5
11 98 145 6
4 229 345 9
1 288 385 8
3 49 118 1
3 118 215 3
18 74 208 1
3 31 56 4
10 33 93 5
7 170 324 10
12 250 291 2
1 102 119 7
10 278 304 7
14 110 179 8
2 170 255 3
2 124 234 4
19 205 303 9
9 131 240 1
9 80 148 10
11 14 46 7
18 289 349 2
6 114 158 5
11 91 240 3
10 257 328 4
1 250 374 9
20 81 193 2
20 220 376 6
13 44 207 9
8 264 396 10
15 90 218 3
12 277 324 1
12 94 178 2
13 33 89 1
7 214 336 2
3 222 268 7
13 4 156 1
14 175 320 9
6 248 400 8
10 243 269 4
8 147 223 9
14 121 263 3
20 232 271 10
9 28 94 1
3 276 390 3
10 190 240 7
10 178 264 7
19 144 308 4
3 252 397 1
7 223 276 6
15 198 334 1
15 243 385 4
9 64 121 2
2 271 318 8
12 72 210 7
15 36 112 3
7 268 386 7
5 102 203 8
12 17 90 4
3 20 54 10
14 119 206 10
7 59 159 10
4 8 63 9
10 217 287 7
1 259 395 7
16 1 131 9
15 79 164 5
6 186 289 5
16 291 356 3
12 199 258 3
17 292 335 1
7 135 181 1
12 274 315 9
20 209 314 2
16 19 141 5
3 154 262 4
10 166 248 7
17 81 233 3
16 253 372 7
11 98 230 8
18 290 443 5
6 57 124 9
15 233 310 4
4 269 305 8
14 5 138 3
2 114 253 1
13 21 60 6
14 264 332 5
18 159 223 5
1 157 277 3
2 242 343 3
8 145 217 2
20 228 272 8
15 215 349 4
20 183 341 10
13 39 115 8
18 219 346 3
8 262 344 4
4 241 295 4
12 130 281 4
16 82 171 10
6 18 86 2
15 256 357 7
12 188 312 3
10 26 66 9
13 98 242 4
19 193 249 1
10 135 226 1
3 105 257 6
14 272 314 1
18 107 151 2
8 76 123 8
9 140 299 5
6 78 196 8
12 243 376 6
13 25 65 8
15 94 196 2
4 21 47 6
6 223 248 9
2 58 91 4
6 29 60 10
7 194 275 7
2 192 320 7
13 26 160 6
12 162 312 9
9 171 291 1
6 150 233 2
10 143 241 8
4 43 117 2
7 53 91 10
8 56 167 5
15 223 304 10
8 4 146 9
2 72 109 8
1 111 160 5
16 74 220 8
15 21 52 8
5 283 326 4
4 283 412 3
4 214 286 6
15 294 342 5
19 155 244 4
5 75 176 8
17 189 258 7
14 188 269 9
8 243 297 4
7 223 380 7
3 48 125 4
10 128 274 4
3 299 406 8
16 242 365 4