300
1 172 361 8
11 491 716 8
6 489 611 5
6 45 190 6
17 525 826 1
20 162 420 1
15 375 688 6
10 104 216 6
6 249 436 6
15 224 376 7
1 4 86 10
1 347 518 3
4 260 537 5
4 277 341 5
8 462 501 10
19 24 104 3
9 279 397 1
3 238 505 9
3 432 471 4
16 418 505 7
11 443 711 7
20 188 438 5
1 518 632 7
14 429 565 10
14 329 560 6
3 18 307 5
1 502 596 10
6 300 567 5
14 29 272 8
5 163 219 6
11 144 264 2
13 512 717 4
14 97 203 7
2 502 755 7
18 575 798 5
9 540 710 2
17 233 486 5
18 28 321 5
8 23 137 9
18 0 179 6
12 570 615 10
20 519 581 7
19 50 302 4
18 68 149 5
5 43 240 6
20 571 818 4
11 246 379 9
4 133 204 9
18 276 579 3
12 515 654 2
11 133 193 2
17 117 251 6
18 68 326 9
17 395 532 4
6 226 526 5
5 219 299 1
14 582 685 8
18 91 317 9
6 343 584 8
18 542 712 6
13 554 728 5
10 386 542 5
12 527 717 5
17 14 329 8
3 482 540 10
3 137 284 3
17 114 401 1
6 361 521 2
4 482 566 1
19 113 321 10
2 308 357 1
19 48 99 7
14 593 667 1
11 517 710 8
17 295 496 2
3 494 633 6
18 247 316 4
12 88 281 5
14 545 776 3
10 157 381 9
19 429 492 4
17 130 186 10
13 49 220 10
18 180 465 10
7 452 559 9
13 308 524 1
19 403 507 10
20 538 613 2
13 201 410 4
10 424 487 5
16 127 337 7
17 354 453 5
14 584 898 7
3 59 222 7
19 293 482 7
15 599 674 8
17 0 217 9
17 535 787 9
8 172 405 3
14 467 648 1
18 339 425 6
14 58 248 7
14 536 717 9
13 173 332 10
14 514 766 7
18 454 728 4
8 316 432 4
14 88 271 10
1 199 244 2
5 579 753 8
1 212 308 1
1 561 815 2
6 212 314 5
1 10 102 6
13 339 410 5
19 34 253 9
11 262 357 5
13 453 588 5
6 572 676 2
7 507 689 1
9 562 709 7
11 30 113 8
12 46 262 5
12 372 463 2
9 562 840 6
12 389 456 6
19 1 108 5
18 392 701 8
17 397 618 10
4 342 497 5
7 423 686 5
18 377 518 9
1 183 440 8
3 544 631 4
14 183 268 2
11 36 344 4
4 407 462 3
9 536 776 8
9 11 160 8
13 54 166 5
2 390 644 2
14 113 368 2
3 161 344 9
15 282 534 8
9 33 136 9
2 225 352 4
18 130 415 10
19 253 527 5
6 406 507 7
9 560 863 7
12 588 770 7
14 440 510 4
13 502 622 1
5 45 320 8
13 69 248 6
14 490 780 9
15 367 459 3
16 451 595 4
2 234 321 7
11 207 452 2
10 125 351 1
15 248 438 5
13 410 548 7
11 300 382 8
19 263 513 10
16 36 275 8
2 57 191 6
11 32 217 6
5 7 45 7
13 435 716 7
5 299 431 7
2 348 466 8
6 242 299 5
13 134 288 10
8 256 445 3
9 212 304 6
20 550 696 10
2 571 744 5
15 395 472 5
6 111 285 2
1 274 460 2
4 279 491 2
2 118 246 6
9 561 684 1
18 519 773 7
3 57 263 3
14 159 299 5
19 49 334 3
3 6 101 8
12 84 139 8
11 477 620 4
11 204 457 7
5 590 693 8
6 495 691 5
18 344 656 6
20 585 819 9
4 197 443 9
14 73 290 1
7 307 555 2
2 329 564 4
19 342 616 9
7 287 442 6
19 580 691 6
7 377 459 7
1 381 482 2
10 354 624 6
18 298 488 7
14 241 354 5
16 565 785 6
9 24 295 7
18 274 439 1
1 105 332 5
4 429 723 2
13 198 382 9
14 370 619 2
1 505 756 7
7 55 139 6
1 482 616 8
5 486 624 1
14 447 557 2
9 33 245 9
4 523 620 1
2 194 437 8
11 255 549 10
4 475 540 2
5 5 45 10
11 360 631 2
15 410 595 2
6 466 503 5
9 309 487 10
3 467 682 2
20 151 320 5
4 170 473 5
11 547 706 6
3 98 255 1
6 319 556 10
3 188 378 7
1 578 779 8
10 34 177 6
8 467 751 10
18 168 480 8
11 19 68 10
11 70 195 7
11 377 668 4
13 391 543 7
18 47 97 10
11 526 837 7
20 507 673 4
6 275 393 3
20 441 501 5
16 260 534 2
18 201 464 9
11 149 277 7
19 486 664 2
6 439 590 2
9 2 117 7
3 242 465 9
13 582 650 6
20 152 376 1
16 290 539 8
13 347 521 4
14 380 517 2
2 31 166 7
15 301 420 2
20 241 551 6
17 356 673 6
11 323 369 8
1 360 644 9
20 66 133 3
9 529 759 6
2 551 707 8
16 516 822 4
11 25 89 7
16 464 712 4
14 426 643 4
10 134 372 9
7 40 326 3
2 1 105 1
4 32 282 7
5 125 376 7
14 113 293 7
13 486 766 4
2 314 352 6
19 147 438 1
8 159 438 2
19 384 682 3
13 65 306 9
12 350 623 3
11 248 554 8
14 558 727 8
8 488 547 9
10 434 693 4
15 558 871 10
1 170 320 10
5 322 574 10
4 363 397 1
2 49 178 6
20 271 417 7
19 492 658 8
8 85 281 5