100
8 31 69 2
9 191 299 9
7 64 108 4
19 139 198 4
2 200 232 10
3 176 196 5
7 122 207 5
12 82 169 7
9 19 50 3
11 74 111 6
11 180 231 6
18 81 127 1
14 83 180 2
5 176 264 9
1 2 60 9
14 77 115 5
10 92 153 10
19 13 107 5
16 185 291 8
9 187 265 7
5 63 166 1
4 129 158 1
14 115 211 9
12 106 186 1
10 163 247 4
12 168 214 7
10 71 91 2
3 105 199 7
15 113 209 6
13 173 248 2
11 75 107 2
14 187 283 2
2 47 115 3
17 159 246 6
1 93 161 3
16 127 158 1
18 75 159 2
12 198 269 9
2 150 176 2
20 41 148 8
4 97 175 6
12 196 244 7
11 79 131 9
9 165 249 10
6 117 181 2
12 196 302 7
11 112 135 1
5 13 88 8
1 11 57 9
9 165 219 7
12 48 106 9
19 81 168 4
4 22 52 8
9 73 148 4
3 196 283 10
11 172 195 4
7 167 248 7
9 42 68 2
19 34 106 5
8 135 177 6
2 193 208 2
20 167 238 8
13 98 142 4
20 159 239 7
11 159 259 8
17 0 111 10
12 69 143 4
5 104 187 5
17 55 97 9
8 131 230 6
6 34 66 7
2 122 192 8
13 20 102 7
18 152 200 4
7 61 144 2
3 147 188 2
7 46 101 4
16 132 248 2
8 18 57 3
9 52 144 1
11 30 58 7
2 82 153 2
14 104 170 1
12 140 236 1
19 156 253 10
11 100 191 10
7 190 273 6
15 0 45 8
9 197 236 7
13 194 234 7
17 130 190 6
7 80 138 4
2 37 51 4
7 67 137 6
16 47 74 3
17 17 62 4
17 92 121 5
15 99 138 2
13 151 229 4
1 105 177 1