350
4 174 190 7
20 84 112 8
4 184 198 1
7 85 119 20
14 100 137 14
13 38 66 17
2 94 101 6
6 125 136 12
1 40 53 17
17 185 203 10
2 182 222 6
3 194 210 2
11 20 63 16
9 82 138 18
20 82 142 9
15 180 240 2
9 81 101 15
8 155 191 16
20 58 118 2
14 171 218 1
8 72 97 1
11 67 117 15
19 142 194 13
13 17 32 5
19 82 102 4
7 156 208 3
3 109 128 13
13 95 151 14
5 53 85 14
9 110 158 7
17 79 142 9
17 67 108 10
1 77 92 14
11 33 76 3
5 35 63 6
7 128 165 3
16 32 88 16
2 28 41 15
11 31 43 9
14 60 90 17
5 74 104 19
5 46 97 5
11 138 175 2
4 180 198 10
20 195 232 18
10 50 99 20
8 172 220 14
4 157 205 13
17 141 200 12
5 128 165 12
18 50 90 11
2 4 40 6
7 134 187 18
3 124 156 18
12 190 220 17
7 29 66 11
16 3 33 18
7 182 209 7
5 177 212 17
6 65 73 9
10 104 118 20
8 100 150 10
16 187 228 7
9 34 61 11
14 130 162 3
12 32 66 3
1 195 203 6
9 38 95 10
7 163 218 15
14 190 232 5
11 73 95 11
4 160 174 13
17 54 113 10
1 164 177 12
11 91 111 18
2 114 147 4
2 39 57 9
2 132 183 19
7 127 142 7
6 189 234 16
9 148 183 5
11 91 117 16
19 141 205 13
13 69 122 4
5 168 196 17
6 4 16 3
9 23 37 2
6 152 180 10
10 171 190 18
8 18 40 1
13 47 75 6
9 47 71 18
17 57 93 8
1 58 64 3
15 40 104 11
14 135 171 12
13 174 237 6
12 191 253 13
4 37 42 20
3 64 106 17
7 25 77 15
10 134 147 5
5 2 55 11
1 198 200 5
19 44 91 19
6 159 198 13
1 159 181 8
20 163 215 20
8 82 108 20
13 191 230 4
17 144 179 12
9 17 63 9
14 157 172 4
13 76 130 3
7 116 149 15
9 76 128 4
19 13 69 16
12 51 98 3
12 120 151 20
8 24 82 13
19 130 184 5
11 58 103 5
2 98 148 3
11 54 107 20
7 172 196 20
7 138 181 20
17 136 175 9
13 10 50 18
12 23 70 19
16 1 33 7
12 58 119 1
19 124 166 2
2 94 101 7
17 71 109 3
17 134 188 7
9 60 88 18
10 49 68 10
7 185 206 14
20 67 91 8
14 58 73 9
1 73 97 11
1 15 27 2
6 190 208 10
19 111 156 5
18 130 179 7
20 51 86 6
19 38 64 1
14 109 168 17
9 136 149 9
9 94 153 13
8 45 71 14
15 88 117 18
3 115 128 16
20 51 85 7
10 96 131 14
1 1 37 9
5 148 171 5
2 93 136 13
9 12 52 12
9 168 192 15
4 50 101 17
12 18 53 10
12 191 248 13
1 107 153 14
5 81 113 2
5 56 106 3
5 110 121 16
11 115 143 5
17 22 86 6
19 138 166 11
11 109 129 15
12 191 215 15
18 181 229 8
9 142 156 19
3 180 231 20
18 11 65 5
5 57 94 9
15 99 128 2
20 107 173 18
11 199 254 13
2 187 194 1
8 112 122 10
5 34 66 5
17 14 80 13
10 1 46 16
19 43 94 15
15 115 166 8
11 146 162 12
5 28 55 20
5 3 33 13
19 190 237 20
6 101 114 10
9 104 162 15
5 170 183 4
10 40 58 11
20 122 149 20
15 2 48 13
13 128 158 6
4 176 198 4
12 26 50 14
15 38 72 14
11 112 147 1
6 109 152 1
12 16 64 18
20 80 116 4
20 157 179 1
20 175 226 7
10 6 27 14
1 44 68 15
5 23 69 20
1 75 126 1
14 133 189 11
5 46 55 15
7 17 33 13
14 182 244 20
8 57 87 11
2 15 47 4
14 126 163 6
11 95 145 1
6 173 208 10
11 73 105 1
11 160 181 7
11 53 101 12
3 55 86 13
20 149 193 11
14 91 145 6
13 156 217 11
20 76 135 14
1 13 32 9
2 68 83 12
4 7 20 6
11 34 69 6
8 60 84 10
3 192 228 3
17 141 182 10
9 156 177 2
17 134 176 20
5 111 158 14
12 78 117 17
8 20 73 7
3 20 37 2
15 87 105 14
19 32 88 14
1 79 115 12
4 17 36 17
13 126 171 2
6 191 211 7
16 137 169 18
3 146 160 10
16 165 210 15
1 20 53 3
18 7 46 12
18 197 259 8
3 16 49 14
9 199 229 17
17 48 109 16
9 176 225 13
12 98 145 16
6 130 153 16
17 12 36 15
7 178 198 13
5 19 39 8
4 179 213 15
10 91 118 5
11 195 223 11
12 137 168 10
15 197 231 17
1 89 135 15
13 79 101 7
8 198 217 9
6 94 113 9
6 29 80 14
5 162 190 2
11 104 152 3
9 74 104 12
4 172 207 11
3 89 94 7
12 130 171 20
3 67 110 8
19 53 97 10
9 149 195 8
2 45 61 20
4 2 23 3
19 11 35 2
8 101 151 15
7 87 110 17
1 149 182 7
12 48 102 9
7 164 200 18
6 12 67 5
13 96 140 14
13 76 95 17
20 82 115 18
9 18 29 7
5 48 57 20
19 96 138 11
17 144 164 8
4 153 195 12
11 119 138 2
10 159 184 14
12 143 193 13
4 62 110 13
15 165 225 19
14 107 159 19
4 71 87 1
17 107 125 6
3 46 56 20
15 106 122 16
11 111 141 3
20 139 165 17
19 181 240 17
18 125 159 7
17 41 60 6
8 2 30 7
5 157 188 14
17 19 69 7
3 166 219 5
17 61 86 20
4 61 96 9
16 128 158 7
3 42 46 9
20 128 192 13
20 54 89 6
13 117 171 2
13 119 154 12
14 44 100 13
16 182 218 3
4 187 194 16
19 189 214 11
18 78 137 18
9 49 79 6
14 65 94 15
4 104 126 14
3 116 132 19
18 21 71 11
8 55 111 3
17 71 98 5
6 177 198 4
17 75 118 4
8 17 50 12
16 36 87 6
16 164 222 16
7 48 79 17
10 177 222 4
13 139 166 18
10 48 91 2
14 74 134 8
13 24 65 10
9 112 132 11
8 46 104 1
