150
16 58 85 17
5 185 238 1
18 146 200 5
3 81 100 5
11 13 45 9
5 119 142 2
19 130 188 6
11 129 169 11
7 107 130 18
10 23 68 1
11 86 138 15
4 176 228 11
2 167 207 7
3 197 236 11
12 165 224 18
15 107 159 6
2 72 118 15
5 120 128 18
18 188 241 11
4 81 128 8
12 104 133 20
12 100 129 3
11 18 73 17
15 118 147 12
1 92 129 16
11 170 229 6
4 145 151 19
18 2 63 2
10 135 192 2
19 121 182 10
18 145 210 11
7 69 96 13
9 118 168 11
1 120 169 1
8 105 141 12
8 4 34 17
8 43 86 16
16 50 102 20
9 97 109 6
12 158 181 1
5 133 144 10
11 120 134 4
8 34 72 19
8 22 33 15
18 36 79 10
4 40 50 12
16 144 164 14
1 51 62 11
2 86 101 15
5 148 198 18
4 27 81 16
7 181 198 9
17 26 86 14
2 89 135 17
16 195 232 16
19 66 134 7
8 178 191 12
12 170 188 2
3 67 119 8
19 166 192 18
14 184 215 15
6 67 120 13
6 8 38 5
8 50 106 9
13 171 216 19
10 78 91 19
1 137 157 7
13 15 40 12
3 64 82 19
14 1 22 18
9 8 33 15
19 155 185 13
15 42 106 3
12 199 241 2
7 187 225 15
6 114 152 4
7 57 85 4
4 174 197 19
11 85 102 1
10 145 170 6
5 11 48 14
18 94 139 12
3 79 117 8
19 144 206 12
10 49 85 8
9 12 35 7
13 7 56 13
12 164 202 9
6 77 86 4
13 96 153 4
4 150 177 1
10 36 76 14
13 10 36 15
6 20 50 7
18 3 42 9
2 181 193 18
16 40 94 16
20 105 171 10
17 61 96 18
2 80 117 4
7 178 189 16
18 69 118 7
1 12 29 11
7 37 50 14
12 47 98 7
2 25 31 9
19 174 226 9
16 146 182 8
11 71 122 3
1 148 178 8
12 14 58 4
10 185 212 15
17 82 113 4
1 21 36 1
14 122 181 4
6 137 159 11
11 119 143 13
3 173 177 6
16 57 77 14
9 34 85 11
20 101 142 9
16 71 107 8
4 16 67 18
17 30 73 17
10 102 126 9
3 76 90 3
7 25 33 20
19 190 257 10
20 45 94 7
20 66 92 15
11 12 65 4
6 107 127 6
12 158 178 4
20 45 80 7
8 76 96 18
13 145 193 15
20 181 245 6
15 71 102 7
3 110 132 12
16 134 159 2
11 101 136 13
12 80 133 19
3 134 141 20
11 147 194 16
6 182 220 15
12 5 30 2
17 71 137 8
17 60 110 4
12 184 224 12
1 174 207 19
