300
9 25 73 4
18 123 176 17
1 95 111 14
18 86 106 15
5 165 174 12
15 73 104 8
17 164 186 6
12 54 74 8
14 36 68 10
1 50 55 13
3 58 84 11
6 128 166 7
5 53 74 16
10 111 163 6
12 169 193 5
15 57 99 8
12 94 143 8
20 8 51 5
1 83 119 7
19 47 107 10
5 113 158 14
16 5 62 1
19 156 213 14
1 118 135 1
18 156 210 17
3 65 70 20
19 126 177 13
10 194 250 11
11 58 95 15
13 165 214 6
7 148 178 16
20 132 184 6
11 192 230 2
17 142 185 1
5 68 85 16
3 16 66 6
2 49 76 13
4 96 141 10
9 118 140 18
20 160 191 6
2 184 196 11
15 18 67 1
13 98 157 16
19 38 62 7
1 140 150 18
8 194 205 12
20 63 122 20
12 80 106 8
16 33 75 8
18 188 219 15
9 65 113 5
6 131 183 2
5 13 50 11
17 194 235 18
6 185 210 19
7 138 195 2
16 130 188 11
2 53 88 1
7 9 49 7
18 56 118 9
3 99 104 17
1 5 38 17
15 180 209 3
4 42 56 20
4 51 101 10
12 26 81 17
7 78 86 11
18 35 78 10
8 60 80 6
16 62 96 13
17 123 146 5
16 189 246 19
7 53 108 12
20 118 170 12
5 86 117 7
1 197 241 8
10 102 157 12
4 183 225 6
11 186 205 11
9 24 53 20
4 39 74 11
4 179 207 1
20 18 43 19
16 74 128 1
5 7 57 17
17 183 205 17
7 121 147 17
12 40 61 17
14 187 244 3
18 188 251 3
3 8 32 1
20 65 106 20
8 198 228 3
15 24 54 10
19 199 221 1
13 1 60 7
10 132 151 13
18 57 97 17
9 79 118 12
15 106 170 10
5 58 107 7
12 122 159 13
3 50 71 10
18 35 62 13
9 95 144 7
1 130 153 20
13 84 132 10
14 145 182 9
15 170 208 18
8 149 206 12
2 177 185 8
11 110 149 16
8 20 61 18
13 99 133 20
9 125 144 8
3 26 43 7
20 167 189 20
18 12 71 13
19 175 212 4
18 125 155 15
14 69 125 20
4 158 204 6
2 175 227 9
9 181 215 16
16 26 60 2
4 154 162 13
14 43 93 20
6 35 67 6
6 182 213 13
4 191 209 11
16 85 116 7
9 109 125 2
12 52 80 18
8 114 123 3
1 43 62 4
1 69 117 18
14 123 168 15
2 11 42 16
7 122 153 11
15 8 50 16
20 147 170 14
3 132 185 12
12 55 109 3
11 131 176 20
3 105 137 5
6 189 207 10
16 25 58 5
13 44 99 2
10 140 179 7
1 76 84 13
11 5 42 7
15 7 26 1
11 171 202 17
6 35 42 12
3 153 166 18
8 136 173 1
7 10 46 9
7 133 181 20
8 69 118 3
16 105 140 17
6 82 134 15
11 182 202 4
18 107 137 17
5 6 56 15
16 47 64 5
2 151 175 8
15 140 203 13
5 106 155 15
10 68 116 8
14 110 132 4
2 174 201 18
10 9 21 2
8 65 109 12
12 145 159 8
12 94 142 13
18 140 200 15
18 116 161 9
10 178 189 6
19 152 208 6
7 117 130 2
11 58 85 10
14 126 184 12
11 17 34 17
20 69 94 20
7 190 223 3
19 44 108 3
10 135 175 6
14 17 40 16
13 124 156 1
8 166 190 5
3 135 162 5
8 133 152 15
16 193 217 2
20 197 218 20
9 59 92 5
8 199 224 5
7 68 92 2
15 48 97 19
16 26 70 11
7 1 34 10
1 75 113 7
17 143 180 7
15 192 243 17
10 166 191 4
10 108 160 6
11 55 114 8
13 180 238 19
19 48 113 14
11 9 54 7
3 29 38 3
7 143 154 4
13 125 140 1
20 26 69 11
12 78 104 1
4 128 177 18
13 25 47 10
20 130 172 4
14 43 69 5
9 58 99 13
13 12 62 5
8 106 146 2
6 171 204 16
1 194 234 9
2 66 85 14
6 47 63 16
18 176 228 17
12 123 143 7
17 159 221 14
4 133 150 18
11 171 193 17
5 95 113 10
4 145 192 9
10 133 159 6
6 67 121 3
15 124 145 12
6 191 227 16
7 21 47 14
7 108 151 15
10 176 213 10
7 8 63 17
2 159 200 2
13 113 133 19
20 38 90 16
7 188 215 18
20 101 125 11
14 9 64 10
6 128 137 6
11 168 199 14
19 94 151 6
3 143 173 19
7 4 51 13
14 47 82 10
5 64 89 3
10 3 14 12
17 1 54 8
8 170 226 19
3 74 112 18
6 88 107 4
1 104 106 15
5 156 201 9
16 53 106 8
9 128 145 3
8 85 109 4
9 3 15 10
1 12 23 2
7 43 60 2
17 154 204 1
8 25 42 18
9 143 165 7
13 39 72 11
12 111 167 9
3 64 108 13
10 128 187 12
2 98 121 1
12 13 57 4
14 158 209 12
18 54 116 18
11 197 240 7
6 79 94 4
20 163 199 16
1 128 175 11
19 74 102 16
3 61 83 10
12 117 162 7
14 65 111 7
16 101 166 9
15 21 66 11
20 117 151 2
16 86 107 20
1 49 63 1
4 188 238 20
8 22 60 6
3 91 98 20
5 102 150 2
8 64 109 3
4 109 124 8
6 60 93 17
15 161 226 9
9 51 73 6
11 111 131 2
