250
9 37 83 9
1 102 131 17
13 130 192 5
7 104 118 17
19 62 90 2
16 23 76 3
4 72 79 8
3 83 104 1
13 83 134 13
12 75 131 14
10 188 245 17
2 50 88 17
18 62 100 15
17 83 142 16
6 31 44 1
1 137 139 19
14 176 211 16
10 57 79 2
13 88 108 8
18 189 238 3
6 139 182 5
4 20 32 16
3 73 86 10
17 192 214 16
13 116 148 9
18 14 47 4
19 132 189 15
11 173 205 7
12 181 215 5
1 42 61 18
9 156 209 17
7 13 48 7
8 191 215 17
18 44 97 15
9 72 88 12
5 88 128 15
17 181 219 1
1 92 117 6
12 198 249 4
16 15 46 14
6 17 49 11
12 171 202 19
8 102 151 7
8 93 102 6
7 64 113 12
20 110 179 16
4 168 204 14
8 54 77 19
17 15 66 1
5 84 99 9
5 71 119 1
14 151 212 10
7 141 178 3
2 169 189 10
4 66 89 19
18 105 131 9
15 154 178 11
4 1 25 9
12 7 65 8
10 24 40 20
12 128 155 7
18 139 191 2
8 1 21 13
15 79 111 17
11 101 136 15
11 54 90 15
9 80 130 3
12 156 195 4
17 179 212 9
6 108 142 13
18 134 177 15
7 144 154 14
20 65 120 15
13 145 197 20
2 193 207 3
18 5 63 15
10 131 180 8
18 189 223 2
13 105 144 8
5 43 92 16
11 154 170 10
10 153 182 5
9 176 187 10
20 19 42 11
4 85 113 18
16 87 142 16
11 17 66 18
13 133 170 5
12 46 63 15
20 183 204 19
19 130 184 17
2 162 179 19
7 24 35 10
14 119 147 11
4 23 77 8
14 191 252 20
3 140 173 13
11 58 103 15
12 4 17 16
10 16 28 12
5 54 81 13
5 92 106 9
6 14 49 2
20 85 120 13
7 82 107 5
20 128 173 11
8 82 139 11
2 44 93 19
15 166 190 3
3 18 62 11
8 8 64 14
10 171 230 5
18 3 35 12
14 61 100 20
5 163 207 15
19 70 109 10
7 16 26 18
8 194 240 15
5 106 150 10
1 60 101 3
12 77 120 3
15 2 35 12
2 156 205 20
19 150 188 14
4 149 161 20
3 64 108 9
8 70 111 16
14 172 223 15
15 107 161 4
10 167 178 10
9 54 107 6
18 104 149 17
1 122 169 14
20 168 237 14
8 174 214 6
3 22 40 17
8 178 200 10
7 170 219 3
4 111 147 15
11 16 65 11
13 176 192 13
20 51 80 20
15 29 88 4
11 13 59 4
20 114 165 13
5 169 217 2
2 103 136 3
3 135 164 4
11 84 145 8
15 158 219 5
10 113 130 8
19 162 202 2
12 94 143 7
12 126 142 15
5 148 156 11
16 96 138 19
3 129 163 3
1 136 159 16
15 177 224 19
20 180 241 4
17 88 151 3
18 47 107 8
13 156 202 2
15 135 168 1
18 166 204 10
14 59 122 6
20 28 74 19
5 22 60 16
14 58 122 14
9 148 176 5
14 155 212 11
14 90 134 17
1 126 153 3
7 8 47 17
17 48 81 13
15 146 172 6
19 87 144 9
19 115 171 9
14 198 241 4
13 66 83 10
10 48 100 1
19 105 128 15
1 83 118 4
2 159 208 10
14 191 216 14
18 103 140 14
19 34 95 5
5 169 186 19
4 86 112 15
17 136 163 10
8 102 116 15
3 153 174 5
6 194 212 12
15 41 89 20
8 54 84 3
15 52 73 9
8 132 183 7
20 64 88 15
7 14 69 19
16 15 64 13
15 15 37 9
12 140 178 16
9 154 213 7
13 117 164 1
11 199 235 4
13 145 198 15
16 181 203 16
2 169 175 9
12 106 125 14
20 107 155 13
2 102 128 19
8 160 185 13
13 62 109 18
7 139 189 13
1 65 92 3
5 24 60 20
7 126 148 14
20 43 102 16
6 112 139 18
11 143 162 8
7 198 222 4
15 112 133 8
6 198 214 3
18 80 102 2
15 13 68 1
1 149 197 9
7 192 241 18
20 141 169 6
15 126 161 11
15 134 187 20
4 83 106 6
1 122 154 16
18 101 134 13
5 74 116 9
4 169 182 10
11 173 185 19
8 41 92 8
17 119 165 9
7 90 127 12
3 197 222 8
8 188 203 2
11 135 182 14
11 135 176 19
16 37 80 7
17 165 193 20
9 194 227 9
3 122 161 17
13 38 60 11
12 29 77 20
10 127 164 9
