450
14 164 214 18
1 167 198 20
10 45 61 16
8 23 52 10
17 30 90 9
20 93 140 2
3 118 136 10
6 16 27 7
6 97 142 6
18 59 124 6
13 91 127 15
17 160 185 17
20 20 79 15
5 7 13 7
6 70 106 6
12 165 188 10
15 52 75 20
10 14 61 17
18 131 179 11
13 11 37 17
6 93 117 2
11 113 161 2
9 56 94 17
11 120 162 15
3 194 217 9
7 75 107 12
14 48 69 11
19 35 56 18
13 66 123 7
1 199 216 2
9 139 188 4
15 33 70 3
19 136 171 18
12 147 196 19
18 42 102 1
6 134 179 14
13 131 159 20
20 119 181 17
15 126 152 20
2 82 114 8
18 67 91 18
19 66 118 11
12 160 174 15
13 144 165 8
2 117 163 18
11 82 121 16
1 44 67 17
18 102 127 12
7 113 158 14
19 72 118 19
5 136 147 4
11 82 133 3
14 73 121 13
19 166 226 4
5 16 65 9
7 196 250 14
3 12 43 1
11 161 213 20
17 2 46 8
7 71 80 19
20 151 176 3
20 17 47 18
16 21 64 17
1 115 159 5
9 109 139 18
18 78 130 5
4 32 37 19
13 71 95 11
11 112 164 19
10 36 64 8
14 57 94 19
14 42 97 13
2 175 196 20
16 41 102 1
5 46 58 2
8 72 120 2
20 2 65 4
14 16 35 9
15 152 178 17
5 170 184 12
1 135 149 20
17 77 131 3
2 161 168 20
11 77 95 4
13 67 84 17
16 59 91 8
6 126 180 20
4 167 175 20
11 134 190 4
10 126 149 15
3 85 101 20
11 125 170 7
12 198 259 9
2 81 91 15
13 143 162 8
19 186 246 14
5 76 114 12
6 26 74 12
7 4 46 13
11 167 204 15
15 50 104 9
12 195 222 2
20 27 97 6
6 141 196 10
18 81 135 3
18 187 250 18
19 14 74 3
6 53 63 11
19 145 208 9
3 69 90 15
10 155 176 19
18 160 213 12
5 119 172 9
20 157 220 1
5 175 224 19
6 187 203 4
14 51 94 20
13 164 210 19
1 194 235 5
15 87 121 1
14 13 71 16
9 79 116 16
9 84 96 5
11 144 164 4
1 160 192 3
8 36 65 11
16 62 126 17
5 100 128 12
12 132 152 12
8 17 43 5
5 159 191 6
8 28 67 16
3 172 204 7
17 176 199 16
8 42 72 7
10 151 185 12
12 64 126 13
8 90 119 2
1 50 78 16
5 68 105 5
7 50 89 4
6 56 85 3
19 145 178 16
12 157 191 3
3 42 79 20
4 85 93 13
8 105 122 2
6 94 144 6
4 95 136 9
15 121 185 15
5 182 235 11
6 52 77 3
14 177 235 11
18 77 145 5
5 79 126 10
6 21 74 6
5 8 52 12
13 68 114 7
4 63 77 5
19 56 106 13
12 83 113 9
12 67 98 14
17 82 106 10
10 190 248 12
4 7 34 6
12 148 166 9
18 41 62 13
11 75 108 6
9 46 103 2
12 168 185 13
18 100 126 1
1 136 146 6
1 66 78 13
15 107 149 12
10 160 172 12
3 95 109 19
17 176 204 11
8 115 143 14
17 88 145 7
12 20 33 18
3 162 202 9
4 137 146 3
8 57 80 9
1 188 211 4
9 108 126 8
17 196 215 6
11 150 162 1
14 120 163 14
17 100 127 9
9 183 202 2
6 148 174 12
17 98 137 5
2 50 93 2
11 192 232 9
18 19 39 16
17 79 132 5
16 44 79 12
9 103 148 20
4 94 136 7
15 22 76 18
17 44 100 20
5 46 87 17
13 195 239 16
12 42 77 18
16 58 124 13
2 182 212 20
10 35 48 20
2 74 83 7
14 192 230 10
1 131 138 18
17 198 247 19
3 188 218 19
8 19 70 10
14 118 182 1
11 6 37 1
19 149 213 5
1 109 140 12
4 151 169 18
7 19 60 18
1 83 119 19
3 40 71 14
20 161 201 3
2 73 80 6
20 3 32 10
11 20 63 17
1 74 120 9
11 1 56 12
11 85 99 8
3 139 174 13
16 66 130 12
20 125 153 2
17 103 164 12
1 57 67 15
15 171 229 1
1 169 207 4
15 106 143 14
14 130 187 5
17 46 111 10
11 74 89 2
19 121 146 11
9 77 106 8
9 113 145 11
17 145 174 18
4 127 146 3
13 57 108 3
7 133 154 7
17 155 181 1
6 40 59 2
11 100 112 3
8 134 158 2
6 46 91 20
8 107 116 12
13 35 71 2
15 3 57 12
17 139 164 18
5 164 192 17
14 149 211 18
1 51 78 2
19 190 221 6
20 74 127 8
19 97 138 14
2 67 97 10
7 23 60 14
18 111 161 13
17 132 165 8
5 176 220 5
17 146 185 9
16 19 40 8
9 35 69 12
7 10 46 14
13 191 220 15
3 75 90 15
18 56 101 15
3 12 62 2
1 78 118 19
17 27 85 19
6 173 207 6
19 69 103 18
4 108 145 16
20 89 129 14
20 120 144 14
13 126 162 18
5 64 77 2
16 66 102 3
4 87 137 9
5 131 165 1
4 18 29 11
9 48 96 1
15 4 65 1
19 197 229 7
6 85 115 2
9 170 189 14
8 126 165 4
8 195 205 15
16 100 119 18
2 107 141 20
13 197 249 15
4 190 242 2
13 192 240 8
16 199 262 6
12 174 193 10
16 21 56 9
3 11 26 1
19 167 211 16
15 17 53 15
4 42 85 16
11 81 102 5
20 65 89 6
3 190 195 17
2 70 88 7
18 54 118 4
1 169 177 18
11 67 116 6
17 188 209 4
4 76 90 11
8 162 188 2
18 147 185 12
5 74 94 10
3 136 149 11
2 1 46 11
1 126 163 1
2 143 167 1
18 59 88 12
3 24 53 19
8 55 89 11
6 151 185 2
19 131 157 9
10 157 173 12
3 196 236 2
2 38 84 19
8 2 27 3
14 70 114 1
14 80 115 17
3 14 39 6
5 113 144 16
20 8 47 10
6 73 112 4
20 83 126 2
7 180 191 16
8 143 197 6
17 118 173 18
10 21 40 13
2 198 234 13
3 193 208 18
10 148 190 17
7 198 255 4
18 141 163 13
20 179 243 13
4 102 117 16
12 27 89 4
2 15 23 20
8 167 220 20
18 188 240 7
10 189 234 15
20 55 100 7
7 33 55 3
7 132 152 12
19 102 168 3
10 97 136 9
6 74 86 14
15 71 110 19
12 122 136 3
5 132 181 14
7 124 179 4
7 88 126 20
20 141 166 10
13 183 230 11
16 78 99 15
11 128 148 17
11 193 236 6
1 130 175 5
3 52 60 17
9 62 116 17
9 50 60 16
9 5 21 7
4 155 169 13
12 69 118 1
15 4 51 11
9 150 183 11
8 22 80 6
7 59 80 12
6 92 126 2
11 182 200 9
10 17 68 7
9 63 106 17
3 167 204 13
5 74 82 8
6 76 124 14
19 138 180 5
18 33 94 15
5 173 189 19
15 159 207 15
6 65 99 13
7 88 115 11
8 132 184 12
9 136 158 2
2 18 21 1
4 133 143 12
5 149 188 10
4 76 89 13
12 86 106 13
11 69 128 10
5 46 65 16
14 123 174 20
10 105 131 8
8 15 52 2
10 46 87 12
13 26 56 14
6 2 45 13
6 106 137 7
5 185 212 15
10 75 118 8
13 80 141 9
5 197 214 15
3 120 152 14
9 85 125 17
18 121 156 1
7 109 124 5
20 159 219 11
16 148 199 11
2 95 135 11
3 29 66 7
20 42 68 6
5 144 161 13
8 7 52 13
17 97 122 19
10 32 55 3
9 119 157 1
5 194 227 16
11 105 128 15
19 152 179 10
5 73 116 3
8 174 212 19
10 93 134 17
2 17 46 13
20 38 75 9
7 156 191 16
20 23 54 6
1 19 58 18
9 170 181 16
3 66 103 11
19 116 174 11
11 24 39 14
14 18 41 3
10 26 81 5
2 15 31 6
18 3 70 5
7 59 84 2
11 155 213 9
1 178 193 14
