400
10 11 19 50 11
15 16 4 45 17
6 20 3 33 25
28 24 1 73 12
8 13 2 28 28
21 6 22 66 14
25 8 15 61 12
23 2 19 58 14
23 2 23 50 17
22 1 23 48 12
5 18 24 58 14
28 4 1 41 26
7 24 24 65 9
26 18 11 58 17
6 22 20 64 13
25 23 3 69 11
9 14 9 42 21
19 11 19 63 11
24 12 5 44 19
12 5 19 48 16
30 12 18 79 10
11 20 15 55 12
9 20 13 48 18
29 24 17 75 3
3 1 19 37 25
7 13 9 31 18
17 17 13 49 12
3 12 2 29 17
2 15 17 49 17
17 25 13 75 11
9 10 19 56 18
18 24 23 78 9
8 18 17 57 12
3 25 22 55 11
24 23 4 71 12
6 17 12 38 20
24 10 22 69 4
29 14 25 76 4
10 1 17 41 15
23 16 12 53 18
18 8 3 33 17
4 7 16 35 25
18 5 9 44 16
30 17 7 74 6
29 24 12 68 3
16 3 16 41 15
17 18 11 59 12
28 5 7 45 21
20 23 8 63 15
16 13 19 58 6
23 22 14 76 18
10 4 9 43 24
11 13 17 61 26
25 15 16 61 9
4 8 2 33 22
4 10 12 39 25
14 10 16 48 19
2 22 7 50 21
4 8 3 35 26
18 6 1 38 20
30 4 16 59 7
8 2 13 37 28
24 5 24 61 12
30 9 22 65 8
5 19 1 30 17
8 22 14 47 11
8 20 7 52 14
4 7 14 35 23
11 8 23 44 16
10 16 13 43 16
14 9 2 32 18
14 25 14 68 7
25 17 5 64 17
26 22 16 76 5
7 6 24 42 21
19 15 6 47 22
18 12 5 41 20
26 24 20 77 11
12 21 24 61 17
25 3 25 67 9
24 22 6 63 13
1 24 14 49 10
8 21 25 74 10
1 24 25 61 14
27 2 7 48 13
6 14 5 35 20
18 9 9 49 19
27 15 6 66 19
14 15 20 51 11
10 3 1 30 25
14 17 11 62 15
22 2 13 57 16
11 19 19 69 9
23 20 17 78 12
10 4 22 56 17
14 23 4 60 17
5 9 2 29 23
13 13 2 34 23
7 19 10 40 21
5 19 4 38 21
24 7 12 45 11
25 2 2 35 20
25 1 8 41 21
3 18 18 48 20
21 17 10 59 16
4 20 19 59 7
3 11 18 36 12
13 15 15 56 13
20 20 10 67 14
22 11 15 61 12
20 13 17 69 13
24 14 25 75 4
3 6 3 31 32
18 15 7 51 15
25 21 10 60 14
27 8 8 62 8
15 6 2 36 24
11 15 20 50 11
28 12 19 79 5
13 20 18 60 16
13 9 24 63 6
30 5 19 67 10
16 16 21 68 6
5 14 9 38 18
8 25 1 40 18
2 14 5 35 21
19 2 23 52 11
21 24 1 55 13
16 24 14 62 7
12 2 3 21 25
16 19 24 77 11
5 15 8 41 20
24 14 6 57 14
12 21 7 51 21
24 9 15 58 13
17 8 14 50 16
29 21 19 80 7
4 4 22 49 16
17 19 6 60 14
1 7 14 28 23
3 15 7 31 22
29 22 22 83 6
11 22 5 55 19
1 22 19 60 11
29 2 5 44 18
11 13 16 57 10
23 24 7 64 11
8 15 5 44 18
23 17 16 64 9
23 9 5 41 13
23 12 8 49 15
5 5 1 17 25
5 16 21 52 16
11 23 20 67 8
20 21 8 52 9
8 7 2 34 23
6 15 9 35 16
5 5 18 30 18
29 7 4 44 23
24 3 6 36 18
20 12 9 47 15
18 2 7 37 20
28 13 5 49 14
10 6 13 37 16
1 14 19 37 14
17 21 4 48 17
2 8 7 27 25
10 9 10 38 24
9 18 8 39 14
24 19 11 62 12
6 24 3 40 20
25 23 14 75 10
1 6 17 36 16
1 4 10 21 28
22 9 3 49 10
7 1 22 47 19
4 15 25 59 12
5 7 22 46 29
5 9 20 42 14
14 25 8 52 8
9 6 21 40 20
18 22 18 67 8
27 12 2 55 11
25 2 13 49 15
12 12 1 35 24
27 12 18 76 11
8 22 8 55 16
23 15 8 49 11
10 5 14 32 16
20 22 25 80 1
9 6 2 30 22
16 2 20 47 17
29 20 5 65 13
14 25 1 46 9
17 12 21 60 14
8 16 20 50 7
28 8 15 56 11
26 3 21 61 10
20 9 3 38 17
19 24 18 75 12
17 18 13 51 8
5 1 11 30 28
9 18 11 52 19
21 8 22 71 15
25 11 4 57 8
16 17 12 48 10
23 16 1 50 12
10 11 11 40 23
20 21 8 55 10
27 13 9 67 9
15 20 5 46 15
29 20 24 87 1
10 20 6 43 13
16 16 10 45 14
28 4 10 47 11
21 9 14 48 14
26 22 18 74 10
7 10 21 46 15
18 2 19 44 17
19 17 15 69 8
21 17 24 82 8
13 3 8 42 23
27 9 11 66 9
3 10 24 41 15
3 8 3 30 22
12 2 9 39 25
2 17 9 46 14
3 16 6 29 30
17 7 3 32 15
12 16 23 54 15
2 21 11 38 22
2 22 13 47 12
24 14 5 53 16
25 21 15 65 7
8 5 25 42 18
12 4 17 40 22
30 2 4 50 21
5 16 17 40 19
24 19 13 76 12
9 21 15 50 15
12 23 1 48 17
23 15 17 62 14
29 24 5 68 9
19 11 24 66 17
6 10 8 41 15
7 18 9 43 15
16 6 8 48 20
16 6 9 46 23
14 4 18 39 17
23 9 1 39 17
3 15 2 33 27
8 21 8 45 15
25 14 19 64 6
26 24 5 74 10
12 11 16 54 12
4 19 9 36 22
5 1 16 26 23
20 6 7 52 22
22 16 22 65 3
4 8 25 39 9
9 7 4 28 27
17 11 19 57 14
25 5 14 64 10
28 10 18 67 5
3 7 14 40 14
9 3 14 33 13
3 5 11 22 29
4 24 13 51 14
3 3 17 39 26
10 23 12 50 15
19 11 5 46 17
13 22 13 57 21
16 9 6 34 15
7 14 21 54 18
2 7 11 27 19
5 21 19 51 16
5 11 20 50 25
17 20 20 68 11
9 1 22 41 19
5 16 13 50 14
3 21 24 53 10
21 13 6 51 14
18 16 13 49 7
17 25 9 66 10
16 5 7 44 20
18 22 7 55 12
11 11 13 47 18
25 20 19 70 3
30 15 23 85 1
4 2 24 49 15
19 14 17 61 16
1 3 17 35 25
14 10 3 47 20
28 17 16 69 8
1 16 12 48 27
23 1 18 45 20
29 12 6 60 6
19 2 22 52 19
1 9 10 30 20
11 14 8 35 16
7 8 4 29 29
8 12 17 57 10
15 12 18 65 20
27 22 10 66 3
4 21 5 40 23
19 25 25 84 1
17 15 4 45 20
5 5 7 37 25
7 7 12 40 18
6 14 24 63 11
20 16 17 62 11
6 19 20 57 12
20 3 23 54 11
28 15 6 51 10
19 23 14 66 10
14 9 18 61 11
1 6 6 20 28
20 4 22 59 17
30 3 12 55 15
8 17 22 55 18
12 14 9 40 19
6 8 2 24 22
5 4 16 33 22
18 23 14 74 8
7 17 8 41 21
12 10 20 54 10
11 25 2 45 16
27 9 7 51 12
6 12 5 39 29
24 25 21 81 7
30 20 20 72 2
28 21 6 74 14
7 8 22 51 15
13 10 7 32 20
8 20 5 44 21
12 16 19 50 13
10 19 12 58 15
3 1 21 40 19
28 23 7 70 9
20 15 7 61 12
22 18 24 82 3
2 22 4 41 28
8 2 10 33 22
13 5 13 36 20
7 5 25 43 16
22 22 12 67 10
12 7 15 46 18
28 2 15 61 12
23 12 2 49 13
30 10 20 63 2
15 19 19 63 13
7 17 20 52 14
18 24 1 45 15
16 16 7 57 16
4 23 17 64 20
11 18 18 52 10
20 15 16 64 12
21 4 9 47 14
23 14 11 67 21
15 10 1 37 18
25 18 24 75 12
7 25 15 57 8
30 23 25 82 6
19 20 24 67 10
6 6 1 17 34
25 20 11 71 7
8 12 4 34 26
30 16 11 68 12
15 23 16 58 18
21 2 16 45 16
29 2 8 43 16
1 3 2 15 32
12 11 6 41 30
6 15 2 32 26
9 16 12 52 19
25 7 14 51 5
5 13 4 28 19
15 15 7 54 13
21 18 20 62 10
6 2 7 34 29
17 18 9 46 16
11 13 13 43 13
26 15 3 47 9
29 16 13 73 10
17 12 25 59 8
15 11 3 32 18
20 6 2 47 23
14 8 13 41 9
21 1 11 50 14
2 17 16 52 18
6 7 3 21 27
18 20 17 58 9
30 17 11 66 3
29 22 22 92 8
9 12 25 59 22
29 13 3 59 12
25 24 18 85 4
3 2 6 21 23
26 21 20 78 10
5 7 20 52 24
