450
3 19 21 45 16
28 2 19 57 9
15 9 8 49 14
9 3 4 21 27
7 24 3 53 20
6 13 25 52 13
7 14 20 55 17
19 22 25 71 1
1 12 24 39 12
9 23 23 60 12
2 20 7 48 22
7 17 21 56 12
7 12 21 52 16
20 2 10 47 11
25 18 23 79 6
15 3 25 45 18
4 2 25 48 12
13 9 18 57 11
18 5 3 28 22
4 13 25 51 15
8 11 22 54 17
12 21 10 57 14
25 17 10 63 15
16 3 8 40 23
28 6 16 53 11
5 22 19 56 10
30 13 5 50 12
6 7 1 16 21
1 17 15 53 23
8 8 13 39 19
23 10 14 63 6
24 8 25 59 10
10 24 4 52 15
20 7 14 56 15
22 16 9 66 6
21 3 2 30 29
9 22 13 59 17
7 8 25 56 18
20 9 19 67 6
4 3 20 40 18
29 1 2 41 23
3 23 11 44 11
14 5 19 40 8
26 15 25 72 8
15 24 19 62 11
28 9 16 56 10
24 13 14 63 10
1 25 3 37 23
10 22 18 63 11
6 8 24 46 13
1 25 24 52 12
14 11 13 56 22
25 11 9 64 13
23 15 2 48 22
25 17 15 64 5
27 1 16 63 14
6 25 2 44 10
18 8 16 45 15
22 15 8 61 12
24 11 25 79 8
22 7 1 46 19
12 24 1 54 22
6 2 8 22 24
7 2 7 36 22
14 3 25 51 15
27 1 22 61 10
29 8 23 71 6
21 5 13 55 21
24 16 16 63 17
7 17 7 47 14
7 9 24 49 10
7 1 6 24 31
26 4 18 57 11
29 8 10 60 18
5 11 1 33 23
16 7 10 35 16
27 22 24 78 7
15 3 13 45 18
10 19 16 51 11
23 20 9 61 11
3 25 17 59 17
14 23 14 62 8
4 24 20 63 10
18 6 11 46 20
12 10 24 54 14
10 19 2 43 18
20 14 14 64 18
28 1 21 57 13
26 10 1 53 15
16 17 15 63 11
19 21 22 77 9
15 13 7 39 19
28 9 17 65 3
7 12 8 32 27
14 3 22 42 17
10 5 21 43 17
3 21 15 52 12
22 18 12 58 13
13 20 5 44 24
4 17 5 36 17
21 10 3 40 15
21 10 9 52 15
2 15 17 54 23
15 17 19 71 12
24 16 25 82 10
7 9 20 56 13
6 6 21 50 14
7 14 9 49 17
2 15 20 40 20
26 15 8 62 15
28 17 20 67 1
11 8 6 44 27
1 9 15 44 27
19 10 7 39 21
7 18 7 38 22
6 9 23 47 21
22 19 5 62 16
12 18 23 58 10
30 5 14 57 13
23 19 19 80 1
10 24 11 63 12
11 22 21 67 13
21 14 11 57 13
3 11 4 24 20
17 19 20 73 9
1 24 24 55 14
23 5 16 48 9
14 6 3 33 23
16 4 4 44 17
23 13 19 72 11
19 3 10 48 15
1 24 10 39 13
9 21 20 66 10
25 18 1 51 10
21 3 14 58 15
28 25 8 66 11
17 9 14 44 17
5 16 15 38 23
4 2 1 21 30
10 1 14 33 21
18 22 6 66 9
19 20 2 57 19
28 6 25 64 4
12 5 2 38 29
13 18 25 58 11
11 17 8 44 20
17 25 23 70 12
10 20 20 57 7
23 13 21 75 10
6 2 4 27 30
9 19 24 61 15
21 5 2 36 23
18 22 19 75 12
13 18 12 47 12
26 5 1 38 25
10 5 7 42 20
26 16 20 66 3
9 24 22 57 10
17 14 20 55 8
21 4 18 57 15
26 14 10 69 9
7 9 2 22 27
28 5 25 69 9
19 25 16 67 1
22 7 4 53 23
28 21 9 76 7
19 16 2 41 16
5 14 20 56 14
23 23 5 58 11
16 7 3 41 23
19 19 23 75 4
24 21 25 79 7
11 21 9 43 15
2 20 20 44 20
13 21 18 62 9
9 15 7 45 14
28 23 13 84 5
1 5 2 22 33
21 2 13 50 19
24 20 14 73 6
13 16 20 60 16
21 18 4 51 13
24 14 4 48 18
6 25 23 71 14
26 11 22 65 5
9 11 21 61 17
5 23 7 40 19
7 21 10 42 23
30 4 13 52 10
10 20 13 56 13
22 17 25 67 10
17 11 2 45 23
15 15 25 72 8
27 3 1 33 20
18 5 2 28 28
2 16 5 40 30
12 10 8 37 21
20 2 14 52 18
12 1 7 28 18
13 1 17 47 21
9 21 9 43 19
19 16 15 62 10
8 23 25 69 15
5 18 12 50 14
16 16 20 59 11
18 17 17 69 11
4 2 12 30 25
18 15 21 73 4
12 2 14 39 11
25 3 19 67 16
28 18 22 71 3
29 8 3 47 10
3 1 4 11 34
3 1 19 26 23
5 19 16 52 15
15 16 14 55 15
18 23 20 79 4
27 15 6 52 11
5 5 10 22 31
15 22 14 64 10
14 4 24 59 7
2 18 21 53 12
10 21 2 39 16
28 5 9 51 9
30 15 2 64 12
14 23 1 41 15
20 24 3 58 13
1 13 17 36 23
6 20 23 56 3
23 16 9 55 9
3 16 17 47 24
15 6 19 43 13
16 11 4 42 4
12 23 22 69 5
10 8 25 63 13
1 24 9 39 11
9 4 9 25 25
29 19 21 85 1
25 16 6 67 12
14 6 11 34 25
22 8 5 48 20
7 23 25 60 8
8 9 14 38 22
21 25 7 59 14
8 21 6 38 11
26 4 18 61 17
17 18 16 70 8
27 2 12 52 8
7 6 11 39 25
19 18 11 53 11
6 17 11 44 26
27 10 3 47 12
8 8 14 35 22
6 7 22 48 13
14 25 9 65 13
17 10 17 53 14
24 20 4 56 11
14 17 10 54 10
11 22 21 57 9
17 4 1 39 26
11 12 25 53 15
21 11 4 52 19
24 6 13 45 19
3 8 16 46 20
15 23 22 65 4
27 18 9 67 7
16 24 5 50 13
24 13 20 67 5
27 4 20 61 11
3 19 1 31 24
14 17 3 45 20
28 3 16 66 16
5 12 7 41 18
1 3 2 20 26
22 20 13 62 14
30 21 19 77 6
3 6 17 28 22
22 3 14 44 12
21 5 10 45 14
5 12 20 55 16
25 17 18 72 9
8 9 14 35 21
8 13 7 36 19
19 12 18 61 7
4 15 2 23 29
6 16 22 47 15
15 4 17 43 12
7 25 16 57 11
12 20 1 42 17
1 14 11 39 24
2 17 9 36 18
24 4 3 34 16
27 11 4 53 16
29 20 1 70 14
6 20 1 46 12
15 1 1 21 30
28 14 14 65 5
17 8 8 52 21
19 12 17 66 9
1 5 16 41 24
20 13 20 68 7
16 18 10 64 14
1 11 18 49 21
1 10 14 43 22
13 6 22 51 21
23 20 13 75 9
8 21 9 49 18
4 8 11 31 21
13 5 22 56 17
18 1 6 35 21
10 21 9 49 12
18 21 12 54 18
22 4 18 57 18
13 13 19 49 13
7 17 17 44 16
17 5 5 44 18
24 10 14 58 15
1 7 1 16 29
2 8 6 33 24
23 13 10 48 12
6 19 4 48 29
17 3 22 45 15
11 10 10 42 24
24 14 21 73 13
29 1 19 51 17
25 20 11 66 8
10 4 12 37 18
11 3 13 32 17
25 20 14 71 15
2 6 21 31 26
1 15 6 27 22
15 24 3 56 17
24 22 24 87 3
3 1 4 22 28
8 20 7 53 11
3 15 14 41 17
12 20 15 54 8
21 10 7 44 12
21 2 5 46 19
3 17 3 29 18
27 3 7 55 20
29 24 22 93 1
2 14 2 25 25
2 21 7 50 21
11 17 7 55 15
9 12 15 40 14
25 11 6 45 14
11 6 25 62 22
4 10 9 35 23
30 12 4 57 10
16 25 17 61 8
5 13 13 42 18
8 10 17 51 18
6 24 7 57 16
6 25 5 54 4
26 8 4 43 18
24 9 13 55 18
28 3 23 71 8
8 25 4 43 13
3 19 18 48 9
12 22 24 70 6
13 11 15 54 9
12 14 17 50 13
26 13 25 81 3
25 12 16 72 6
28 16 6 52 14
8 23 1 42 23
6 23 5 49 16
17 17 2 42 17
10 13 15 46 21
13 10 22 50 18
1 20 23 63 15
15 12 19 60 15
27 6 6 45 15
12 13 6 42 17
1 10 4 29 23
17 24 2 50 21
17 16 7 43 14
8 24 16 57 11
26 17 7 58 10
4 13 11 45 33
6 19 22 53 10
27 23 22 75 1
9 16 18 61 17
23 1 18 53 14
22 9 24 66 16
16 15 13 63 12
6 18 2 41 18
6 16 10 52 18
4 15 1 23 24
20 15 2 56 17
10 11 11 44 25
10 4 12 44 17
7 13 21 53 13
5 17 3 35 17
30 17 11 60 11
13 14 2 44 20
2 3 12 34 21
30 6 9 57 16
18 5 7 47 26
8 18 12 46 11
5 20 5 34 25
25 15 2 61 20
5 5 19 35 19
18 17 4 51 26
5 8 22 42 17
27 12 6 49 18
13 21 13 49 13
25 14 9 65 15
15 10 20 65 19
15 2 6 27 21
17 25 1 60 16
3 23 17 56 16
13 19 25 63 3
25 16 17 61 2
21 13 14 66 1
14 16 1 35 25
8 15 11 42 16
8 8 6 26 17
27 5 13 50 18
26 13 18 69 1
23 13 3 49 20
26 22 7 68 9
3 3 15 30 19
23 25 25 82 1
18 12 24 57 14
25 23 6 64 9
27 20 19 76 8
21 13 9 51 14
4 16 16 44 14
20 23 16 69 4
2 9 3 33 31
4 15 24 60 12
4 21 25 54 16
4 5 18 40 23
2 1 19 38 28
8 7 4 38 21
1 2 4 19 33
6 6 16 37 28
29 22 16 75 5
3 16 17 52 13
1 1 14 30 19
15 24 15 57 12
18 20 16 67 8
30 9 7 62 12
13 14 5 45 26
29 22 5 67 6
4 2 18 30 20
4 19 19 59 14
5 15 6 30 20
