200
5 12 6 34 24
10 10 23 51 16
20 10 3 47 14
3 17 15 53 15
3 3 20 44 31
7 7 18 46 25
16 16 15 55 14
7 16 1 27 29
25 8 7 60 24
23 21 22 86 4
23 20 25 83 2
19 14 15 52 13
4 12 18 44 27
18 16 21 60 9
11 20 14 63 10
4 7 16 34 27
14 3 19 40 13
17 22 13 70 9
12 18 7 48 16
12 9 23 52 9
21 3 14 55 28
14 20 14 59 9
6 7 4 24 25
27 20 14 64 13
7 8 6 40 20
6 11 11 34 17
14 22 13 63 12
25 9 4 58 25
6 17 8 33 24
16 1 19 50 9
7 8 17 41 18
16 16 3 41 18
8 16 8 34 19
18 15 14 55 5
30 1 19 66 14
8 21 6 55 17
28 16 25 89 5
2 25 25 61 8
2 11 8 28 28
8 20 24 64 9
29 21 16 78 1
25 3 4 35 23
3 7 17 42 18
27 6 6 47 19
25 5 25 71 9
8 5 12 42 31
27 11 3 43 21
29 5 8 49 12
11 8 13 49 18
17 15 23 62 10
25 16 23 83 1
30 6 19 60 10
1 19 13 53 21
16 4 8 41 19
14 16 12 47 12
26 2 3 44 19
8 17 21 64 9
20 11 2 41 22
3 12 12 44 18
12 8 4 28 29
25 2 12 46 16
20 2 25 61 18
20 13 18 69 13
22 17 18 72 9
28 4 16 66 6
24 1 1 30 20
26 1 22 53 19
5 9 11 40 26
23 13 17 59 9
24 19 22 72 2
6 18 21 65 9
5 11 5 28 26
11 16 1 41 17
17 7 16 44 13
6 10 20 41 23
13 4 13 37 20
16 4 23 49 11
11 16 23 53 16
20 14 17 62 14
17 18 22 73 5
29 1 24 74 4
6 1 18 36 13
16 16 19 61 9
28 5 3 56 20
19 9 9 39 22
19 16 7 47 14
11 19 19 51 18
13 16 4 43 19
16 6 8 46 20
2 17 9 43 19
20 4 22 61 15
16 12 11 57 15
1 15 4 24 24
18 25 25 79 8
30 23 17 84 1
8 17 22 59 13
23 2 13 52 17
30 24 15 76 1
29 9 7 50 6
17 18 17 63 6
16 4 16 49 21
10 22 24 68 5
2 19 10 39 14
25 17 21 66 6
21 9 11 55 15
22 16 10 56 12
5 16 15 48 17
12 24 8 47 15
4 4 17 33 28
3 13 20 49 33
24 3 22 68 9
9 5 9 40 20
23 24 8 75 11
7 24 6 42 18
11 23 10 64 9
28 9 6 46 17
22 10 3 50 24
1 25 9 44 16
13 7 11 37 19
11 11 20 61 17
11 2 3 21 24
29 5 8 59 13
13 23 7 55 8
9 1 11 25 24
2 21 17 55 14
25 23 19 71 3
28 9 17 62 6
22 4 5 42 23
30 21 20 74 9
22 19 19 80 1
16 10 10 49 23
24 25 2 69 10
4 12 5 26 29
17 1 3 26 25
20 23 4 55 20
16 13 9 43 17
8 11 24 52 18
27 6 6 54 17
12 18 16 64 6
5 13 1 30 22
18 10 12 46 16
11 22 7 42 11
21 18 25 83 2
15 8 6 32 19
17 5 24 66 8
13 20 19 60 9
4 24 21 57 13
11 4 13 33 20
30 14 12 70 13
4 22 3 46 15
10 18 14 54 11
7 21 16 60 16
26 10 18 62 4
4 14 19 39 21
15 19 23 67 3
22 14 7 58 16
6 18 18 53 21
10 11 19 57 21
5 16 22 47 9
29 2 14 61 11
13 20 11 60 9
20 10 16 66 17
10 14 8 42 21
28 17 8 61 7
14 24 10 60 17
4 2 10 28 20
20 1 20 49 14
18 8 5 47 16
30 13 1 64 14
25 24 13 67 11
2 9 5 21 26
25 3 14 48 11
24 24 20 86 6
7 23 2 44 26
30 3 17 57 7
26 5 25 65 2
4 22 15 44 15
14 23 25 73 5
4 16 10 33 17
18 19 9 52 18
14 25 8 51 11
26 18 14 65 4
22 19 2 51 14
10 16 23 67 15
11 23 20 65 12
22 13 4 58 12
10 7 18 55 9
17 15 22 62 9
25 19 10 67 9
3 16 5 41 25
9 22 4 43 11
30 12 23 78 6
21 22 16 65 6
4 6 4 19 31
16 6 24 51 15
14 12 10 50 22
22 19 5 55 9
21 13 2 52 18
18 10 23 59 11
10 21 5 43 18
