300
3 15 18 43 19
5 25 1 39 23
21 14 4 54 16
25 22 24 78 6
28 16 25 77 6
7 23 15 56 18
5 17 3 41 25
2 20 14 46 15
3 20 19 49 13
7 10 4 32 16
15 4 16 42 21
14 8 10 39 15
27 11 8 61 10
26 4 24 72 10
17 13 17 64 15
17 20 5 58 15
1 15 25 50 10
25 12 2 55 11
7 10 11 39 21
10 2 6 22 22
30 1 20 54 14
6 18 16 47 15
12 9 25 53 14
24 25 23 84 2
12 15 21 51 10
5 13 13 33 14
1 2 6 22 23
20 10 20 69 10
4 5 21 48 16
3 2 20 29 22
26 6 14 49 13
21 17 16 74 10
2 6 25 47 16
29 18 25 74 1
27 12 15 60 17
16 11 22 52 16
26 5 22 55 15
26 24 4 61 16
20 3 3 31 14
12 5 21 41 17
11 17 18 52 12
19 15 2 38 15
8 15 14 40 18
12 22 1 39 18
11 24 19 70 2
10 5 21 49 13
10 14 24 56 12
7 12 3 29 24
22 4 11 57 11
17 8 8 50 22
29 13 22 70 7
28 10 4 58 13
29 25 11 74 1
7 24 20 67 8
26 24 18 72 4
4 12 20 46 18
3 15 9 42 16
13 10 12 43 14
24 12 5 58 17
7 21 8 51 17
14 9 18 45 24
10 7 20 39 23
17 10 12 44 17
11 5 24 56 6
11 8 23 56 19
27 1 25 61 5
22 5 20 49 14
16 25 3 49 16
16 22 6 48 13
13 4 25 59 17
12 2 11 34 23
5 1 21 41 16
9 12 1 30 22
30 11 23 70 7
5 6 2 30 21
16 22 20 69 16
6 9 15 36 22
1 3 2 18 37
2 5 4 31 34
18 22 7 61 11
4 19 19 56 10
15 19 20 74 6
30 14 17 81 6
19 17 7 61 11
25 21 10 70 8
1 16 9 42 12
17 10 1 35 23
25 5 24 74 12
21 22 12 70 4
2 16 21 54 15
16 2 23 49 15
17 22 8 63 10
4 20 8 40 20
9 4 13 35 19
22 12 9 62 10
19 23 16 68 6
1 17 5 39 19
6 1 2 18 22
21 10 19 63 14
13 25 9 60 17
12 14 1 38 16
24 18 17 69 4
25 5 17 54 15
20 4 25 68 15
12 5 3 25 26
12 7 14 53 25
6 16 1 42 24
25 14 6 47 14
16 17 17 68 13
30 11 11 58 8
4 24 12 60 13
12 16 22 67 17
17 5 7 43 24
23 13 25 63 6
23 20 7 69 15
11 18 9 55 14
29 21 16 86 11
1 7 15 38 16
11 10 12 44 21
11 6 25 59 18
25 12 7 50 10
9 25 7 48 18
24 15 20 76 3
9 14 12 41 18
10 23 16 65 13
25 15 2 61 17
4 5 18 47 14
19 7 25 67 18
24 12 24 62 3
14 17 18 65 14
10 2 16 44 16
9 1 16 33 20
6 3 9 22 29
19 18 5 52 15
30 20 17 79 6
1 16 2 25 27
7 13 12 43 19
2 8 13 29 25
11 3 2 19 31
17 11 24 71 8
6 15 11 47 12
3 4 7 30 27
21 20 6 52 9
7 15 18 48 15
18 18 2 54 17
30 12 20 81 6
27 8 8 48 18
7 4 1 29 28
19 21 12 66 13
19 11 12 62 11
13 8 24 63 7
13 17 4 52 12
13 23 3 55 21
27 4 25 61 13
5 6 13 42 19
25 3 19 63 16
14 14 10 53 18
13 24 19 59 4
18 7 24 61 7
23 5 3 41 24
16 8 21 53 10
2 3 1 14 24
28 6 8 60 16
4 18 9 45 18
24 13 19 61 10
10 11 16 39 20
3 14 12 38 19
6 4 21 38 20
13 14 5 47 21
29 14 6 64 15
26 20 22 80 2
10 8 16 50 20
6 2 5 15 33
9 10 11 48 22
25 19 14 69 4
20 14 4 46 11
25 12 15 60 8
25 15 19 76 8
25 22 5 63 5
30 21 17 75 4
21 5 7 49 19
12 21 5 48 19
23 22 19 83 3
6 1 12 21 22
16 9 20 56 7
4 8 21 49 18
6 9 19 44 15
18 5 11 48 20
21 25 17 77 3
7 19 18 48 17
30 10 13 70 8
7 15 13 38 17
19 15 16 53 9
17 3 11 51 21
23 16 15 73 10
7 16 10 39 17
6 8 21 43 14
5 1 11 27 33
11 9 8 35 18
21 10 3 43 16
3 24 22 51 15
11 23 12 63 19
13 4 8 27 16
7 8 22 49 13
14 7 20 54 21
21 6 1 36 16
20 4 6 34 16
5 22 13 45 17
12 20 9 50 18
29 9 4 44 14
30 7 10 65 17
29 21 2 58 6
8 4 11 27 24
22 1 22 56 11
28 16 17 72 8
27 12 20 67 8
6 21 6 46 21
1 25 21 62 16
27 11 23 74 5
13 1 1 34 26
10 9 17 41 20
3 4 12 21 24
23 5 14 54 18
11 16 5 37 20
20 5 24 66 12
25 9 5 55 12
27 23 8 62 4
22 20 15 65 17
23 14 14 60 5
6 9 16 35 19
13 10 22 48 14
30 20 1 66 10
8 23 20 63 10
2 3 16 38 17
2 13 14 48 17
15 4 2 30 29
28 13 9 66 12
8 6 14 41 25
7 14 5 44 17
21 10 16 56 18
24 22 12 62 12
23 7 23 69 17
18 17 4 56 14
18 12 14 51 17
13 3 7 34 14
28 17 5 66 11
1 9 5 31 23
8 21 11 46 23
4 15 20 42 17
20 10 9 54 15
12 20 1 37 23
20 13 14 64 12
10 2 21 53 14
22 4 3 46 14
4 5 12 26 23
2 11 5 23 21
16 1 25 54 20
27 3 5 54 22
29 9 22 80 2
6 9 18 37 16
3 19 11 52 8
13 15 15 53 12
11 7 17 50 21
29 13 20 64 1
16 3 23 57 11
16 3 3 25 24
29 6 13 62 18
24 25 11 70 12
16 5 21 44 16
10 21 23 70 13
30 4 9 45 16
5 6 6 24 30
16 23 8 56 19
27 18 22 76 3
4 11 7 32 19
1 16 25 52 11
17 13 3 40 20
30 25 12 76 6
22 10 4 51 10
13 23 22 65 7
24 8 10 60 16
19 15 6 59 7
10 25 21 62 10
12 12 1 35 25
23 13 20 60 13
13 19 13 52 13
11 6 25 46 9
24 6 3 35 17
24 23 19 80 8
14 13 13 59 10
19 4 5 32 14
24 21 1 62 10
26 23 20 78 1
25 1 10 55 9
20 16 1 46 20
8 17 8 46 19
20 10 15 57 13
14 9 17 56 8
16 21 11 60 13
27 14 17 77 1
