50
15 5 1 30 14
7 5 23 38 14
30 7 4 52 23
11 20 21 60 11
29 13 16 75 11
27 12 5 50 18
9 9 3 39 24
24 1 2 41 19
2 9 9 40 17
16 5 7 31 15
1 9 10 24 23
16 17 9 45 9
11 25 11 57 12
15 13 6 45 22
20 20 19 70 1
4 24 1 36 22
3 12 15 47 23
25 23 21 88 8
17 7 24 54 11
23 8 20 54 9
27 11 2 55 17
15 25 13 59 7
25 22 1 61 13
12 9 8 41 21
19 13 22 66 5
20 15 18 56 6
17 9 17 62 5
10 22 12 64 15
23 17 19 70 1
1 7 9 22 19
24 9 16 55 16
6 23 12 61 18
23 4 17 63 10
3 16 13 34 16
3 16 1 39 19
20 11 13 46 12
22 8 22 57 10
12 23 12 60 11
30 12 17 67 7
24 18 7 68 2
21 13 20 56 9
27 13 13 64 13
7 16 18 57 11
26 1 8 54 12
7 13 10 45 19
11 7 15 38 26
22 25 17 80 6
23 19 15 62 8
20 18 11 68 18
4 19 16 57 15
