150
26 8 11 52 16
9 19 25 72 8
30 10 17 76 11
1 24 16 52 16
7 2 14 37 24
10 9 13 43 21
23 18 10 61 18
15 17 9 56 17
15 9 9 39 25
8 5 4 30 26
21 21 18 79 4
28 8 22 71 5
28 25 21 91 1
30 6 10 50 18
18 17 12 66 16
10 11 23 55 19
21 21 19 74 3
8 23 9 43 21
9 25 15 58 8
9 1 16 31 25
7 8 11 34 26
9 1 16 41 21
27 19 13 63 8
3 12 16 33 15
16 25 23 84 4
13 4 15 47 28
23 21 9 69 7
29 4 1 50 16
8 22 11 57 17
10 14 25 65 11
8 20 13 56 16
7 6 22 39 19
30 2 16 54 12
14 12 14 56 11
22 20 7 52 10
25 1 20 48 14
23 15 20 73 7
14 8 14 46 19
25 9 4 55 9
15 24 19 74 8
1 14 10 42 23
13 15 1 48 32
18 15 1 45 23
17 8 21 62 14
15 18 20 67 11
5 23 17 51 6
25 16 21 81 11
5 20 16 57 14
7 15 12 42 17
15 17 14 57 14
5 9 15 36 19
15 1 9 32 19
8 5 23 42 17
12 25 18 69 7
4 7 9 34 21
2 14 5 24 29
22 17 7 66 9
16 11 24 70 9
25 13 3 56 17
19 7 2 47 20
16 25 20 73 8
2 11 1 18 34
19 8 16 56 24
15 18 4 42 18
10 24 23 63 10
11 7 24 60 19
19 15 14 57 13
21 13 15 56 8
3 17 14 41 19
9 7 23 56 17
27 17 23 81 7
1 19 1 26 21
9 7 7 25 16
2 14 13 32 13
22 4 9 53 16
23 5 19 67 8
30 2 5 55 19
14 4 5 37 24
3 12 12 37 17
4 6 5 18 24
30 17 10 63 4
26 11 2 51 9
2 23 16 56 10
22 7 16 65 14
14 11 5 42 25
11 3 15 40 18
5 12 23 58 9
5 15 1 32 27
5 17 17 47 18
5 13 5 28 25
12 20 23 65 7
29 14 21 74 6
26 14 24 82 7
19 16 20 65 14
8 12 5 37 28
17 25 4 51 13
30 16 17 65 13
1 7 16 35 26
12 4 13 42 20
27 7 21 60 5
25 6 18 55 14
26 5 22 63 6
21 14 18 57 6
17 22 7 48 13
3 22 15 60 21
27 21 9 66 10
25 7 2 47 21
17 13 4 45 20
18 2 16 51 18
26 19 24 85 5
21 19 15 58 11
8 11 10 40 19
3 17 14 42 14
13 19 11 56 20
3 22 16 61 13
7 21 4 34 17
8 17 24 59 16
30 16 13 76 10
13 4 25 49 18
22 25 25 82 1
19 6 3 42 26
27 6 5 58 20
8 11 17 52 14
16 20 4 49 12
8 16 15 48 16
4 13 2 36 20
25 21 9 71 11
10 18 11 42 19
5 19 22 49 18
11 24 2 52 12
22 6 2 32 22
3 12 11 44 19
19 9 3 35 19
8 17 14 45 22
17 15 24 65 9
21 5 22 58 11
30 18 1 52 15
20 9 19 60 9
10 15 14 49 15
11 15 2 40 21
6 8 16 44 17
7 20 17 53 10
12 23 11 50 15
10 10 25 55 8
11 14 9 52 14
6 15 25 58 9
4 24 24 65 7
9 25 5 44 16
15 25 16 72 18
12 11 17 53 19
