100
21 4 1 40 19
27 6 4 40 19
1 22 3 44 18
13 1 24 48 17
4 17 17 54 21
25 25 21 75 1
23 22 6 65 9
8 17 4 46 17
11 18 25 69 13
25 20 2 64 16
20 10 25 57 8
9 4 13 30 26
27 2 4 43 6
6 25 23 65 17
2 24 1 31 30
1 17 22 52 12
2 22 14 47 14
22 3 9 49 20
28 23 9 78 2
16 5 10 49 19
6 21 16 47 10
27 4 1 47 26
28 1 9 40 11
10 4 10 38 23
6 22 21 62 7
28 4 23 75 8
23 21 16 71 7
1 21 17 46 11
14 2 14 50 22
11 3 19 52 23
1 11 8 30 24
5 12 4 29 12
22 6 25 68 12
14 9 19 57 12
14 16 1 38 21
21 6 18 58 12
20 20 17 66 7
19 22 18 68 10
17 13 18 62 14
9 8 1 22 26
24 25 15 82 12
7 8 3 35 22
17 5 19 49 21
26 19 20 76 9
23 9 23 69 12
20 2 17 44 14
8 21 12 51 9
24 2 10 53 17
21 4 16 54 16
30 13 3 66 13
1 10 15 32 19
12 24 6 51 20
20 20 9 55 11
13 3 16 38 21
9 1 9 22 28
8 4 18 40 18
9 1 21 46 25
3 16 20 42 15
27 5 17 66 10
28 5 12 48 1
8 22 25 58 9
7 2 5 34 29
8 15 8 42 22
1 1 20 38 23
1 4 10 22 33
18 25 20 83 2
22 11 8 60 17
5 15 6 29 17
13 5 6 32 18
30 16 15 77 6
3 15 2 27 16
30 17 21 78 1
4 11 25 45 15
13 10 23 56 8
14 10 11 50 20
3 18 5 41 24
20 11 19 60 16
15 9 23 58 11
28 9 8 65 9
27 4 16 53 13
23 16 19 62 4
9 20 18 58 10
20 18 22 68 14
15 22 23 71 5
24 20 2 65 16
29 25 19 82 5
19 4 13 47 19
29 9 19 71 6
21 13 15 60 9
7 10 9 44 24
27 7 12 48 8
19 24 2 62 16
23 24 8 73 3
4 10 4 26 20
3 10 7 25 20
24 20 23 76 1
1 17 16 52 17
3 8 16 30 20
8 13 2 29 18
12 18 11 51 13
