500
10 2 2 22 14
22 12 4 42 22
17 7 7 51 22
17 10 21 68 10
6 21 19 55 14
2 22 21 48 15
18 25 19 77 11
5 17 13 44 21
7 25 5 42 21
29 6 2 42 13
6 4 7 21 19
30 23 9 69 3
12 22 15 67 21
29 19 16 69 3
24 15 11 66 11
19 13 9 45 18
22 1 21 64 8
26 23 7 67 11
7 2 19 45 24
13 17 23 72 8
17 24 23 84 5
2 24 15 44 19
8 16 23 61 12
2 18 6 28 21
9 25 9 45 20
22 2 1 45 16
22 25 3 53 5
23 24 22 81 6
3 25 11 43 3
30 1 24 68 18
15 21 15 67 13
11 2 23 53 18
1 21 19 46 14
1 10 18 37 20
22 7 18 64 18
12 14 13 53 17
9 2 16 43 26
6 25 9 47 15
30 14 15 74 16
24 3 7 37 12
15 9 21 53 25
23 22 4 59 15
19 8 19 63 12
15 17 17 62 11
28 14 5 56 15
24 22 15 80 7
22 20 18 78 7
20 19 16 61 14
30 9 10 54 10
10 11 17 57 20
9 15 13 51 18
20 25 1 57 17
28 4 7 42 24
26 9 11 52 12
22 9 10 49 11
17 13 16 48 15
27 15 25 69 1
27 16 22 79 7
5 8 15 30 21
1 16 10 42 16
20 4 17 60 18
25 10 20 63 11
23 16 18 63 9
28 6 2 42 14
22 1 7 46 19
28 15 25 79 5
25 11 18 70 11
21 17 23 79 11
17 24 25 82 14
29 9 20 61 1
19 6 11 40 17
1 11 18 50 26
9 24 13 62 13
25 9 6 42 14
28 19 20 86 1
19 8 13 60 5
8 18 8 54 23
29 7 7 47 16
19 20 20 66 10
8 10 10 31 16
23 16 8 61 11
8 6 13 35 17
10 21 18 69 9
27 15 17 62 13
29 16 2 57 8
2 12 11 31 18
9 22 2 39 21
18 18 14 58 9
29 13 13 70 5
6 3 12 39 31
5 13 5 39 24
27 16 19 69 7
4 13 14 39 16
25 3 18 65 19
29 18 19 69 2
19 16 16 56 9
25 15 25 73 6
16 1 11 33 24
6 20 18 64 13
7 25 1 53 27
12 2 17 46 23
17 9 4 43 24
10 8 15 48 19
25 8 16 54 14
29 13 17 77 9
15 4 14 49 18
9 21 19 54 13
24 19 10 56 14
17 6 14 47 11
24 7 22 70 6
23 22 16 79 6
25 4 2 34 23
29 25 15 79 10
25 6 24 68 13
4 7 16 39 23
30 5 9 58 19
20 7 2 44 17
19 13 11 50 10
17 3 13 49 20
23 13 14 70 11
4 13 13 36 14
1 20 7 46 21
26 22 4 56 15
16 14 9 41 13
29 17 23 76 4
3 22 17 44 14
24 9 17 56 10
28 3 11 61 12
15 15 25 64 3
12 20 22 63 15
16 21 5 46 20
27 11 4 56 18
18 22 24 69 6
2 3 12 21 18
16 3 13 35 18
2 25 25 69 7
18 7 18 52 13
29 18 11 64 4
6 19 24 55 18
12 6 20 43 17
8 22 19 61 13
29 10 8 57 6
19 5 4 32 25
11 7 14 45 20
10 10 13 52 25
17 17 13 54 15
2 7 21 46 22
9 17 6 46 10
11 6 21 49 15
12 22 7 59 21
10 5 21 46 19
22 16 25 75 5
13 23 21 71 4
17 6 16 56 17
18 4 3 40 21
1 5 12 25 30
16 15 11 51 12
18 10 10 43 18
26 14 19 63 11
28 4 4 49 12
2 17 11 46 18
22 10 23 73 20
27 18 20 81 3
25 19 22 80 2
23 13 9 51 12
4 25 21 67 17
16 23 1 53 22
26 3 15 46 14
25 12 16 64 17
16 19 17 62 7
11 19 19 63 14
8 12 5 33 10
1 15 6 32 23
2 11 1 25 34
19 14 16 59 11
7 23 11 46 13
2 12 5 38 24
21 2 15 52 20
27 4 4 50 20
12 10 4 41 25
27 20 7 56 8
26 25 8 77 3
26 15 4 60 13
29 15 22 73 5
18 19 24 75 2
22 6 19 56 20
13 6 8 33 21
9 14 16 50 12
17 15 2 43 29
1 20 12 38 16
17 13 2 48 17
12 21 1 41 20
25 4 17 59 12
9 21 9 53 15
28 25 20 84 6
28 14 3 56 21
26 1 8 44 18
27 1 12 54 15
14 18 8 57 19
19 15 21 68 5
11 22 2 49 17
20 2 8 50 19
17 19 10 62 18
30 10 16 76 5
20 25 16 68 17
18 15 15 50 20
23 12 2 42 25
14 17 14 65 8
5 15 21 45 9
4 3 2 23 25
21 2 17 55 20
29 25 10 66 1
14 18 4 55 15
20 15 8 59 19
6 15 8 32 23
3 12 3 36 21
9 16 21 50 8
26 4 15 57 8
22 21 10 60 8
4 8 7 31 16
12 25 6 58 15
1 7 13 38 21
25 22 12 75 4
10 10 25 56 16
11 20 25 70 12
25 17 16 60 7
26 16 6 50 15
25 2 9 54 16
23 15 6 52 14
23 15 15 67 20
15 11 11 42 28
19 20 17 60 7
17 18 18 69 3
1 1 15 28 25
6 7 18 35 21
21 23 11 59 13
16 1 6 28 26
18 1 4 30 31
3 13 11 47 21
17 17 3 54 24
12 19 8 57 14
19 13 24 70 6
5 5 21 47 17
7 19 5 37 17
27 23 20 86 13
28 3 6 47 21
16 5 9 47 23
11 24 9 49 17
11 6 20 53 12
13 22 8 51 17
5 1 9 33 24
28 3 20 67 16
2 25 5 34 25
21 8 9 43 13
30 25 13 73 8
1 24 11 49 13
10 15 23 56 18
15 22 13 64 13
25 13 10 58 13
20 4 16 52 15
4 24 25 72 5
12 14 17 57 19
29 5 1 39 17
4 17 2 30 24
27 15 1 58 12
29 24 18 84 1
27 14 19 66 6
19 17 8 62 12
6 20 25 58 8
13 8 17 50 23
3 24 3 43 17
25 13 24 69 7
17 20 10 67 10
6 22 19 55 12
10 22 25 77 10
6 22 2 32 25
25 20 24 80 2
16 21 1 42 14
28 6 11 52 9
9 24 4 41 16
29 7 9 63 16
30 14 8 57 14
6 17 18 44 15
20 19 5 64 13
26 8 18 58 19
28 13 25 79 7
13 11 24 54 13
13 11 19 62 17
16 25 7 54 7
21 9 6 46 18
8 22 15 52 11
21 24 1 51 21
11 16 21 66 6
22 20 18 69 4
19 5 19 54 10
21 23 10 69 8
10 11 9 43 21
18 23 2 50 11
12 6 12 43 18
11 14 7 49 24
1 14 8 27 20
29 8 13 70 13
9 19 4 42 17
18 9 18 57 12
2 13 1 36 26
12 9 25 65 15
3 11 21 38 21
8 11 22 43 14
24 6 3 50 18
13 15 7 54 18
29 25 22 80 3
28 18 22 86 7
18 15 1 41 20
30 19 5 66 11
9 20 10 52 12
12 9 8 40 22
29 25 11 71 10
14 5 8 35 21
10 6 22 51 21
27 6 15 65 9
6 20 15 52 14
27 6 23 66 15
2 16 7 30 28
19 4 20 53 19
6 24 4 51 17
7 13 11 47 21
28 3 23 66 8
8 19 14 58 16
19 15 23 69 9
26 21 25 80 1
9 7 17 37 18
29 17 7 59 5
1 10 18 41 19
11 4 3 26 29
12 2 1 33 30
25 9 16 58 16
23 17 9 65 13
30 5 22 66 11
14 14 15 60 11
18 18 18 71 10
14 4 10 33 18
1 21 23 54 15
16 11 2 43 26
18 18 16 56 9
10 18 17 60 9
15 11 6 45 21
20 2 14 39 16
11 9 5 31 25
9 17 15 46 15
14 14 17 62 19
30 14 3 53 8
1 11 20 36 15
30 4 18 71 16
8 5 6 39 28
27 12 11 68 10
16 7 5 48 19
24 6 1 38 25
16 2 22 60 12
9 25 11 61 11
10 9 25 60 15
6 16 11 49 16
13 7 18 55 24
30 22 17 85 12
24 6 10 57 18
17 24 16 59 5
8 20 20 60 19
14 11 1 32 26
10 15 5 44 22
3 16 23 61 16
19 3 9 41 29
19 15 4 53 13
2 9 25 50 19
28 8 23 61 7
12 12 11 51 20
21 2 24 53 16
6 2 12 22 28
19 2 22 62 16
8 4 15 44 22
4 7 3 17 21
1 3 4 20 27
21 20 8 59 11
20 23 8 69 9
17 10 4 34 18
8 17 2 41 26
24 19 25 75 9
20 16 22 67 12
12 15 15 46 8
3 20 20 50 7
13 21 2 51 16
17 22 22 66 3
18 12 4 48 15
11 8 9 41 19
21 13 8 45 16
21 3 14 54 17
1 18 9 32 22
7 2 10 27 20
20 9 7 52 21
24 9 10 48 13
3 9 13 38 21
7 10 6 35 24
1 20 8 48 21
26 2 7 53 10
27 15 24 75 6
21 21 13 58 6
20 13 1 43 19
7 5 25 48 14
19 1 5 43 25
26 22 23 82 4
9 15 17 58 25
30 7 16 60 7
1 21 16 46 13
29 3 22 62 1
2 15 5 33 21
29 15 12 58 10
19 14 11 51 19
21 15 7 57 11
17 22 16 57 4
15 22 12 61 4
16 19 2 54 20
10 19 4 51 14
16 22 17 64 11
11 10 7 43 18
21 2 21 60 9
12 1 11 33 19
17 14 13 49 13
23 12 18 55 9
12 19 14 65 14
16 24 19 79 10
19 1 19 46 15
20 22 4 53 21
27 17 3 56 10
25 6 25 61 11
8 4 23 44 13
20 14 3 50 13
30 9 19 61 11
3 7 24 52 24
27 17 12 69 5
21 9 6 40 13
12 21 6 44 8
6 7 9 29 27
10 18 22 58 9
4 11 11 29 19
11 8 11 41 23
9 11 4 36 21
26 2 4 37 18
8 15 17 49 19
20 16 13 67 13
8 11 22 52 13
5 12 22 53 19
26 24 1 62 14
19 15 18 68 14
29 23 17 89 1
22 9 9 54 16
22 14 4 60 17
27 5 14 51 13
26 16 10 56 11
2 2 18 34 21
10 12 21 60 14
8 21 10 47 13
15 14 10 50 23
13 19 14 58 13
28 12 16 68 11
6 22 3 44 23
29 17 16 64 2
16 10 20 62 16
3 20 4 39 25
9 19 25 64 9
2 1 5 20 27
4 1 22 32 27
23 19 13 59 10
25 10 24 72 10
26 18 16 75 6
6 17 9 50 16
21 22 9 64 8
28 12 13 65 10
8 20 16 60 15
23 10 23 70 12
21 21 5 49 8
30 10 5 49 13
11 22 17 61 9
30 18 18 78 6
10 5 12 36 19
23 22 4 52 20
27 10 8 57 11
4 17 5 43 17
16 6 11 47 22
18 4 14 43 21
21 10 18 58 18
27 6 24 74 13
5 22 15 53 5
13 17 21 58 3
22 25 2 53 9
3 22 8 45 15
29 8 17 72 13
12 19 19 67 11
20 2 22 53 13
12 2 24 53 17
16 7 17 59 16
3 6 17 43 18
17 2 13 36 13
