250
26 20 1 64 10
12 23 5 48 18
23 18 15 73 8
3 3 23 37 19
2 13 8 43 23
11 23 20 61 16
20 1 1 32 23
24 9 7 43 22
22 23 22 85 4
25 17 14 76 14
30 4 7 51 14
18 13 20 54 15
16 8 9 35 14
18 20 9 59 8
24 22 10 59 6
3 6 7 20 25
5 11 16 52 17
25 20 7 64 9
24 10 2 44 14
6 20 25 61 9
28 6 1 39 16
5 2 19 32 28
21 14 3 55 11
25 17 12 61 2
21 17 23 73 9
7 18 11 46 24
15 3 4 28 27
8 1 2 26 31
7 15 25 59 12
2 14 2 25 22
15 11 11 39 14
13 8 24 59 13
11 23 11 60 22
21 5 1 40 21
10 10 3 40 28
12 4 24 45 14
27 21 4 65 17
24 17 15 58 5
8 16 17 43 15
1 11 19 38 21
5 10 23 57 18
8 24 13 51 15
20 11 11 56 17
26 20 17 68 10
18 17 5 52 12
1 21 19 45 13
15 12 3 34 19
29 1 7 45 28
1 9 15 43 25
9 2 14 27 22
29 13 17 78 9
30 25 23 87 3
6 20 14 59 20
28 16 23 78 7
28 19 18 72 9
3 10 13 46 28
18 11 4 38 17
7 10 6 39 17
17 17 6 55 15
4 21 21 60 17
13 2 23 58 19
21 14 16 63 10
10 10 1 29 23
3 22 8 47 16
15 22 15 56 10
14 22 11 57 14
7 11 5 28 26
18 20 5 61 11
5 21 10 54 12
1 5 16 27 27
7 12 19 57 14
13 12 19 62 14
12 20 18 57 5
15 24 17 71 14
21 16 3 46 20
27 2 7 38 18
11 20 22 65 8
18 8 13 42 15
2 15 25 45 15
28 1 16 62 14
7 19 12 40 13
19 13 3 38 12
24 8 18 57 7
7 13 22 44 14
21 1 7 32 18
21 16 16 61 5
29 3 6 53 22
27 6 5 57 17
1 19 1 40 22
14 5 8 47 28
25 17 10 62 8
10 16 25 70 10
16 6 10 52 19
10 17 10 54 22
9 23 22 68 10
14 20 7 54 5
8 16 12 50 18
16 25 12 66 8
14 18 24 74 11
17 1 19 45 14
8 10 11 48 31
8 18 15 44 15
24 25 16 80 9
2 17 18 50 13
29 6 2 57 18
2 3 23 45 15
26 25 6 65 7
22 11 7 50 8
21 22 7 62 14
14 17 15 49 10
11 22 1 50 20
24 5 17 56 13
7 8 23 51 16
7 24 7 55 20
18 6 17 56 16
3 23 15 60 16
11 24 6 52 16
10 4 15 31 17
10 11 21 50 15
23 25 25 91 5
2 22 10 51 23
16 4 13 51 20
21 6 18 57 11
18 5 8 43 21
9 10 1 27 26
14 4 8 41 22
9 3 11 39 27
8 13 2 41 27
23 1 12 43 16
26 3 7 49 11
29 1 13 46 15
9 1 17 43 23
23 2 1 34 23
7 12 22 43 15
22 8 11 43 20
24 23 20 84 5
28 17 9 69 8
8 11 13 37 19
6 24 21 69 9
16 14 14 50 5
29 9 23 68 8
9 14 13 44 13
25 8 2 37 19
25 15 25 73 8
29 10 20 77 8
23 20 6 51 12
22 11 2 48 20
14 21 6 55 21
14 9 6 34 19
10 15 14 59 15
11 17 12 59 18
17 25 3 52 11
20 20 10 63 3
27 4 25 59 12
4 14 18 43 14
23 14 19 63 12
23 4 15 50 20
7 24 12 55 9
28 14 15 59 9
1 14 19 40 22
26 18 3 66 11
24 7 2 51 21
1 20 4 37 24
5 1 20 30 19
21 20 15 71 6
25 6 8 45 21
23 22 13 65 11
28 7 3 47 18
8 2 21 51 20
11 21 17 59 12
23 19 19 67 7
10 19 12 46 18
22 1 16 59 18
19 25 20 82 2
23 2 6 33 17
5 8 2 27 23
21 9 23 59 12
23 5 18 51 16
8 3 23 44 11
1 23 22 49 11
23 2 22 67 11
5 2 1 19 31
30 8 24 74 1
25 20 4 69 11
6 17 7 42 21
21 1 25 58 17
19 16 8 61 18
28 11 23 65 11
25 22 5 63 9
2 19 11 52 14
17 14 20 69 7
6 20 22 52 13
6 9 20 48 22
18 16 1 45 19
24 20 15 73 11
19 15 9 50 13
8 4 20 35 18
23 10 17 69 6
21 10 5 44 9
2 17 1 28 21
18 7 25 55 1
19 1 17 46 12
25 21 21 82 9
23 7 7 39 17
29 9 14 65 15
7 8 19 48 19
13 17 16 57 15
21 7 17 48 8
11 4 11 28 28
3 25 5 42 26
7 5 1 30 28
14 17 5 56 20
25 23 22 89 2
16 7 15 48 13
1 19 6 28 22
17 7 5 44 25
30 22 18 79 1
4 21 11 54 22
21 2 4 45 21
22 11 3 40 13
26 18 17 64 3
8 18 15 44 20
19 4 18 53 19
19 1 19 45 22
22 2 14 42 16
4 7 10 30 24
30 2 4 42 13
2 16 16 50 21
18 15 5 52 17
27 14 9 52 11
22 5 1 38 24
19 19 6 53 6
5 9 18 39 21
23 18 2 58 14
7 14 16 42 18
15 23 20 65 13
13 9 15 46 23
22 17 1 57 16
11 4 16 51 21
20 24 17 75 7
23 24 6 56 13
17 5 4 43 16
16 15 2 47 20
29 12 9 67 21
8 23 4 39 17
17 23 18 65 4
25 1 20 61 14
5 23 9 48 22
30 22 2 61 12
25 21 22 72 3
