350
26 25 9 71 3
14 4 22 49 13
8 15 24 55 12
11 1 7 21 21
4 10 6 40 22
27 23 8 75 1
18 9 2 37 15
30 8 1 59 25
1 2 15 37 25
27 17 8 58 13
7 21 20 65 10
8 8 11 42 25
8 25 23 76 5
16 15 12 58 11
30 14 5 52 10
5 21 5 37 27
22 4 20 49 14
17 23 25 85 5
30 25 2 75 16
9 9 16 53 14
19 20 3 61 9
26 14 9 57 18
2 11 25 53 15
24 13 13 55 14
26 14 1 59 20
13 12 19 64 5
5 21 12 58 24
25 8 8 49 17
24 15 11 52 14
1 8 20 40 22
3 3 16 38 23
13 9 11 42 22
4 6 9 25 29
16 21 5 50 9
24 3 22 61 8
21 24 7 54 12
14 12 11 50 19
18 21 20 63 3
19 8 16 57 14
17 16 6 55 14
30 5 5 47 16
23 19 1 45 19
14 24 19 59 13
5 21 25 69 16
30 8 12 60 3
23 22 14 64 4
27 19 14 78 11
15 11 24 55 20
9 18 13 49 17
18 3 4 42 18
27 5 25 74 7
22 1 25 59 16
29 9 22 77 5
19 12 8 43 19
12 19 20 65 15
16 19 12 52 16
28 1 21 54 1
18 10 20 67 12
12 9 8 49 17
22 4 22 63 10
6 1 16 28 21
24 15 3 51 6
26 12 14 63 9
26 15 24 76 4
17 3 16 50 13
7 11 25 57 21
19 24 16 75 8
3 14 8 45 24
1 25 23 54 15
24 16 11 59 12
8 10 22 50 14
14 9 20 52 6
19 1 21 50 22
14 12 7 45 23
21 14 19 61 7
7 2 15 44 24
10 25 11 66 9
30 10 23 74 3
25 13 13 67 11
10 2 23 53 15
11 18 18 61 12
6 3 4 32 21
6 14 12 39 24
7 16 20 58 11
26 12 9 66 11
14 2 24 46 17
23 5 2 36 24
17 8 16 45 16
12 1 6 28 26
27 16 6 57 6
27 8 13 58 2
30 20 1 61 6
24 9 2 55 22
27 2 17 49 15
21 21 16 73 7
7 23 10 59 10
4 2 12 29 30
21 17 23 76 5
26 1 25 60 12
6 13 6 41 21
30 4 12 55 11
7 1 11 37 28
9 25 13 67 11
22 1 23 54 5
13 25 23 79 7
19 18 19 59 4
13 14 7 49 21
14 20 24 74 9
24 9 23 63 10
10 2 6 30 24
22 15 8 52 13
11 24 19 70 14
5 2 6 17 22
13 12 16 47 17
6 2 15 39 25
2 17 14 45 17
28 9 22 74 7
13 5 14 43 7
11 6 7 26 18
23 11 18 72 11
11 7 1 39 22
16 14 13 49 16
20 16 12 64 15
13 11 14 45 18
17 8 10 51 20
1 24 10 37 19
16 22 12 57 16
20 7 1 43 18
16 9 15 55 14
5 16 25 57 16
3 24 15 62 19
9 4 3 27 28
10 14 24 50 17
14 25 21 67 7
3 1 24 34 16
24 13 19 72 8
18 21 15 60 10
1 10 1 18 27
28 10 12 67 13
22 12 18 57 8
24 1 12 44 18
27 17 4 50 9
11 13 2 37 20
3 15 17 53 21
7 22 2 41 13
11 1 6 33 21
8 1 11 33 16
2 2 12 30 20
29 15 25 78 3
26 8 14 52 9
25 16 7 67 7
13 12 19 46 12
7 13 9 41 21
23 19 12 65 1
16 23 14 63 1
7 17 21 63 12
14 13 8 41 18
8 1 1 15 27
12 23 4 46 8
18 4 12 38 18
27 12 11 55 13
12 8 18 48 21
16 6 21 48 5
14 3 7 29 17
28 24 24 80 1
16 14 12 59 20
24 12 7 55 15
8 13 16 56 18
8 18 15 45 10
4 6 25 53 12
28 11 8 52 15
11 10 13 36 18
28 23 2 69 11
3 20 10 44 18
25 21 12 72 1
10 13 21 54 22
13 23 6 48 12
15 23 9 65 12
18 5 14 48 21
26 1 25 60 3
13 8 19 48 20
22 23 23 75 2
26 13 23 78 6
1 21 3 40 22
30 22 19 75 7
6 12 19 52 19
6 11 14 44 21
2 12 24 52 15
25 25 24 82 1
1 25 11 53 15
29 6 16 70 7
3 2 19 27 25
30 17 3 54 11
28 5 4 49 10
8 22 3 38 21
5 23 22 57 10
7 20 17 55 7
4 22 14 43 20
9 19 5 53 14
29 22 3 63 15
19 13 17 63 15
6 17 2 38 20
27 8 4 50 18
5 12 24 52 14
1 6 2 18 24
25 8 6 51 20
7 7 13 31 20
4 8 25 51 20
12 20 22 67 10
4 2 2 23 29
7 4 10 32 19
13 7 8 45 17
23 17 15 63 14
20 15 9 59 11
4 8 4 26 26
27 6 11 51 17
7 15 10 49 12
1 15 23 49 12
15 15 25 73 7
17 19 14 54 13
24 23 4 62 8
29 13 16 72 6
22 7 7 53 16
24 11 21 70 12
15 16 5 47 20
29 24 23 86 8
3 1 9 26 33
25 25 23 84 3
19 8 5 49 17
27 3 4 41 25
19 22 17 62 12
16 8 14 43 24
11 5 21 47 12
20 19 3 45 9
3 7 13 39 17
3 16 23 61 10
13 3 23 53 22
26 6 18 68 8
7 15 1 29 19
25 11 9 60 15
24 15 21 71 8
8 15 16 46 19
19 14 11 63 13
21 11 5 43 19
19 12 21 57 3
5 10 5 28 25
2 18 6 33 20
23 25 24 81 8
28 20 14 77 2
1 1 7 23 27
21 16 19 74 9
7 6 2 23 35
11 16 9 47 21
5 8 2 32 23
21 12 20 64 3
27 14 18 63 8
17 23 22 68 10
9 10 25 52 11
24 2 12 47 11
11 6 2 24 22
9 12 7 30 14
20 2 18 55 18
14 3 20 45 17
20 8 3 46 20
21 5 6 38 18
22 5 6 38 19
3 22 10 53 21
19 14 8 56 19
18 13 20 59 10
9 14 5 30 16
12 13 8 36 14
5 23 18 60 21
3 15 24 51 18
24 24 17 77 2
14 18 2 45 19
3 15 9 43 15
21 4 11 51 15
15 4 15 47 16
5 22 2 39 27
25 19 11 65 12
21 18 20 63 7
20 14 13 63 18
8 15 23 57 10
16 6 21 45 16
23 5 12 56 15
15 3 18 50 16
5 19 21 50 21
7 4 5 24 23
18 25 10 73 8
8 23 14 56 10
5 14 18 56 21
7 19 18 48 12
24 20 8 54 7
24 13 25 71 1
6 6 7 32 15
13 4 6 32 18
22 17 1 53 15
27 3 6 45 18
14 14 12 54 15
3 18 18 43 24
13 5 11 45 25
29 9 4 45 16
15 16 13 63 5
18 7 24 59 16
22 2 4 33 13
4 6 12 30 27
5 23 22 70 8
13 24 16 62 7
9 25 25 75 6
18 18 9 50 17
5 16 25 54 10
24 12 8 52 13
3 17 13 36 32
27 15 4 57 10
14 8 19 56 15
8 15 16 55 16
14 15 22 69 14
21 5 1 46 20
6 1 21 44 30
18 20 19 62 8
6 15 12 46 18
13 23 11 61 8
1 6 1 28 23
27 2 11 58 17
17 25 18 75 12
19 1 20 45 9
5 19 6 45 17
19 19 23 68 2
21 11 2 36 18
17 2 11 50 27
3 14 20 54 19
6 16 6 37 22
4 23 10 47 14
17 17 22 67 8
28 22 5 61 18
2 8 2 19 31
14 12 11 44 20
14 25 12 68 10
13 19 25 61 10
23 10 6 46 21
11 12 14 47 12
17 6 17 54 16
29 8 15 64 7
29 7 2 56 17
14 23 23 75 1
8 25 1 38 16
21 6 6 51 18
6 18 8 38 11
12 11 16 50 21
22 12 24 70 11
