350
3.17 2.07 4.14 1.0 2.95
27 3
1 152
27 22
16 26
31 139
14 160
27 152
9 42
24 39
9 4
28 59
27 44
9 157
1 111
2 20
16 134
26 112
11 44
33 159
1 8
18 46
34 133
5 155
35 34
34 131
5 41
19 41
19 130
3 35
24 27
1 30
20 147
15 130
35 11
7 70
32 76
27 167
32 95
31 123
14 90
27 65
18 58
25 146
34 60
30 90
20 120
1 172
32 15
27 157
22 100
22 30
30 114
13 33
19 96
6 128
24 51
12 94
15 64
34 97
14 43
23 39
12 93
17 28
24 22
4 3
2 154
16 13
6 64
16 21
2 134
11 115
5 13
18 9
25 106
3 62
28 154
1 1
5 135
29 128
30 116
2 171
34 30
25 46
16 157
19 129
27 81
1 41
14 25
6 13
13 4
35 50
27 6
10 32
3 53
20 8
34 39
34 101
3 137
27 88
15 3
13 101
9 73
13 58
15 4
27 170
34 31
8 36
19 128
23 40
21 36
21 110
8 3
22 38
22 37
2 39
20 169
34 120
27 93
32 20
19 139
5 31
35 126
23 77
27 75
14 60
11 59
4 161
11 16
1 94
21 170
29 130
34 41
29 100
20 154
22 104
15 5
24 19
24 24
14 88
25 132
30 137
30 124
32 121
18 68
18 69
30 47
34 5
24 97
13 31
26 29
21 133
2 64
19 25
2 121
7 77
20 36
32 139
31 98
20 83
18 118
13 137
13 81
5 23
32 26
16 71
2 97
30 41
25 158
31 99
6 53
10 106
12 74
32 48
15 16
20 122
26 172
20 45
24 106
5 81
11 157
10 36
33 157
1 153
34 160
19 109
16 59
25 17
24 80
1 72
21 50
4 55
7 6
29 78
23 61
34 118
1 93
10 139
12 127
17 147
3 66
6 89
28 87
8 84
4 24
12 28
25 156
1 34
30 151
23 37
31 52
13 166
21 164
11 45
30 173
32 13
13 92
24 116
32 62
2 101
30 47
3 32
10 122
28 80
12 28
32 113
25 20
5 51
26 56
12 9
30 117
18 53
21 60
22 163
16 43
5 12
16 71
23 25
14 106
8 150
17 68
18 11
22 38
26 110
33 2
3 144
22 28
6 158
21 116
8 142
24 31
27 98
13 129
33 37
21 114
8 11
1 0
18 78
12 174
2 108
29 10
29 36
1 153
13 125
4 35
15 138
5 152
9 141
26 74
23 152
28 34
34 49
4 12
7 124
29 58
33 169
7 160
26 137
25 72
23 115
22 9
16 137
15 117
35 84
32 141
29 137
21 111
18 155
28 112
15 10
24 23
13 41
32 173
2 132
33 123
12 135
4 88
11 80
8 39
28 160
8 107
23 29
35 35
16 82
30 164
17 8
27 124
6 104
13 79
21 97
28 153
9 168
21 58
17 28
5 111
12 73
2 133
17 81
21 156
16 91
1 125
3 9
2 143
21 73
28 63
25 37
15 149
17 98
34 21
32 94
16 48
33 50
35 109
32 66
35 93
20 52
32 147
8 11
20 38
7 93
31 76
33 174
6 148
8 170
35 77
1 19
1 8
8 164
33 125
20 20
2 93
