450
2.6 4.57 4.32 3.79 1.0
9 150
26 162
26 119
24 81
42 104
26 211
21 130
19 58
16 124
10 42
2 96
11 137
11 168
10 116
9 216
6 94
34 59
38 211
1 54
38 114
21 69
13 2
25 177
24 142
33 145
40 135
16 109
11 135
22 71
5 73
35 37
40 204
19 180
29 68
8 145
15 203
36 191
28 44
28 51
43 34
25 139
18 97
7 108
9 107
2 98
21 49
44 141
32 198
3 159
8 115
22 205
25 51
23 62
44 202
2 11
39 58
40 184
4 219
25 61
22 110
13 220
27 36
25 67
27 45
21 48
15 63
28 136
19 206
30 202
12 133
33 114
19 189
11 13
22 148
11 9
13 73
33 61
20 188
10 75
39 208
8 104
8 80
20 215
16 121
42 121
12 143
21 11
18 120
43 162
5 224
23 7
44 71
16 45
44 124
27 32
44 6
37 116
39 195
27 13
20 46
33 174
38 32
13 116
42 79
15 177
23 3
24 138
21 114
18 3
34 57
24 12
18 182
9 117
18 78
26 18
3 80
25 156
17 87
8 138
27 11
8 85
10 99
45 17
28 71
17 179
42 137
39 66
7 131
30 148
32 122
14 107
33 15
18 209
3 85
13 200
13 172
37 93
27 23
33 99
20 24
33 29
3 144
37 113
8 60
4 207
15 177
21 80
37 21
21 74
32 46
23 167
11 95
23 131
28 136
43 38
15 17
39 109
35 93
4 181
19 122
9 134
42 60
30 87
14 79
19 14
29 152
36 121
2 7
20 137
35 65
9 38
42 116
37 15
1 102
9 86
15 206
2 43
44 50
2 117
37 169
45 193
23 10
17 158
44 123
35 170
16 82
2 59
6 206
12 73
32 138
35 120
11 153
13 184
25 40
9 0
42 75
38 221
1 171
16 112
36 103
21 177
29 116
15 33
32 215
34 106
24 157
19 98
29 181
4 24
38 205
36 73
4 209
18 158
32 119
2 88
7 159
41 82
43 58
33 167
33 98
16 49
33 151
26 195
35 164
19 224
42 163
2 154
6 28
19 15
13 220
13 9
44 157
20 182
3 15
5 171
19 26
39 67
31 109
5 53
12 150
37 112
9 1
16 52
44 60
22 217
36 114
7 76
6 149
19 151
9 106
17 223
11 180
22 54
45 193
6 98
33 163
42 189
20 39
42 126
40 51
41 78
4 41
43 158
9 156
6 13
41 214
45 57
35 181
18 222
4 209
6 208
13 169
27 221
3 95
32 37
44 6
18 4
24 86
35 146
11 40
38 109
9 198
6 97
12 207
41 115
39 104
34 69
21 38
23 128
32 224
44 74
42 150
23 14
24 156
10 37
4 10
25 119
15 81
15 94
37 89
1 208
1 56
34 43
9 142
5 217
30 47
42 97
13 181
10 53
34 35
26 72
10 213
6 137
18 47
14 160
10 116
6 6
34 145
43 62
7 193
25 85
10 162
24 150
11 113
14 156
42 122
4 176
29 202
10 108
18 116
45 144
42 142
42 127
37 149
25 102
43 169
22 40
30 39
21 96
11 26
11 31
11 106
45 124
14 41
2 70
22 24
22 109
9 186
20 66
6 6
35 133
7 191
35 162
39 4
27 175
37 94
3 146
38 34
28 220
4 40
19 23
15 84
25 207
37 25
12 55
40 10
25 180
29 213
23 59
8 102
29 31
33 7
8 153
45 180
10 173
35 1
34 71
43 24
31 26
15 190
26 184
24 75
37 145
33 1
10 82
1 114
17 190
13 218
38 12
1 94
4 16
38 188
1 43
18 26
33 31
42 211
28 131
44 161
15 107
24 15
22 116
34 9
7 108
14 201
42 26
32 107
10 197
4 44
24 52
10 162
29 157
38 52
42 123
44 76
13 146
18 166
42 162
23 206
15 47
7 82
35 46
39 97
23 158
39 112
43 146
32 78
13 75
39 80
16 56
30 120
33 209
35 112
38 132
17 115
41 202
11 136
16 199
22 61
18 16
1 78
29 91
33 137
10 93
17 108
7 148
30 32
3 184
35 15
40 23
27 24
