250
1.83 3.66 2.26 3.03 1.0
24 21
24 76
20 67
16 120
19 1
5 26
12 65
6 76
18 106
23 94
7 21
11 58
9 52
12 83
4 3
2 27
15 1
19 17
3 113
16 105
7 56
24 58
6 116
25 119
8 81
12 30
12 48
22 106
2 8
15 104
21 48
18 79
6 103
13 10
16 4
18 21
14 31
22 120
16 46
12 70
14 14
19 47
19 27
19 33
24 29
5 62
8 37
25 120
18 98
3 25
10 85
7 86
23 122
10 68
19 109
22 109
15 107
11 24
14 97
8 20
10 91
20 52
23 65
25 85
20 63
19 91
9 41
18 57
1 88
16 78
23 84
11 66
4 101
6 37
10 14
11 55
12 84
16 107
24 26
2 70
9 84
7 3
12 26
25 108
17 98
21 41
20 16
6 50
23 42
25 121
12 111
12 13
17 4
7 79
24 41
21 53
11 11
5 81
5 16
6 78
14 40
11 6
7 73
5 84
18 106
13 6
9 77
20 43
6 42
8 96
8 91
5 55
13 100
5 124
14 77
2 65
15 117
5 123
7 43
13 85
18 73
14 60
25 117
21 21
3 13
18 9
13 48
2 53
3 52
6 78
23 111
21 98
7 80
15 111
7 66
20 44
1 93
21 2
1 71
4 31
10 88
25 113
7 18
2 119
18 2
15 122
24 112
12 106
25 36
23 70
19 98
2 27
1 18
1 32
4 120
12 75
18 120
13 24
1 85
14 90
11 84
6 88
7 35
9 109
17 103
24 2
3 116
8 116
8 73
1 17
1 43
4 113
22 97
14 114
12 74
9 67
18 33
7 31
7 44
13 17
18 85
25 71
1 2
1 104
9 118
24 4
10 115
6 120
10 108
4 8
14 102
25 52
12 112
17 41
18 95
8 21
8 65
14 108
11 83
24 27
14 40
21 28
2 40
3 86
13 122
9 61
5 80
2 22
12 78
11 84
8 38
5 110
7 86
9 69
4 61
2 123
24 19
13 80
20 86
2 118
16 90
24 116
25 34
5 124
22 85
14 50
25 107
21 118
9 69
12 49
9 68
6 55
25 88
21 56
19 55
12 105
2 18
13 100
3 50
15 115
8 51
1 87
18 93
24 79
2 46
4 62
14 108
4 18
1 71
20 91
