300
4.69 1.0 3.17 2.71 4.0
11 1
4 18
9 40
25 135
10 122
8 34
10 147
11 33
3 142
6 110
19 19
4 130
10 14
7 59
29 127
28 111
13 70
22 33
25 103
23 146
15 70
26 39
14 27
18 115
2 93
7 25
14 83
22 101
1 21
27 90
6 22
20 10
24 32
13 76
6 24
26 55
16 29
21 9
20 44
15 79
2 13
25 144
12 17
6 52
30 35
10 11
11 66
28 67
8 121
5 137
23 136
2 86
25 110
13 46
15 50
3 134
29 3
29 105
25 53
21 127
14 112
23 117
16 104
22 148
6 74
9 52
6 138
28 55
11 139
6 24
7 123
20 24
5 17
3 21
10 99
6 133
13 86
4 17
7 134
14 11
27 146
25 123
1 127
27 128
21 132
3 51
10 94
18 20
21 125
13 139
11 20
23 49
5 82
18 80
26 109
20 119
17 56
27 8
22 43
24 23
4 107
15 40
25 82
27 12
25 107
30 122
9 37
8 147
27 134
11 60
5 29
18 72
13 119
13 95
26 14
5 19
18 118
6 37
26 23
5 66
17 72
25 129
28 50
20 110
10 8
18 14
4 112
18 52
9 3
14 36
9 118
29 87
17 6
14 82
5 119
29 8
19 105
25 116
8 33
4 46
1 77
18 65
28 110
13 39
1 146
4 142
18 126
19 6
14 39
14 25
23 17
28 145
28 133
1 11
23 51
2 37
21 107
25 107
27 116
1 86
5 7
10 110
28 36
7 145
26 45
13 142
17 129
18 78
22 108
28 87
18 131
24 52
4 124
29 50
5 90
11 123
25 127
23 11
12 59
20 38
15 76
30 136
11 65
15 15
19 88
30 30
26 103
1 26
21 136
5 60
26 64
27 59
11 70
12 56
14 12
30 64
15 3
23 82
19 27
22 31
12 102
8 139
14 95
18 99
8 29
17 113
8 109
2 34
26 144
16 11
20 83
24 95
19 44
8 4
3 109
9 46
22 132
27 39
26 144
17 115
25 129
17 24
25 29
16 51
29 122
30 95
26 28
23 88
26 35
11 35
19 132
5 114
24 116
22 71
12 119
9 94
24 136
17 49
29 21
22 95
6 81
27 137
29 129
26 36
16 23
26 13
28 43
8 2
7 101
17 61
13 37
16 47
20 78
19 143
13 111
12 57
8 7
9 0
23 109
6 17
28 37
21 80
25 72
14 94
9 113
11 33
22 60
5 81
12 22
1 121
11 132
8 47
9 123
23 15
16 24
29 131
2 60
18 55
17 145
13 134
3 12
14 87
9 122
2 83
8 63
4 38
9 15
11 17
1 46
12 88
12 29
1 107
7 125
16 111
3 84
30 134
10 71
17 12
28 44
1 45
