200
4.61 4.67 2.29 1.0 4.37
20 82
4 79
9 57
11 24
7 79
3 40
4 37
14 94
14 20
15 69
4 68
16 15
10 79
17 0
10 31
16 2
19 44
2 47
17 53
14 85
6 82
19 45
16 64
9 2
16 67
7 67
19 14
18 7
15 86
17 31
7 67
18 0
16 54
5 6
13 85
10 90
6 71
10 78
11 23
20 63
6 93
4 8
7 33
5 86
3 17
15 3
15 51
20 52
6 27
17 42
12 6
14 86
9 46
13 73
20 57
4 56
4 38
14 30
4 26
14 2
6 15
14 87
19 1
15 93
20 71
19 46
12 48
8 36
1 4
3 82
3 20
4 95
9 37
18 61
20 8
20 2
15 26
16 89
6 53
5 16
17 62
19 11
18 86
15 2
15 65
1 32
18 41
8 64
16 62
5 25
5 71
4 52
11 44
19 6
17 24
7 52
19 21
20 54
7 31
2 10
10 58
1 4
4 47
4 60
20 44
16 15
13 44
15 49
9 19
16 17
17 68
4 3
20 65
7 57
5 84
15 43
2 99
6 79
5 25
2 93
4 48
18 89
6 71
1 41
7 21
3 87
9 71
17 40
11 85
16 55
19 90
12 88
16 17
12 70
9 3
1 35
1 46
20 88
11 28
1 12
12 3
15 60
10 95
12 55
11 68
16 28
10 30
6 24
5 17
16 34
6 34
4 93
13 11
14 67
20 23
17 17
10 95
6 16
6 56
18 60
12 99
11 29
19 39
16 24
1 24
13 70
14 28
19 23
1 41
8 19
7 91
20 72
20 70
2 84
6 46
7 45
17 78
3 29
9 87
5 10
4 78
14 46
13 28
20 59
13 90
9 47
12 14
2 91
1 82
1 90
17 68
6 87
19 78
7 81
15 7
5 98
9 42
15 73
11 96
6 84
