100
1.0 3.13 2.61 2.28 1.19
6 26
3 4
2 35
1 36
5 46
6 29
8 14
5 28
6 38
10 36
3 37
5 19
6 36
9 21
4 33
10 2
9 23
10 1
7 2
2 21
5 19
5 38
9 18
3 20
3 36
9 3
9 31
9 13
4 44
4 39
7 3
6 42
5 38
1 17
1 1
10 1
9 12
6 40
4 42
5 27
4 26
3 44
4 19
10 6
7 12
6 24
5 43
5 22
2 35
5 18
3 0
4 26
10 37
4 16
6 30
5 38
8 34
2 34
3 30
9 18
4 21
6 41
7 27
2 35
10 15
8 47
10 45
6 37
5 1
10 4
9 0
4 6
7 42
2 36
9 14
8 24
5 9
4 32
1 25
10 31
4 31
4 36
6 8
5 45
8 35
10 42
4 45
2 26
7 3
8 15
6 11
3 0
7 42
4 36
10 18
5 35
2 9
2 21
2 47
6 49
