150
1.0 2.91 1.73 2.34 1.28
6 24
1 59
7 24
15 52
1 19
12 48
1 55
12 50
13 9
8 31
3 13
9 37
3 38
2 40
13 52
8 32
1 69
13 49
2 63
11 51
13 64
11 27
2 71
14 45
15 42
5 49
2 66
5 27
15 17
12 14
13 44
15 15
3 63
10 13
9 52
11 27
10 41
11 48
2 43
5 26
1 72
11 55
8 37
9 12
10 13
1 30
14 0
10 71
3 70
13 59
7 3
3 62
13 0
4 34
11 13
15 14
10 4
11 20
5 32
8 1
13 40
11 53
6 14
2 44
5 47
7 26
12 59
7 38
15 72
8 69
2 50
3 28
3 59
3 50
6 43
5 57
8 0
3 74
13 47
7 45
10 51
9 55
14 42
13 74
5 5
7 54
4 63
10 10
8 56
8 37
11 18
9 4
4 54
10 57
15 10
15 31
4 5
4 14
7 30
7 34
8 0
9 14
12 15
8 16
8 24
6 15
11 30
9 28
15 28
6 53
10 52
3 57
6 48
8 42
6 13
10 36
1 62
2 11
13 64
6 40
5 17
3 9
13 28
12 40
11 54
14 20
14 9
7 60
10 40
7 20
5 66
7 19
7 70
4 3
5 32
3 1
2 50
8 22
9 74
14 23
7 62
12 30
13 48
8 0
6 14
10 14
13 46
10 45
6 20
8 6
