500
1.0 1.26 1.17 4.42 1.02
49 20
28 126
25 220
43 230
37 204
25 79
22 145
39 57
46 26
22 52
40 53
1 151
19 160
28 22
42 46
16 204
15 58
10 56
48 125
41 90
2 222
3 117
6 87
30 3
18 87
22 18
8 189
6 2
46 115
8 30
41 11
25 21
28 83
30 79
38 225
44 201
3 178
7 93
49 245
29 19
21 124
14 77
46 218
35 117
1 48
9 87
32 237
48 193
6 245
10 21
12 30
2 230
17 120
2 202
34 225
10 169
50 41
41 129
7 68
47 194
45 21
35 148
29 238
33 187
4 234
25 34
7 74
4 32
48 181
5 211
19 31
48 167
42 135
34 123
49 215
15 16
41 31
22 103
50 69
10 144
20 111
42 157
41 146
34 90
34 232
37 231
2 32
45 1
22 56
25 235
15 209
3 226
4 132
1 212
25 7
24 74
45 197
22 147
15 69
19 128
18 166
22 26
10 237
15 144
17 118
26 37
49 36
14 140
5 128
18 120
20 194
23 118
24 249
50 202
18 201
40 149
50 206
21 78
40 145
49 76
46 130
8 193
38 43
41 139
35 151
46 11
6 150
42 36
26 203
44 195
22 109
30 180
33 42
41 57
21 198
24 184
45 48
23 137
46 158
21 56
33 154
39 225
16 6
34 150
19 153
23 112
29 45
11 61
20 108
30 4
27 145
40 39
38 144
13 41
38 224
31 234
18 56
10 145
24 45
7 38
33 246
41 123
26 56
22 228
11 227
11 36
22 28
23 234
40 125
35 179
26 193
21 89
2 64
36 11
14 244
17 39
36 51
21 220
15 40
1 23
22 146
8 172
17 106
28 183
47 168
4 228
39 43
38 244
15 167
18 37
50 231
21 239
35 188
37 245
19 49
45 114
12 43
42 233
28 25
32 108
2 119
14 78
39 102
6 49
40 148
34 239
27 145
10 197
44 241
48 3
49 172
36 60
35 53
38 46
21 39
41 247
35 234
30 227
47 147
14 240
7 144
49 2
38 71
21 142
41 236
36 119
15 160
3 64
50 244
13 107
46 168
27 197
44 24
24 110
22 88
43 111
2 228
10 124
3 129
6 162
26 0
39 54
33 219
20 0
26 226
13 211
27 183
44 6
39 50
33 165
41 219
5 63
23 91
10 180
29 232
32 101
21 49
34 232
18 197
24 148
35 164
1 64
23 40
23 215
33 114
29 205
41 209
38 224
8 104
17 130
48 159
25 87
7 10
19 83
42 136
4 212
11 41
10 8
31 247
9 92
15 81
43 21
21 65
35 22
26 19
35 152
36 235
14 123
12 35
44 212
17 135
23 188
26 73
8 168
5 57
41 16
15 5
23 179
40 52
13 246
47 212
42 119
4 177
33 86
31 220
19 237
12 243
15 59
30 27
32 61
24 176
16 25
38 13
30 171
9 211
35 192
6 136
13 20
18 220
47 81
46 197
17 228
20 201
47 51
28 74
15 58
4 220
49 242
47 48
17 89
39 93
41 178
19 61
37 227
15 85
31 14
28 229
41 154
4 247
15 140
14 243
40 45
29 247
18 88
26 137
37 249
8 45
32 71
15 104
38 233
35 17
32 166
41 80
18 222
23 172
7 162
13 212
17 69
27 138
29 144
42 131
42 94
43 33
23 166
49 195
35 127
24 92
15 224
28 49
45 132
22 96
17 89
21 240
48 1
38 168
43 35
21 123
15 37
50 172
43 27
11 173
7 31
27 193
43 132
18 82
31 146
31 31
12 29
33 30
5 30
32 230
20 204
17 216
34 118
8 138
39 75
43 17
5 232
10 206
38 228
11 194
44 36
46 247
6 58
1 143
32 97
17 38
9 170
13 177
31 229
33 8
30 158
46 34
27 149
44 31
11 107
43 48
21 26
14 173
49 180
4 101
49 82
14 224
26 97
36 198
18 162
8 198
3 129
27 132
4 59
11 38
50 125
28 124
34 117
49 64
27 171
13 62
47 168
2 194
32 32
9 33
2 73
40 143
7 115
35 104
14 222
5 229
35 161
2 48
45 147
26 212
39 137
22 96
50 236
34 211
20 140
40 31
25 61
28 23
47 8
9 227
13 17
44 159
16 229
28 94
37 15
27 229
43 39
7 189
2 6
19 119
18 78
27 66
30 144
11 180
13 195
10 95
4 86
23 234
33 76
15 97
9 113
44 178
49 86
15 190
5 153
4 54
37 219
9 10
27 118
25 115
50 80
41 137
39 157
41 223
22 87
21 195
6 51
25 171
27 68
