400
4.01 2.54 4.55 1.0 2.61
34 53
28 74
31 129
24 96
22 105
9 148
7 7
13 146
23 25
19 186
9 62
13 139
15 100
40 31
38 58
7 72
9 49
12 96
2 110
20 99
6 98
23 13
13 170
22 7
38 119
19 124
35 100
27 117
28 20
23 171
10 115
33 161
27 139
40 122
24 52
22 22
17 5
4 99
9 187
31 67
12 174
25 129
2 36
23 176
12 164
8 174
28 37
40 17
34 114
1 152
4 100
17 152
2 185
12 144
17 58
27 109
36 68
10 38
13 53
25 144
36 51
21 14
27 194
1 165
28 149
18 79
35 15
24 193
25 118
33 192
26 177
40 126
38 128
13 47
28 151
15 148
20 98
4 128
32 52
40 2
3 140
29 104
15 24
17 59
21 136
39 84
1 187
2 86
7 191
17 184
29 185
1 35
11 49
33 177
22 110
6 23
37 95
27 109
26 30
8 170
14 97
24 111
40 134
39 139
37 28
11 152
29 176
24 113
33 178
6 192
15 61
38 80
38 88
9 129
36 108
23 85
7 122
31 27
10 146
34 31
22 54
7 150
23 5
9 37
14 24
13 189
34 163
3 24
31 179
7 137
31 190
17 189
9 6
18 140
5 128
26 89
20 181
27 134
8 180
30 3
29 73
10 47
18 59
4 92
33 74
30 27
9 29
33 10
40 89
20 136
34 93
33 61
15 66
39 122
11 139
8 145
32 19
16 67
12 183
19 53
1 141
29 180
14 68
32 17
2 108
1 5
35 40
29 67
2 194
35 114
9 84
36 188
24 175
33 125
26 93
33 84
39 21
2 15
3 47
26 168
3 50
6 66
39 49
33 153
30 109
27 19
7 31
17 31
38 111
33 112
26 125
28 106
2 96
13 172
28 122
11 105
28 177
21 14
7 94
38 67
35 164
18 95
33 61
4 161
10 126
12 119
1 134
9 139
16 43
18 198
30 73
35 103
22 97
21 7
39 69
2 123
15 86
22 152
5 165
2 159
14 12
18 120
2 49
32 91
16 149
22 151
36 47
9 81
39 85
35 89
16 25
28 111
26 185
5 172
24 110
3 151
36 11
15 173
2 96
28 48
36 37
30 93
20 46
21 149
8 30
28 62
28 69
2 26
9 42
30 64
34 149
40 161
27 79
1 96
12 76
24 136
28 11
2 163
38 78
3 108
30 118
20 193
2 47
9 65
20 82
38 106
26 26
15 139
19 111
17 20
15 35
21 93
27 192
2 98
27 164
14 97
18 149
22 159
26 153
22 191
17 167
1 18
26 118
11 10
9 177
16 161
12 145
11 68
31 62
28 194
5 125
12 92
27 140
11 46
35 189
27 110
4 61
36 121
16 19
33 35
40 30
16 38
24 69
16 4
31 44
9 39
23 197
1 12
19 175
26 0
38 50
38 14
11 189
23 168
39 36
37 77
12 40
30 171
37 118
23 144
4 53
17 103
23 153
21 173
5 111
38 155
17 43
27 86
13 140
15 64
13 22
36 194
9 138
18 163
40 20
1 75
17 12
31 54
34 37
38 153
14 115
31 40
10 192
24 179
16 99
9 146
7 95
1 156
11 143
1 110
36 121
29 99
5 176
4 38
8 192
27 48
34 11
36 92
11 75
4 73
13 179
3 47
28 50
9 158
16 88
22 165
2 189
11 156
23 161
40 55
36 103
40 142
22 8
16 180
32 28
31 136
38 55
19 1
25 84
14 91
1 170
11 82
14 192
23 8
35 45
6 7
33 15
38 87
16 131
36 5
21 68
28 65
21 129
22 79
21 39
38 164
40 101
23 59
35 173
15 67
