300
2 98 100 16
10 135 146 20
2 55 61 2
8 159 174 6
5 250 258 14
2 95 98 20
3 225 231 13
2 215 217 7
8 212 221 5
6 218 229 6
5 199 214 14
2 202 204 10
3 276 279 7
3 42 49 8
13 209 225 12
2 47 50 18
15 164 179 18
5 26 37 5
2 92 94 20
2 72 80 5
2 133 138 13
4 269 284 9
5 126 132 3
2 137 139 2
12 173 186 15
2 39 45 2
3 29 45 8
14 261 276 7
7 204 213 9
3 87 95 13
17 280 297 4
3 127 137 1
8 285 301 14
9 53 65 10
11 185 200 13
14 163 180 10
2 251 254 2
11 13 25 3
12 222 239 1
2 186 191 14
6 294 303 8
3 158 161 3
3 228 232 10
13 239 253 11
11 283 294 18
7 295 307 19
4 256 260 14
5 97 104 20
5 76 81 3
5 223 238 15
6 192 204 13
8 84 97 4
6 82 89 11
5 176 193 13
8 297 308 20
2 43 46 16
2 248 250 13
12 191 204 13
9 96 111 20
3 273 279 8
5 102 113 9
7 184 192 10
5 175 184 6
5 240 256 8
5 267 272 4
2 106 114 15
4 274 279 9
2 125 138 19
5 203 214 6
7 223 230 4
12 39 53 2
2 253 255 1
3 259 264 8
2 70 75 6
2 102 105 1
2 121 124 5
10 153 165 2
9 24 40 1
4 273 285 9
2 232 244 9
4 32 47 10
12 225 239 17
7 286 298 3
15 127 142 19
2 136 138 15
12 68 80 8
2 38 41 10
14 87 103 1
2 126 128 5
4 106 111 14
2 228 231 3
9 51 61 2
7 146 154 18
3 201 213 10
5 223 229 6
2 101 103 4
2 266 271 20
9 146 163 15
5 206 223 2
2 187 189 16
3 178 185 13
13 93 108 8
2 74 91 12
8 21 29 2
2 198 205 17
6 277 289 20
13 56 72 16
3 225 233 16
4 5 19 2
11 165 179 12
4 142 148 14
12 113 130 2
6 214 220 11
6 187 195 9
9 48 57 10
3 40 45 3
3 113 119 16
5 74 91 10
2 36 38 18
3 254 265 8
6 267 280 15
6 33 39 20
3 193 201 18
3 68 72 14
10 183 200 5
5 177 183 19
9 82 94 20
9 225 238 19
4 53 59 19
15 194 210 7
2 288 298 4
9 195 206 15
2 245 247 2
5 176 187 14
7 247 258 10
8 101 111 14
5 63 80 11
12 203 215 13
8 185 194 2
2 146 151 8
12 32 49 4
4 197 205 13
5 118 123 9
9 159 170 8
9 20 30 2
6 95 104 20
6 266 283 5
10 228 239 10
4 90 99 20
5 107 118 11
14 192 206 14
3 193 200 15
3 49 52 11
3 219 227 1
9 273 283 12
6 5 14 7
6 197 214 17
8 215 226 11
9 247 259 9
5 113 122 10
5 34 43 14
2 192 204 16
6 186 196 2
7 238 246 12
13 269 282 4
6 253 263 12
4 32 37 16
7 19 33 6
3 179 185 13
6 197 214 1
8 21 29 16
2 236 240 6
4 160 168 7
8 283 295 1
5 49 59 13
2 48 55 12
6 143 152 5
8 207 224 4
3 121 132 8
2 94 96 9
6 124 130 4
2 85 87 2
16 106 123 9
9 296 312 8
2 81 84 20
2 31 45 16
9 70 83 11
3 45 52 4
7 102 109 8
3 113 121 6
8 110 119 13
7 261 271 2
5 212 225 17
3 218 225 15
2 255 258 19
6 194 209 2
2 195 197 2
9 185 196 15
4 153 160 8
3 243 246 6
2 90 94 3
3 140 144 20
14 1 17 9
2 283 285 5
6 56 71 7
4 63 68 7
8 44 53 16
3 251 266 17
4 41 45 18
3 11 19 13
6 44 54 4
2 299 306 16
12 75 90 18
2 168 171 19
2 101 112 12
14 229 246 8
5 41 50 4
7 12 28 15
4 41 47 10
2 99 103 16
11 61 76 3
2 197 199 18
10 207 219 11
4 163 167 10
16 68 84 8
3 243 248 4
4 265 281 3
6 71 79 17
9 88 101 19
12 104 118 9
6 84 99 10
3 276 280 6
4 186 195 2
8 123 133 14
2 260 277 19
3 234 248 20
14 0 17 3
2 104 107 19
6 189 202 1
2 183 186 15
3 64 69 20
3 274 282 18
6 248 257 14
10 139 149 19
7 85 93 8
2 227 232 20
4 32 37 7
2 197 208 13
4 281 285 15
2 71 73 20
6 10 22 8
10 288 300 20
4 98 102 17
17 242 259 14
5 238 249 3
16 147 164 12
13 294 310 4
12 138 154 6
14 174 191 10
6 267 274 14
3 216 220 18
4 61 65 6
2 132 135 18
8 177 192 13
9 242 252 8
5 133 138 2
4 232 249 2
3 24 27 9
9 63 78 6
3 121 124 7
10 9 24 4
3 2 8 12
2 74 82 11
9 211 223 11
7 273 285 14
9 160 170 8
6 196 204 11
2 120 128 14
6 187 194 16
5 214 228 3
4 39 44 3
2 229 233 10
5 288 294 1
4 120 134 5
2 74 89 12
2 253 258 15
3 254 261 12
5 221 232 15
8 76 84 2
2 147 153 6
2 24 30 12
2 277 286 6
2 16 18 19
9 147 162 3
9 298 309 17
3 81 84 16
6 221 227 5
4 86 91 6
12 161 173 7
2 230 232 4
