50
5 184 198 3
8 112 128 18
3 7 12 5
8 155 171 2
2 123 129 12
9 23 34 2
10 92 102 5
7 172 186 3
2 176 178 1
3 46 51 9
6 0 6 19
6 91 102 6
3 180 190 14
3 89 94 1
7 105 112 6
3 61 65 7
3 170 187 20
3 58 62 11
2 109 112 13
3 159 166 4
2 79 88 16
4 78 86 18
3 147 164 10
5 177 182 19
3 44 47 9
4 37 43 1
7 160 175 18
3 2 12 12
4 37 45 15
4 110 117 14
4 107 112 1
16 11 28 10
2 6 9 4
2 30 35 18
5 183 192 17
2 144 149 15
2 126 137 6
4 153 162 13
4 45 50 6
2 170 175 3
5 111 119 18
10 178 193 4
2 102 104 20
4 127 133 17
5 77 89 1
2 168 176 20
6 153 167 7
2 64 73 15
8 192 205 17
5 101 107 5
