400
4 199 203 19
8 231 247 12
10 132 144 17
2 91 94 18
2 5 8 16
7 179 192 7
2 43 47 9
6 334 346 12
5 259 266 11
5 72 84 5
2 307 320 6
2 394 396 4
7 288 296 19
6 319 336 4
2 30 42 10
3 363 378 12
7 367 383 2
8 393 407 9
9 97 114 7
13 364 378 17
13 236 250 9
4 257 261 16
4 176 181 17
15 151 168 14
8 85 98 11
3 90 94 5
2 245 258 20
7 141 158 6
16 243 259 2
10 285 297 7
3 96 104 14
7 231 241 16
11 36 52 20
2 299 316 18
17 278 295 7
3 59 66 10
3 188 191 12
3 111 118 2
9 400 413 7
11 312 323 19
2 103 107 11
5 14 19 5
5 107 113 11
9 359 374 3
4 181 195 2
4 310 322 4
10 86 102 18
2 49 59 13
3 303 306 7
11 113 129 13
3 233 238 15
2 360 362 6
3 111 123 4
2 97 100 9
3 339 344 11
14 177 193 4
2 50 61 19
7 66 74 8
7 293 303 6
11 44 59 8
3 281 284 19
7 81 97 15
11 167 180 8
2 126 133 18
5 324 329 11
12 274 291 18
3 213 230 11
4 264 269 14
3 82 86 4
8 244 253 17
5 19 25 7
6 177 183 12
10 348 365 13
12 390 407 4
10 78 93 3
2 302 305 6
13 281 297 4
2 334 336 5
8 254 262 20
4 1 10 5
8 111 123 18
2 282 285 8
3 50 62 15
3 139 142 9
2 49 51 9
2 396 398 13
2 325 329 6
12 304 316 5
5 59 75 13
3 312 319 2
6 185 193 19
2 32 36 15
2 287 289 12
3 249 255 17
3 258 267 9
2 229 231 19
9 173 185 16
8 364 377 2
13 106 122 7
4 27 35 1
5 36 45 6
7 355 369 4
3 268 284 7
6 297 303 2
5 2 9 19
4 320 324 4
2 175 191 9
8 266 274 20
4 101 107 4
2 61 72 1
5 90 103 5
2 329 332 3
4 257 267 18
5 319 333 11
9 360 372 14
2 303 305 2
3 0 9 13
12 8 21 12
2 140 142 7
2 101 111 5
8 32 49 20
3 265 281 3
3 173 179 13
5 380 386 4
13 85 102 4
4 136 143 17
9 1 10 1
3 232 235 15
3 37 45 20
4 87 104 19
9 60 73 17
7 328 338 13
2 282 291 3
4 319 336 18
4 42 50 16
2 124 126 3
6 313 330 17
8 252 263 2
5 176 181 10
7 198 211 6
2 74 88 17
2 264 269 12
3 339 342 7
2 142 153 10
3 150 160 14
4 355 361 20
10 190 206 8
5 59 74 9
10 27 39 16
6 366 383 5
6 241 247 5
6 293 301 17
2 309 311 18
3 241 248 2
2 196 198 14
8 289 302 20
2 291 294 3
11 155 171 20
8 43 54 4
3 252 256 7
2 274 276 19
7 296 311 15
2 250 266 10
8 324 337 1
3 267 271 1
3 92 105 3
10 50 63 18
11 303 319 19
4 89 93 20
11 137 150 8
13 304 320 12
6 337 352 8
12 196 208 19
9 42 59 20
4 85 89 13
4 216 221 16
15 314 329 14
10 308 320 1
13 354 371 17
6 365 372 19
2 10 13 1
3 366 369 8
5 52 66 8
5 51 63 3
3 355 363 15
2 321 329 2
6 171 179 18
5 73 79 6
5 150 155 15
3 199 205 20
14 69 84 14
10 359 369 17
3 45 50 5
5 143 150 19
4 352 356 15
3 24 37 18
2 201 205 4
3 118 121 5
5 327 335 11
5 101 106 5
7 68 80 17
2 372 378 3
10 339 351 18
3 97 111 4
2 182 185 16
2 36 43 2
9 38 48 1
2 112 125 12
4 299 303 15
9 368 381 14
9 107 120 6
8 248 264 20
16 54 71 6
5 145 150 6
4 283 294 9
2 187 192 16
12 164 180 19
8 255 269 4
2 193 195 17
3 130 133 20
4 190 195 10
3 301 305 3
5 326 331 19
3 87 95 13
7 200 207 19
6 394 401 18
10 19 29 7
2 186 197 16
7 36 53 13
12 332 344 11
4 153 158 18
9 197 209 13
2 58 61 8
10 161 173 13
6 162 179 2
7 25 36 19
3 297 313 18
2 335 344 15
16 22 39 16
2 132 134 14
2 280 284 12
2 176 180 6
4 14 27 13
7 143 153 6
2 177 183 9
2 234 242 10
2 63 69 2
2 216 230 16
4 165 181 10
7 230 245 3
13 54 70 1
9 169 186 19
4 377 389 12
9 112 128 18
2 67 70 2
14 364 378 15
2 343 348 18
3 22 29 20
5 153 169 15
4 321 325 8
2 262 264 6
5 307 313 15
13 356 370 20
16 62 79 14
10 193 206 17
2 354 356 1
2 165 170 7
4 126 134 1
3 97 112 4
3 304 311 6
4 209 226 3
6 383 394 1
5 320 334 1
14 338 353 5
2 261 272 2
2 341 345 7
11 259 276 14
12 274 291 1
9 20 29 11
2 296 309 4
2 121 124 19
3 377 380 16
2 330 332 15
2 290 296 1
2 119 121 6
11 106 121 2
12 42 58 20
3 189 192 9
9 88 98 9
9 51 61 15
10 293 308 13
6 19 32 10
11 390 403 18
5 125 139 15
6 64 73 17
6 305 313 7
10 26 37 5
2 154 169 7
3 170 177 5
8 279 290 4
4 358 368 11
8 299 314 3
2 93 102 8
8 370 378 16
10 177 187 10
3 310 322 1
3 92 100 19
2 36 41 9
5 190 202 4
7 84 96 4
3 267 273 20
14 328 345 20
2 240 246 18
5 137 148 18
5 196 205 12
2 270 272 10
2 39 44 12
2 260 262 2
5 18 33 11
2 313 326 10
6 14 23 17
3 331 340 2
4 291 295 3
3 353 358 3
2 158 169 3
4 308 319 18
4 113 119 6
4 305 314 15
6 293 302 18
6 204 215 2
3 307 314 8
10 309 324 17
10 92 108 11
2 8 12 12
9 226 238 18
3 202 206 18
6 158 168 3
2 252 254 7
13 321 336 20
5 331 339 20
15 359 374 12
8 381 394 13
2 156 158 19
3 24 29 15
5 189 205 6
7 25 35 1
2 47 61 3
4 93 105 11
6 380 390 6
4 186 194 8
15 24 40 19
15 359 375 14
3 163 172 18
11 109 124 13
3 151 154 12
2 166 168 2
2 361 366 15
2 7 9 13
2 74 76 3
2 38 40 17
3 134 141 6
2 159 162 12
3 250 253 1
7 266 273 11
4 208 217 14
3 363 376 13
3 1 9 4
3 300 303 19
4 47 56 1
5 270 278 5
4 3 15 3
3 344 347 2
7 395 402 4
4 24 28 10
2 345 348 18
4 167 178 2
3 253 256 18
10 39 55 18
7 167 183 12
10 260 275 1
10 30 44 9
2 40 48 11
4 6 10 18
2 246 248 10
6 270 277 9
2 341 345 3
16 105 122 15
9 130 139 20
4 193 209 2
16 57 74 10
6 368 379 4
11 11 25 5
6 200 209 14
2 209 214 8
3 214 227 9
9 171 188 10
7 14 27 12
4 390 394 2
7 219 227 3
5 135 140 10
