500
4 331 338 3
2 84 89 10
4 350 356 9
10 34 49 1
3 86 103 18
11 216 228 14
9 256 266 11
9 299 310 8
8 20 28 20
6 334 345 10
2 51 59 2
3 159 167 12
2 396 404 7
8 63 78 14
9 120 130 18
6 478 485 7
3 131 146 10
2 494 506 14
8 8 20 1
6 84 97 16
7 67 74 1
8 50 58 19
4 431 443 4
3 377 385 8
7 387 403 13
2 352 369 20
4 184 197 18
5 110 124 5
3 430 436 6
4 298 315 3
3 115 123 10
8 25 35 16
7 358 373 9
7 87 101 18
6 253 259 2
2 450 452 1
9 332 341 18
12 465 482 15
3 143 153 9
3 252 268 20
8 132 146 8
10 269 281 7
8 430 439 19
2 193 195 19
5 188 193 4
5 194 206 1
9 386 396 11
2 390 394 3
5 154 166 16
2 136 142 3
7 105 119 12
9 68 84 13
3 6 9 18
2 32 35 1
8 221 229 7
4 415 424 9
10 446 457 11
2 338 342 4
4 176 183 8
2 155 157 2
10 164 179 13
3 439 451 12
10 455 467 20
6 92 102 5
16 90 107 5
2 341 348 13
3 147 154 2
7 474 481 20
4 135 152 12
8 55 69 12
8 445 458 2
4 417 421 17
7 224 237 3
3 69 72 11
11 196 209 3
4 295 300 3
5 442 448 12
5 459 466 8
2 20 22 2
2 13 18 12
2 194 197 14
5 106 122 16
7 103 110 17
10 300 313 4
2 287 294 2
5 468 480 16
5 132 149 8
3 442 445 15
7 487 498 20
2 257 260 20
12 271 283 8
7 50 64 20
3 411 415 16
2 230 236 13
3 73 83 20
7 180 195 4
2 467 470 10
5 40 47 2
8 308 319 13
2 67 82 16
4 368 372 15
2 61 64 6
4 113 124 12
11 201 218 16
6 246 252 10
11 439 455 8
4 205 222 16
17 445 462 18
6 426 432 9
5 116 133 10
11 80 96 3
11 162 173 13
3 239 243 14
5 226 239 5
2 329 331 16
5 196 202 17
6 46 53 13
2 122 124 8
5 230 235 9
2 396 398 14
2 315 317 15
8 215 230 19
9 68 82 19
10 462 472 4
7 302 311 14
4 420 435 8
8 389 403 12
2 174 176 9
4 284 291 13
12 271 283 7
8 369 377 18
13 313 329 3
8 287 299 10
5 122 136 15
3 231 237 6
2 322 327 10
5 133 143 5
5 265 273 5
2 10 20 17
5 24 33 2
9 274 284 14
6 64 81 17
12 9 25 11
2 4 21 2
2 251 253 7
4 348 358 3
2 110 127 14
9 229 242 19
2 361 363 14
8 483 495 2
2 479 488 8
13 30 43 20
3 451 466 12
4 322 329 11
4 462 466 2
2 473 475 7
11 195 208 19
3 5 13 15
3 453 460 9
9 439 453 14
7 315 322 16
5 44 49 12
6 5 16 10
5 306 313 16
14 305 321 3
2 446 448 17
8 187 201 11
3 125 130 3
2 262 264 1
11 263 277 5
8 175 187 19
7 188 202 13
12 380 393 14
13 136 152 13
7 103 112 14
3 166 170 14
7 248 262 20
3 476 480 11
2 440 444 20
2 309 312 15
2 315 328 19
3 250 255 14
3 223 231 3
3 381 385 18
4 105 109 4
5 257 262 9
6 252 265 5
6 352 365 14
7 18 31 10
2 322 325 3
2 343 352 1
4 322 332 8
2 52 55 9
16 53 69 6
13 379 392 15
6 369 376 10
6 170 180 8
2 426 435 17
8 346 355 10
6 4 10 6
16 40 57 8
7 244 260 1
12 148 160 10
5 347 355 18
12 394 407 16
3 279 284 2
17 401 418 10
6 239 252 12
2 349 351 3
2 123 125 3
7 263 276 15
4 150 158 9
3 277 282 4
3 250 263 11
2 52 54 19
7 25 33 2
12 227 241 4
5 138 143 17
2 385 390 8
10 454 464 6
8 364 372 17
5 381 390 9
3 251 260 20
4 136 140 6
8 170 184 16
12 33 50 16
6 245 258 6
5 31 39 8
5 447 455 17
4 44 52 11
8 141 157 13
17 414 431 18
10 172 185 5
5 68 78 6
4 46 51 4
15 288 304 16
6 203 215 4
2 397 404 19
7 266 274 9
4 392 397 19
16 423 439 13
3 328 331 9
3 193 202 18
12 392 405 18
3 354 357 5
3 2 9 11
9 240 252 19
3 251 257 3
5 40 46 12
2 191 208 12
6 247 262 3
9 179 194 16
2 295 308 12
5 132 148 3
12 299 313 17
5 338 343 14
2 238 241 18
9 496 508 19
2 290 296 5
2 195 197 6
9 381 393 4
3 144 147 5
4 254 262 8
11 476 493 17
7 469 483 19
6 311 320 8
5 373 378 1
5 69 83 18
9 431 440 2
4 359 363 6
7 426 434 7
5 159 166 13
2 213 215 12
3 20 24 13
3 370 374 12
2 273 275 7
10 66 80 15
16 145 161 20
5 227 233 17
4 22 32 11
9 489 500 13
13 176 190 17
10 383 393 3
3 341 350 7
16 401 417 5
14 330 345 12
9 135 149 9
3 121 127 12
5 444 451 20
2 156 158 14
3 157 160 12
2 60 62 20
2 313 316 19
8 59 71 1
5 357 371 16
2 416 421 14
11 72 88 6
11 417 428 12
8 224 235 17
3 155 159 12
4 82 94 8
2 480 495 7
8 164 174 17
2 121 125 3
3 409 418 15
4 367 371 16
5 120 128 13
5 139 144 15
3 463 476 13
9 184 193 6
6 124 130 4
9 445 457 5
5 190 202 7
5 42 55 14
15 299 314 2
9 424 437 13
3 12 15 8
6 43 58 4
4 379 390 13
3 249 258 8
8 79 88 6
12 243 257 13
3 172 187 7
4 233 240 17
4 422 437 19
5 49 58 17
4 436 444 12
2 24 30 8
14 187 204 10
9 30 43 18
2 331 340 13
3 486 489 4
14 47 64 7
2 410 416 20
7 375 385 12
8 449 459 8
2 143 146 18
8 251 263 17
14 151 165 17
3 55 64 5
6 471 485 7
2 489 496 1
2 94 97 17
16 179 196 9
6 252 259 3
2 323 325 16
4 98 108 7
2 372 374 13
8 350 359 7
5 248 259 12
2 288 290 20
4 291 301 10
6 127 133 12
2 158 166 5
2 311 313 16
3 373 387 20
3 174 189 7
2 69 71 19
8 60 77 18
7 27 34 2
4 283 298 6
2 7 13 10
2 56 70 3
7 280 293 18
2 326 336 6
2 159 163 7
8 325 333 16
4 193 201 19
7 433 446 18
2 214 224 11
7 195 203 15
8 343 356 16
2 7 19 19
2 34 49 10
2 209 211 4
14 136 151 8
13 188 203 15
13 30 43 10
4 436 446 16
11 322 334 18
3 337 348 1
4 368 372 16
5 354 361 10
10 7 19 11
11 217 229 9
5 449 462 20
2 173 180 7
3 117 124 19
8 398 412 19
3 206 210 2
2 162 165 11
5 477 485 8
4 469 476 6
5 174 184 15
11 211 226 17
3 463 475 17
8 294 302 10
12 324 340 14
2 247 249 19
8 106 121 14
7 116 128 8
3 63 73 12
14 275 291 3
2 21 36 6
4 356 368 15
7 417 425 1
3 143 153 14
4 473 481 8
2 393 409 1
3 355 363 6
12 324 341 13
3 31 47 5
2 48 50 19
4 249 260 6
2 262 264 1
2 165 167 20
3 83 86 9
3 219 229 18
5 214 222 11
4 201 207 18
7 395 404 10
2 318 321 2
4 248 252 5
2 142 144 2
3 359 371 20
7 55 63 2
2 307 310 12
3 226 229 16
2 312 319 14
2 70 82 20
6 101 117 11
4 404 410 13
2 190 195 2
6 322 331 12
2 93 101 17
4 407 413 14
2 84 90 2
9 123 134 3
4 380 395 11
5 328 337 4
9 320 329 10
13 133 147 12
6 103 115 9
2 266 269 11
4 316 321 9
6 211 221 5
5 41 55 13
8 346 354 9
3 434 445 15
9 453 464 1
7 50 65 20
2 329 331 2
6 152 165 14
6 23 34 20
6 158 165 10
5 335 342 3
9 92 102 4
2 214 226 14
2 471 478 11
4 374 384 6
3 486 489 10
3 14 18 11
3 279 286 14
6 108 119 20
6 111 119 14
6 417 430 5
7 268 277 3
4 457 474 1
10 373 385 13
3 171 174 10
6 362 371 6
2 474 477 7
5 322 327 2
10 469 480 2
3 227 233 15
2 401 403 15
4 264 271 18
7 183 190 18
2 147 156 7
4 13 30 3
11 40 52 11
2 422 426 16
16 271 288 3
9 302 313 7
2 398 401 14
2 308 312 7
15 194 211 11
4 290 294 16
3 326 339 17
11 332 346 5
3 23 40 15
2 311 313 13
2 427 443 19
3 281 286 2
9 334 348 8
4 58 64 7
5 60 71 16
4 22 35 13
2 168 172 14
9 474 485 12
