200
4 187 196 19
11 14 26 9
2 27 37 14
2 103 105 13
12 46 59 14
13 125 140 1
6 20 28 2
3 174 180 2
9 65 81 2
12 51 65 20
7 189 201 3
6 149 156 12
3 53 60 1
12 94 109 8
4 174 190 12
4 43 49 8
2 173 175 5
2 27 34 13
2 9 15 9
8 79 88 9
3 116 119 6
15 192 208 3
6 132 140 11
7 192 207 16
3 199 202 16
10 2 12 19
2 15 17 1
14 144 158 16
5 79 94 5
7 167 181 15
5 53 64 4
2 114 119 10
7 83 94 18
2 130 134 8
2 171 173 4
8 158 170 18
13 182 199 14
4 164 171 17
2 111 120 5
8 131 145 16
13 68 84 6
15 84 100 16
5 151 157 10
14 34 49 12
4 183 197 11
3 179 185 17
2 199 201 18
10 67 81 10
4 31 39 12
10 141 152 15
5 31 41 16
7 11 24 19
7 27 37 18
7 81 89 10
7 93 102 3
3 50 53 5
2 130 133 8
2 78 87 2
12 58 70 16
2 17 31 20
3 7 18 13
2 74 76 16
7 158 170 2
5 59 69 16
2 142 155 18
12 49 65 14
9 178 187 9
3 12 19 5
5 92 98 6
2 41 46 8
4 197 201 15
9 5 18 19
5 93 109 7
3 90 105 12
2 50 59 17
4 121 133 5
10 125 139 5
10 169 181 11
3 122 138 16
3 144 150 17
9 139 154 10
7 193 206 5
9 182 194 11
10 53 63 18
5 188 201 4
4 189 194 2
2 27 30 8
5 127 133 5
2 129 134 7
4 20 29 9
7 20 36 5
6 112 119 14
4 110 123 17
5 104 119 16
7 58 71 15
12 19 31 8
2 155 157 17
6 11 28 9
3 61 64 11
8 177 190 18
4 96 103 7
3 90 94 2
2 196 204 5
6 186 195 4
15 86 102 6
4 185 191 16
4 125 135 10
6 130 146 1
3 97 103 8
12 20 33 12
10 64 76 17
11 115 129 1
6 18 24 13
3 31 35 11
2 182 197 6
2 149 151 16
3 139 147 11
3 36 53 15
10 31 41 13
3 128 139 5
2 53 56 18
2 33 48 15
9 23 40 1
8 91 100 19
4 99 108 5
3 49 55 6
3 18 25 3
6 4 10 14
11 109 124 7
2 165 167 5
8 14 23 18
8 131 139 12
11 31 47 14
11 18 33 15
3 87 93 17
3 7 12 10
6 185 199 10
4 175 190 14
8 163 171 5
5 87 92 16
13 165 180 8
3 39 45 6
6 48 57 4
4 24 29 16
3 23 29 6
4 195 212 16
2 88 90 18
7 89 106 7
2 150 158 14
17 127 144 17
2 11 28 3
7 179 188 11
3 86 95 3
8 113 123 19
4 43 53 14
3 48 51 4
5 104 114 5
11 95 112 2
2 6 9 13
2 64 67 17
3 154 165 3
9 91 103 19
5 147 163 8
8 187 195 8
6 134 143 17
3 144 153 5
2 12 18 6
15 56 72 15
6 138 149 3
4 98 115 20
5 87 104 7
5 83 100 3
2 69 71 20
11 169 186 4
7 65 73 7
3 70 83 13
2 118 120 17
2 68 70 15
5 64 79 13
3 74 79 4
4 55 59 17
4 140 155 14
6 116 133 17
5 149 155 16
7 168 183 8
3 60 67 2
13 198 215 11
9 128 137 8
2 71 73 2
7 44 61 10
2 91 93 8
7 83 94 6
2 126 128 3
8 68 76 19
4 189 196 7
6 157 172 15
2 37 48 10
10 91 108 20
3 183 197 13
2 100 112 12
