450
1 2.74 4.97 4.69 4.47 
20 509 
10 438 
16 241 
21 457 
24 558 
25 376 
14 624 
8 234 
13 72 
24 487 
24 73 
10 267 
25 566 
7 291 
7 242 
17 627 
10 131 
7 556 
20 88 
12 592 
9 131 
16 144 
18 274 
25 428 
16 27 
7 519 
14 324 
11 452 
23 541 
21 87 
18 651 
15 261 
14 323 
9 570 
25 259 
24 303 
24 519 
24 434 
6 284 
19 39 
11 504 
18 605 
15 308 
9 2 
22 556 
5 78 
17 492 
19 648 
8 393 
10 482 
15 581 
9 64 
15 206 
17 282 
24 129 
10 491 
19 617 
6 542 
22 364 
24 325 
21 671 
19 526 
8 287 
17 211 
20 535 
21 40 
17 280 
19 136 
5 83 
15 585 
7 308 
10 436 
23 122 
9 400 
5 569 
20 418 
15 313 
24 521 
20 297 
7 633 
9 499 
20 141 
17 151 
7 604 
6 222 
17 272 
22 80 
12 574 
10 623 
25 120 
23 315 
22 301 
12 28 
23 354 
11 229 
21 670 
21 207 
9 139 
15 155 
17 115 
7 187 
17 639 
16 314 
9 403 
23 481 
11 481 
14 453 
9 562 
19 582 
19 609 
13 229 
13 364 
7 352 
22 327 
13 371 
20 342 
22 216 
5 383 
17 597 
22 8 
10 192 
11 133 
14 79 
14 469 
15 478 
11 71 
10 138 
14 434 
10 257 
11 416 
9 48 
9 325 
21 92 
5 95 
8 637 
10 555 
15 337 
24 4 
6 134 
13 30 
11 157 
6 62 
22 673 
8 378 
24 316 
16 236 
11 480 
24 598 
9 469 
15 493 
23 499 
25 346 
5 540 
14 40 
19 645 
7 225 
5 218 
5 663 
24 625 
25 674 
12 372 
23 453 
13 288 
8 175 
7 663 
17 299 
10 16 
17 229 
8 327 
15 581 
7 622 
18 629 
5 312 
23 200 
23 176 
19 459 
19 616 
11 307 
25 127 
11 479 
24 127 
12 646 
11 646 
5 558 
20 61 
13 473 
14 607 
18 380 
6 440 
11 38 
5 125 
21 274 
22 242 
7 226 
10 127 
19 263 
25 247 
9 515 
9 297 
25 15 
12 443 
23 672 
24 586 
15 204 
19 373 
11 534 
11 198 
6 424 
9 291 
25 102 
22 49 
13 597 
10 163 
12 402 
10 110 
19 44 
22 594 
24 174 
15 207 
25 170 
8 338 
21 4 
11 478 
8 461 
8 271 
10 158 
8 496 
11 433 
14 104 
10 80 
17 240 
18 329 
23 574 
6 257 
24 56 
14 414 
8 521 
9 376 
16 139 
9 378 
25 632 
15 392 
19 494 
25 81 
21 329 
15 151 
12 425 
11 338 
9 291 
21 400 
6 369 
9 48 
6 435 
25 54 
6 550 
17 402 
10 281 
20 197 
7 197 
17 148 
7 52 
19 578 
6 5 
12 214 
21 665 
14 143 
9 430 
6 531 
19 405 
23 133 
16 474 
12 518 
10 169 
20 520 
8 252 
7 338 
17 372 
11 135 
21 608 
21 293 
14 423 
25 135 
5 121 
11 322 
14 507 
16 198 
15 464 
17 666 
14 462 
22 429 
19 635 
25 343 
8 71 
21 535 
11 241 
10 38 
11 646 
23 673 
13 54 
25 137 
24 342 
6 52 
25 352 
18 503 
21 316 
10 343 
11 13 
12 636 
5 169 
6 261 
15 639 
12 285 
15 117 
6 577 
11 445 
12 169 
14 43 
12 381 
22 452 
6 102 
19 530 
18 162 
16 353 
5 398 
8 547 
12 23 
10 505 
23 588 
13 293 
9 15 
22 172 
24 48 
16 105 
21 262 
17 412 
21 68 
13 294 
20 124 
13 577 
5 369 
7 296 
25 489 
7 144 
10 572 
18 255 
15 178 
14 38 
10 136 
18 472 
25 614 
22 628 
14 498 
11 621 
5 578 
22 388 
11 583 
8 278 
12 522 
10 80 
7 604 
20 325 
19 85 
9 461 
17 364 
20 273 
25 274 
9 369 
18 576 
11 143 
16 583 
25 619 
10 196 
17 608 
15 321 
12 347 
6 180 
23 670 
19 542 
22 113 
12 114 
12 382 
12 531 
23 518 
8 427 
17 45 
17 317 
6 11 
22 58 
19 458 
10 214 
15 281 
7 383 
24 584 
10 344 
6 547 
23 568 
15 31 
9 660 
17 347 
5 117 
9 99 
12 491 
8 368 
14 262 
25 97 
22 136 
13 671 
25 370 
20 29 
8 346 
17 565 
6 639 
23 59 
19 328 
17 388 
22 590 
23 413 
15 192 
9 273 
10 469 
23 160 
16 421 
25 622 
16 640 
21 64 
19 81 
17 263 
10 411 
20 648 
15 232 
25 598 
11 211 
7 67 
25 418 
14 332 
14 496 
21 611 
8 575 
23 81 
9 443 
11 491 
21 277 
23 66 
13 108 
13 558 
9 307 
24 284 
8 156 
14 94 
9 339 
