200
1 4.83 2.08 4.59 3.09 
22 289 
5 193 
6 234 
14 262 
13 177 
6 252 
10 18 
16 239 
6 272 
6 22 
9 148 
15 164 
17 77 
25 125 
16 297 
20 184 
24 155 
24 287 
24 92 
13 94 
14 285 
25 158 
23 66 
15 143 
17 134 
21 54 
11 184 
9 166 
25 251 
9 23 
5 117 
6 17 
12 163 
6 254 
8 4 
8 101 
19 119 
14 53 
7 41 
19 190 
18 13 
19 135 
6 145 
5 168 
12 221 
22 238 
24 158 
16 159 
17 7 
5 54 
15 269 
10 237 
22 109 
14 173 
21 260 
16 233 
5 140 
14 133 
7 72 
8 104 
17 225 
14 226 
8 96 
15 54 
21 82 
21 174 
18 280 
7 141 
18 293 
25 4 
25 297 
21 165 
14 243 
23 139 
17 284 
17 260 
8 257 
13 162 
24 68 
17 299 
25 163 
9 111 
12 191 
8 237 
8 209 
24 111 
14 147 
7 96 
5 280 
21 158 
24 109 
7 194 
12 124 
8 138 
5 277 
16 253 
20 254 
20 106 
8 257 
12 207 
11 145 
21 115 
25 133 
17 184 
14 129 
16 61 
19 277 
25 221 
13 238 
23 197 
22 63 
9 265 
20 200 
18 144 
9 7 
5 97 
21 70 
19 219 
17 272 
13 271 
25 53 
7 28 
5 88 
23 238 
22 235 
24 186 
19 80 
8 138 
13 248 
5 197 
12 271 
15 153 
19 162 
17 299 
5 279 
9 96 
22 151 
7 159 
9 71 
15 276 
12 218 
5 84 
18 261 
10 286 
12 168 
9 177 
16 139 
13 58 
5 277 
9 276 
20 154 
15 19 
6 66 
6 142 
21 218 
25 44 
15 206 
21 169 
20 19 
10 64 
13 219 
11 205 
5 197 
8 147 
15 114 
19 165 
8 113 
20 249 
11 145 
18 160 
11 27 
16 232 
9 32 
11 189 
23 209 
18 198 
13 19 
22 173 
15 299 
18 64 
5 28 
18 39 
24 131 
5 67 
16 140 
10 203 
21 229 
8 35 
16 297 
8 35 
6 26 
7 252 
19 290 
25 8 
14 265 
5 9 
18 124 
15 256 
22 49 
20 82 
