100
1 4.47 1.64 1.0 2.31 
25 71 
9 41 
11 10 
8 61 
7 100 
6 27 
9 98 
5 130 
7 140 
16 39 
17 76 
22 139 
18 30 
14 34 
18 84 
11 134 
5 106 
7 34 
18 137 
6 57 
7 2 
7 142 
19 47 
21 42 
21 97 
9 19 
12 109 
25 61 
5 146 
13 136 
9 84 
23 114 
12 21 
6 80 
17 112 
14 126 
11 30 
25 4 
15 47 
11 89 
21 56 
19 129 
14 122 
16 91 
18 144 
22 132 
5 78 
13 62 
13 50 
19 62 
20 60 
10 136 
7 132 
20 19 
19 107 
22 53 
9 145 
12 40 
13 51 
22 54 
25 131 
8 19 
5 122 
8 115 
21 90 
14 13 
20 32 
21 128 
22 81 
14 110 
16 139 
14 102 
20 60 
20 5 
18 78 
8 95 
14 103 
15 135 
21 68 
9 103 
10 59 
13 146 
5 26 
16 74 
15 9 
9 35 
9 70 
6 132 
25 24 
23 70 
19 77 
7 53 
11 102 
24 134 
8 22 
14 89 
16 66 
13 134 
21 88 
22 33 
