300
1 4.42 1.04 3.09 4.44 
20 438 
14 74 
6 391 
6 159 
11 317 
6 124 
17 435 
15 7 
11 3 
6 356 
8 419 
25 112 
23 157 
10 391 
24 204 
11 57 
21 412 
13 17 
14 439 
9 219 
23 234 
12 344 
19 99 
13 249 
12 80 
5 344 
21 359 
17 284 
18 265 
11 230 
22 334 
15 386 
5 202 
23 181 
15 286 
21 316 
5 447 
9 416 
17 10 
6 279 
21 228 
12 26 
15 252 
13 124 
19 434 
12 1 
11 199 
13 184 
13 127 
12 185 
22 63 
11 281 
25 50 
15 278 
14 132 
7 351 
20 55 
21 310 
6 388 
11 80 
14 150 
25 370 
14 212 
10 79 
20 149 
9 241 
20 240 
25 60 
22 93 
20 202 
24 132 
13 30 
21 210 
7 118 
22 357 
25 274 
9 420 
20 372 
5 162 
5 84 
16 420 
10 109 
9 434 
9 126 
21 334 
23 180 
8 407 
9 47 
6 249 
16 129 
21 259 
18 112 
6 361 
9 371 
10 307 
13 43 
8 373 
12 425 
6 6 
21 405 
19 108 
19 146 
25 72 
8 409 
11 271 
23 244 
17 326 
5 316 
6 387 
9 354 
19 144 
13 232 
7 147 
23 365 
20 429 
24 248 
12 152 
17 409 
19 65 
18 252 
14 200 
9 112 
17 233 
15 233 
11 189 
25 93 
18 43 
13 274 
8 138 
17 358 
19 58 
18 199 
10 448 
16 75 
8 118 
15 159 
7 209 
9 227 
16 123 
13 138 
24 214 
17 336 
17 260 
12 151 
6 198 
6 239 
24 299 
12 257 
12 295 
23 61 
12 426 
10 223 
15 333 
19 399 
23 369 
22 403 
12 112 
20 5 
10 79 
24 122 
6 344 
16 355 
14 220 
25 47 
14 28 
14 413 
15 13 
18 293 
15 361 
23 337 
8 123 
12 72 
25 269 
7 94 
6 294 
5 414 
22 190 
15 366 
24 377 
9 136 
8 20 
14 385 
21 157 
19 262 
10 362 
24 101 
6 439 
18 94 
6 319 
5 115 
8 408 
21 4 
10 443 
21 25 
18 264 
25 151 
18 253 
19 122 
23 71 
21 305 
22 370 
20 386 
11 130 
13 173 
15 222 
6 194 
13 271 
25 143 
10 429 
12 214 
23 272 
21 301 
14 298 
15 50 
20 110 
22 54 
9 138 
18 431 
10 270 
17 273 
16 369 
9 205 
10 259 
23 321 
13 3 
18 201 
10 29 
6 350 
24 32 
5 2 
24 414 
7 154 
11 101 
8 405 
25 187 
7 205 
7 259 
9 312 
24 139 
7 79 
16 275 
12 227 
14 169 
19 175 
20 78 
9 183 
7 124 
10 113 
9 94 
8 360 
16 417 
21 365 
11 420 
13 259 
22 421 
15 295 
22 383 
24 19 
6 324 
24 128 
15 265 
18 262 
11 133 
23 420 
15 224 
7 418 
19 11 
15 103 
19 419 
16 121 
15 31 
7 164 
17 352 
25 82 
14 178 
6 90 
17 268 
8 246 
7 43 
11 24 
15 423 
23 437 
16 196 
20 334 
14 157 
19 154 
6 56 
22 366 
10 380 
15 268 
5 71 
10 142 
20 385 
12 269 
16 275 
21 312 
13 331 
20 190 
21 112 
17 219 
