500
1 4.6 4.22 3.19 1.26 
9 377 
17 611 
13 210 
13 654 
7 622 
7 315 
9 540 
22 30 
10 535 
23 104 
22 714 
24 726 
24 530 
15 698 
13 2 
13 420 
24 374 
10 235 
9 119 
21 418 
25 532 
7 372 
13 507 
10 319 
24 139 
9 31 
24 664 
20 488 
10 5 
6 182 
23 69 
22 121 
21 13 
14 522 
11 45 
20 542 
10 209 
17 71 
9 639 
10 466 
5 118 
20 670 
23 340 
25 717 
10 29 
19 149 
17 496 
18 745 
18 570 
19 540 
23 246 
8 117 
13 358 
7 95 
16 140 
11 483 
15 672 
5 528 
14 494 
8 464 
21 348 
16 635 
13 423 
19 514 
18 616 
8 309 
23 620 
15 42 
13 599 
11 359 
17 262 
16 112 
14 675 
6 260 
21 6 
10 48 
21 489 
6 655 
13 79 
25 711 
6 330 
10 180 
10 452 
7 456 
14 639 
19 47 
23 401 
25 211 
24 512 
13 281 
16 112 
14 257 
6 124 
17 324 
12 327 
15 642 
22 705 
11 383 
23 564 
12 597 
14 430 
23 507 
7 636 
18 574 
23 490 
20 74 
6 721 
20 3 
8 736 
25 671 
15 560 
9 713 
17 476 
18 600 
8 178 
22 297 
18 663 
16 594 
14 510 
15 574 
25 33 
5 276 
5 388 
12 297 
15 121 
22 351 
16 741 
8 578 
18 736 
9 382 
12 315 
12 478 
12 146 
7 643 
25 225 
25 198 
6 231 
21 663 
21 641 
20 379 
7 467 
10 197 
5 475 
22 555 
17 458 
5 4 
20 687 
13 739 
8 358 
9 712 
21 588 
25 220 
21 498 
10 352 
9 55 
13 713 
10 342 
12 122 
20 304 
8 373 
13 573 
24 36 
8 742 
13 373 
19 573 
21 185 
16 33 
23 708 
5 18 
10 111 
23 308 
15 46 
23 317 
20 344 
17 321 
14 334 
7 69 
21 698 
17 180 
5 149 
18 605 
5 328 
21 163 
17 208 
9 103 
25 488 
19 158 
25 281 
10 296 
23 176 
20 635 
20 131 
8 325 
23 735 
7 447 
7 401 
24 474 
15 270 
13 708 
18 671 
7 285 
6 450 
19 292 
19 378 
16 715 
25 151 
8 226 
21 404 
6 62 
7 419 
11 670 
20 37 
9 413 
6 548 
7 676 
14 639 
6 268 
17 103 
10 203 
21 717 
6 747 
22 437 
16 34 
5 88 
24 616 
13 326 
22 365 
19 637 
18 727 
16 506 
15 749 
6 42 
17 110 
5 443 
8 600 
9 588 
18 88 
15 25 
19 701 
22 518 
10 178 
7 336 
22 515 
21 743 
6 215 
14 472 
6 141 
5 427 
21 311 
20 621 
23 2 
22 673 
22 702 
15 221 
7 306 
10 647 
15 612 
24 610 
12 523 
20 612 
16 42 
11 13 
7 574 
23 675 
16 696 
18 322 
7 469 
11 385 
20 280 
25 600 
19 30 
20 696 
11 178 
12 701 
18 663 
9 230 
11 676 
21 96 
12 220 
22 669 
24 146 
24 365 
8 544 
17 426 
23 327 
24 138 
18 632 
12 57 
8 600 
19 202 
16 93 
11 95 
7 465 
14 368 
16 736 
19 89 
7 233 
16 580 
17 500 
7 100 
21 561 
12 746 
20 12 
22 590 
14 556 
13 101 
12 278 
18 321 
23 294 
21 42 
14 278 
21 544 
8 155 
16 548 
25 183 
8 108 
21 658 
19 670 
16 514 
13 254 
9 173 
13 498 
25 554 
8 363 
25 519 
15 113 
16 219 
5 224 
10 89 
21 413 
13 593 
15 639 
19 480 
7 371 
16 76 
25 515 
25 113 
21 53 
13 110 
15 67 
19 670 
21 530 
13 8 
23 189 
20 716 
24 672 
11 470 
25 573 
6 54 
7 367 
25 622 
11 147 
19 69 
16 625 
9 745 
11 668 
16 197 
9 316 
8 429 
22 481 
8 5 
19 678 
25 236 
22 140 
23 156 
21 207 
25 234 
20 405 
15 415 
5 273 
23 19 
13 551 
8 261 
5 54 
17 532 
8 29 
18 26 
18 194 
22 149 
21 68 
8 38 
20 60 
24 574 
11 378 
22 507 
23 183 
25 199 
23 488 
10 97 
24 726 
17 519 
13 502 
5 417 
21 176 
10 96 
21 560 
10 7 
9 329 
10 525 
20 16 
14 88 
7 547 
12 720 
7 572 
15 713 
24 568 
11 174 
15 613 
8 394 
19 644 
15 738 
14 414 
5 252 
19 507 
7 161 
21 354 
20 271 
6 214 
22 396 
25 503 
25 709 
16 406 
9 258 
20 558 
10 721 
18 84 
23 331 
9 124 
16 527 
9 463 
6 430 
19 56 
15 712 
18 561 
7 466 
15 180 
12 377 
11 62 
19 636 
12 24 
22 147 
17 431 
25 720 
22 597 
25 348 
18 546 
13 461 
17 657 
8 482 
20 77 
16 111 
13 362 
7 571 
7 720 
17 721 
19 127 
12 326 
15 500 
21 718 
8 576 
19 401 
17 650 
14 560 
11 505 
6 653 
23 145 
16 372 
17 157 
5 128 
24 749 
13 689 
16 73 
5 379 
8 110 
14 506 
12 429 
18 675 
6 76 
24 94 
19 51 
19 194 
5 688 
16 58 
21 161 
14 264 
17 693 
14 304 
21 72 
8 151 
6 269 
25 231 
20 384 
15 234 
20 339 
5 372 
5 674 
25 616 
14 200 
14 264 
11 325 
