250
1 4.76 1.43 3.55 1.33 
23 128 
22 31 
16 91 
25 173 
18 297 
5 214 
21 107 
8 344 
12 281 
18 292 
19 303 
5 336 
14 40 
12 199 
16 73 
6 176 
25 248 
21 186 
20 324 
21 126 
17 289 
18 88 
9 126 
13 65 
24 363 
23 350 
8 58 
12 86 
9 162 
19 178 
9 234 
25 227 
22 48 
19 32 
18 208 
7 280 
11 90 
16 367 
25 347 
7 56 
6 44 
11 288 
11 120 
8 141 
9 186 
23 163 
13 182 
6 248 
21 18 
6 99 
8 350 
21 312 
23 337 
11 243 
10 178 
9 359 
8 99 
25 173 
7 182 
11 70 
18 364 
17 99 
11 94 
16 289 
8 74 
6 54 
5 292 
25 41 
8 372 
13 263 
13 266 
24 272 
10 114 
14 58 
16 332 
15 137 
15 26 
8 354 
17 297 
8 9 
21 248 
18 41 
22 374 
24 197 
16 63 
16 331 
8 344 
7 278 
5 12 
8 48 
19 261 
22 83 
12 107 
5 334 
23 241 
11 282 
19 80 
21 112 
20 58 
9 312 
17 278 
13 67 
6 181 
23 358 
10 369 
24 188 
17 258 
22 274 
24 229 
17 82 
10 135 
7 323 
18 314 
13 293 
17 141 
11 371 
10 38 
9 307 
19 362 
23 147 
13 308 
14 299 
19 312 
24 207 
11 26 
19 88 
9 51 
5 129 
12 336 
5 279 
19 97 
16 266 
18 339 
10 191 
12 50 
19 154 
7 369 
22 63 
5 101 
15 176 
13 193 
6 328 
21 127 
24 299 
9 155 
5 238 
25 236 
11 261 
23 119 
22 278 
11 244 
23 97 
18 225 
6 50 
10 141 
13 318 
13 212 
13 314 
8 238 
20 264 
20 271 
9 367 
15 355 
24 209 
18 63 
21 14 
7 249 
16 282 
13 271 
13 204 
20 92 
11 22 
22 352 
10 276 
16 47 
25 63 
23 0 
8 270 
25 21 
12 317 
9 79 
13 371 
15 354 
7 344 
20 90 
7 271 
8 214 
5 269 
13 129 
9 129 
17 110 
21 83 
22 38 
21 275 
24 105 
5 134 
5 294 
23 94 
24 298 
13 42 
14 248 
5 219 
25 293 
20 18 
24 347 
25 39 
25 36 
17 328 
16 320 
22 104 
23 214 
11 221 
22 124 
11 140 
14 95 
18 190 
11 126 
25 146 
16 255 
15 68 
9 131 
22 181 
17 33 
16 182 
12 325 
22 79 
5 171 
13 365 
6 50 
20 371 
24 297 
24 318 
18 36 
25 362 
6 19 
16 250 
23 144 
15 20 
23 169 
7 2 
12 68 
21 356 
13 243 
14 171 
9 206 
17 287 
13 200 
14 73 
21 208 
17 338 
