150
1 2.92 1.19 2.38 1.23 
25 216 
23 172 
17 13 
16 31 
22 93 
10 92 
8 175 
8 166 
7 127 
24 176 
5 41 
16 107 
5 57 
13 201 
17 58 
16 33 
19 73 
24 203 
20 112 
9 16 
5 3 
12 70 
10 32 
25 54 
11 103 
8 102 
20 149 
5 89 
9 199 
22 105 
15 149 
21 212 
18 31 
8 94 
20 103 
9 210 
18 46 
12 156 
22 206 
5 13 
8 156 
11 155 
10 2 
7 156 
19 217 
6 132 
12 102 
11 173 
25 104 
21 38 
6 177 
18 137 
14 46 
19 126 
12 162 
11 71 
9 78 
16 30 
18 112 
8 222 
23 170 
9 172 
12 56 
24 61 
16 11 
11 62 
18 53 
6 175 
20 224 
7 192 
25 129 
12 147 
19 76 
24 39 
8 133 
22 37 
24 92 
13 54 
5 106 
7 75 
20 176 
18 148 
14 194 
6 163 
14 67 
10 76 
18 124 
14 45 
20 68 
22 163 
10 47 
5 50 
20 217 
24 211 
20 131 
6 97 
8 11 
10 128 
13 50 
13 137 
5 145 
6 156 
20 112 
9 117 
10 13 
25 20 
5 104 
20 219 
7 61 
18 217 
16 109 
19 2 
14 90 
6 79 
19 206 
11 183 
15 82 
11 104 
19 7 
22 6 
22 72 
15 48 
7 178 
20 30 
14 206 
21 200 
16 103 
21 163 
14 60 
22 217 
25 168 
11 111 
24 157 
7 59 
10 123 
19 126 
11 44 
25 204 
8 118 
9 196 
16 25 
17 21 
7 204 
14 149 
5 97 
17 14 
22 19 
23 134 
17 127 
11 138 
