350
1 1.97 3.09 4.47 3.92 
14 292 
5 371 
11 178 
9 474 
10 424 
21 100 
21 195 
8 286 
18 95 
18 172 
19 165 
15 354 
24 376 
18 295 
8 269 
18 28 
25 443 
16 432 
11 489 
7 315 
15 406 
25 470 
24 80 
9 95 
17 153 
17 423 
14 367 
25 195 
7 161 
23 105 
17 24 
23 321 
17 324 
24 20 
14 432 
19 476 
13 163 
22 464 
13 214 
21 387 
5 441 
11 114 
10 22 
12 63 
5 36 
17 107 
7 125 
22 498 
8 349 
5 229 
15 218 
6 394 
10 104 
16 88 
5 117 
6 188 
15 4 
11 371 
6 268 
6 511 
20 210 
16 415 
22 306 
18 95 
14 468 
10 471 
20 288 
25 341 
23 90 
18 415 
13 278 
16 236 
21 36 
7 188 
21 42 
17 305 
21 131 
19 327 
24 491 
10 171 
24 407 
5 181 
11 115 
24 46 
11 19 
17 328 
6 133 
20 254 
19 344 
7 349 
22 179 
15 202 
15 517 
23 227 
8 20 
12 465 
19 100 
24 195 
7 286 
7 428 
8 186 
7 268 
10 417 
10 144 
8 460 
14 69 
15 377 
20 78 
17 285 
20 201 
10 165 
21 489 
22 6 
13 43 
19 460 
23 351 
15 419 
15 431 
5 149 
11 486 
7 383 
9 381 
17 177 
23 520 
25 146 
23 458 
5 253 
15 461 
10 518 
22 195 
7 285 
22 215 
12 25 
7 335 
25 292 
17 319 
22 70 
25 417 
12 276 
10 427 
13 281 
25 351 
5 148 
23 195 
12 359 
5 445 
7 128 
14 441 
13 217 
5 420 
16 297 
9 20 
12 272 
15 156 
7 307 
22 181 
16 351 
18 512 
16 5 
19 161 
22 82 
8 516 
24 222 
18 149 
11 480 
8 18 
15 19 
10 245 
6 457 
11 313 
10 78 
24 383 
20 328 
6 176 
22 261 
6 478 
20 365 
7 218 
5 0 
21 321 
15 489 
18 166 
18 431 
9 163 
11 93 
11 347 
10 140 
7 388 
19 26 
6 473 
25 107 
10 383 
19 453 
12 7 
17 167 
16 281 
25 226 
14 492 
7 427 
13 453 
18 186 
13 320 
15 175 
12 172 
6 199 
7 159 
6 159 
8 306 
19 277 
25 358 
8 226 
14 37 
19 160 
10 357 
10 415 
16 44 
8 29 
12 8 
25 468 
23 447 
11 512 
22 266 
11 301 
20 506 
21 4 
23 178 
8 329 
22 83 
24 26 
19 2 
11 379 
9 24 
6 430 
15 18 
22 431 
11 412 
7 428 
14 21 
9 197 
24 17 
22 497 
6 173 
17 517 
13 44 
5 440 
9 188 
20 134 
18 73 
12 93 
24 138 
21 188 
15 172 
6 174 
5 402 
5 481 
6 353 
22 290 
6 275 
13 489 
22 45 
20 267 
24 34 
25 522 
23 434 
22 305 
21 189 
16 12 
17 377 
11 217 
24 326 
23 240 
5 259 
15 72 
15 182 
18 204 
15 449 
9 135 
21 502 
7 395 
9 443 
20 4 
7 503 
15 385 
21 255 
14 376 
19 466 
12 364 
14 324 
13 452 
23 390 
5 403 
22 307 
18 353 
13 67 
8 300 
22 413 
15 357 
10 65 
24 314 
20 352 
6 513 
7 53 
15 84 
22 147 
7 457 
12 510 
5 305 
19 326 
7 12 
6 261 
21 517 
8 165 
21 55 
11 73 
7 63 
23 226 
23 514 
13 344 
24 128 
16 241 
16 40 
23 288 
16 227 
16 219 
23 287 
16 120 
9 80 
22 419 
19 45 
20 114 
15 139 
8 175 
6 159 
21 291 
5 126 
25 65 
25 220 
7 383 
12 252 
17 22 
5 301 
11 455 
12 176 
21 271 
10 67 
5 396 
12 216 
24 292 
16 52 
14 176 
