400
1 2.0 4.57 2.44 1.9 
24 530 
25 449 
18 58 
24 47 
23 354 
16 18 
10 543 
25 328 
7 144 
22 131 
20 15 
20 162 
7 203 
18 247 
7 289 
15 441 
9 134 
5 164 
25 190 
6 66 
16 307 
8 128 
9 219 
17 466 
22 561 
8 136 
25 95 
11 193 
18 100 
11 240 
20 12 
19 242 
6 156 
15 264 
25 593 
10 245 
10 496 
18 363 
6 488 
16 495 
20 64 
6 25 
10 21 
21 272 
24 352 
15 38 
22 279 
18 130 
8 361 
15 48 
13 515 
7 301 
14 396 
15 163 
25 260 
9 39 
23 178 
20 432 
22 568 
18 10 
8 487 
12 534 
21 67 
10 411 
25 551 
20 584 
17 159 
5 327 
19 320 
19 33 
9 297 
23 144 
21 439 
18 217 
21 113 
11 140 
12 12 
5 200 
11 456 
14 93 
23 314 
10 79 
15 354 
8 458 
6 427 
13 527 
6 397 
6 61 
22 29 
13 103 
12 309 
23 410 
19 64 
8 28 
21 143 
21 529 
9 23 
9 314 
12 98 
16 123 
9 149 
22 342 
6 249 
19 452 
13 254 
16 559 
8 593 
16 465 
21 459 
19 250 
22 267 
10 354 
10 501 
7 138 
21 219 
13 561 
21 393 
19 412 
21 345 
14 515 
19 443 
10 464 
5 127 
11 520 
23 254 
11 201 
9 443 
5 201 
25 430 
14 461 
9 533 
17 61 
11 275 
17 29 
22 597 
18 440 
6 325 
24 277 
5 467 
11 368 
24 104 
7 84 
23 55 
8 415 
16 134 
15 141 
25 467 
13 245 
18 598 
21 550 
20 55 
6 568 
18 114 
7 87 
11 20 
18 389 
13 516 
12 442 
13 74 
17 295 
19 385 
9 37 
13 29 
22 167 
5 366 
17 102 
22 37 
7 312 
24 291 
8 436 
10 290 
7 433 
24 338 
24 3 
22 513 
20 330 
10 413 
5 223 
19 33 
19 253 
21 115 
5 571 
11 520 
15 556 
25 327 
17 379 
8 147 
16 171 
14 579 
7 379 
12 486 
11 32 
24 47 
5 500 
19 210 
6 278 
9 291 
8 265 
11 304 
24 160 
9 121 
25 103 
8 398 
9 321 
24 187 
16 249 
12 458 
21 580 
8 132 
24 1 
12 219 
17 364 
24 60 
9 539 
5 583 
8 89 
7 587 
9 536 
11 165 
18 156 
5 231 
15 498 
17 14 
18 253 
23 151 
13 495 
11 329 
18 413 
13 597 
5 493 
25 389 
17 72 
20 7 
24 487 
13 166 
18 127 
20 562 
12 82 
6 359 
14 455 
15 75 
25 549 
19 144 
23 336 
7 228 
13 24 
19 186 
7 452 
13 166 
21 120 
6 329 
16 506 
20 116 
20 288 
6 166 
9 101 
6 183 
18 472 
20 8 
17 519 
18 461 
17 434 
5 530 
14 328 
8 55 
14 271 
16 533 
14 105 
21 332 
9 208 
15 86 
15 260 
12 384 
20 168 
25 131 
18 302 
12 356 
13 285 
20 405 
10 424 
10 489 
16 289 
17 455 
24 200 
13 232 
21 313 
11 495 
17 419 
17 45 
15 312 
18 15 
13 211 
9 586 
5 291 
23 510 
11 95 
14 217 
20 361 
5 12 
16 533 
23 332 
19 232 
9 399 
11 255 
18 554 
6 526 
5 454 
7 393 
16 285 
12 299 
22 461 
10 234 
24 538 
19 29 
24 26 
11 379 
6 379 
9 12 
7 229 
14 215 
8 556 
6 76 
6 497 
10 479 
22 311 
9 386 
13 182 
9 365 
25 548 
18 17 
13 12 
6 151 
19 152 
8 517 
14 36 
24 178 
25 377 
12 39 
9 467 
14 543 
11 183 
12 544 
14 141 
11 174 
23 146 
9 328 
19 8 
7 413 
15 361 
11 110 
12 117 
9 577 
15 31 
18 556 
5 3 
5 193 
11 458 
13 40 
8 274 
24 366 
20 322 
9 285 
14 261 
23 155 
17 164 
20 436 
12 525 
11 25 
5 236 
16 531 
23 386 
12 192 
6 261 
6 369 
19 398 
24 137 
24 555 
11 491 
12 268 
8 188 
25 233 
11 549 
13 376 
25 313 
19 518 
16 417 
20 318 
12 479 
15 418 
23 562 
7 428 
13 171 
15 75 
16 260 
16 107 
9 281 
14 241 
15 509 
21 1 
19 552 
