500
10 185 196 9
6 283 294 7
10 494 504 6
6 334 345 9
8 399 408 4
5 313 324 9
5 7 21 7
9 138 153 2
4 96 100 4
2 353 356 9
1 390 393 1
3 161 167 8
2 309 321 5
1 331 335 9
1 195 197 9
1 280 283 10
1 167 168 5
1 303 305 5
2 443 448 10
6 321 332 5
7 14 25 10
3 223 226 4
10 210 225 6
9 187 196 2
2 46 52 7
9 286 296 3
2 369 372 10
6 210 220 2
2 301 308 1
5 125 140 4
4 184 196 10
7 124 139 7
6 193 207 3
1 73 86 5
9 159 174 4
2 117 127 10
6 441 447 5
5 402 416 10
1 108 114 6
1 186 188 2
4 217 221 9
7 221 236 6
1 11 17 2
2 494 498 8
8 156 167 5
4 182 188 2
2 260 262 7
5 314 319 3
8 104 116 6
3 209 220 8
4 272 283 7
6 252 258 3
8 33 44 3
8 280 289 6
1 183 186 6
6 459 468 6
1 419 420 9
1 310 311 9
4 30 35 10
7 116 127 1
6 84 94 4
1 300 305 2
5 5 19 7
14 243 257 10
4 283 295 9
1 339 342 4
8 445 456 2
2 385 397 10
5 33 47 3
1 403 406 7
5 110 120 4
1 410 424 10
2 18 20 1
3 137 143 3
6 145 152 9
2 403 405 2
8 203 214 7
2 341 344 8
4 86 92 5
2 457 460 6
1 493 500 1
3 172 175 1
3 70 82 1
5 16 29 5
4 492 497 6
7 161 168 8
7 105 113 2
11 16 31 3
2 17 20 5
7 131 139 4
7 140 149 7
2 333 339 10
4 123 129 8
3 124 127 7
6 59 68 6
1 278 283 2
3 184 189 6
1 194 199 3
8 407 420 9
2 329 332 6
2 8 21 3
3 137 150 3
2 17 21 4
7 135 145 4
3 228 237 9
5 478 486 7
9 52 64 9
2 217 229 1
11 75 86 10
8 221 229 6
10 9 19 10
3 100 108 1
1 463 470 1
12 419 432 7
2 137 144 5
4 428 440 5
1 312 313 5
1 416 417 3
6 84 91 1
1 441 449 9
1 443 452 8
1 272 273 5
12 83 98 4
7 156 168 10
10 371 382 8
1 32 35 9
4 430 438 9
2 41 45 10
9 467 476 9
5 18 31 5
9 82 96 1
6 301 308 4
1 389 392 4
1 352 354 5
9 411 423 3
8 496 504 7
9 222 233 3
7 156 163 10
4 434 441 1
10 400 413 6
5 216 228 6
7 254 265 1
8 140 150 4
6 64 72 4
1 10 15 4
7 130 137 10
6 440 451 10
8 380 395 6
3 481 488 5
2 406 411 3
5 107 122 1
3 306 314 1
2 186 188 1
15 386 401 5
5 338 343 5
1 426 427 6
9 132 145 10
5 73 87 3
5 37 42 3
14 41 55 5
1 337 339 7
2 289 297 10
2 325 335 7
10 238 252 3
1 385 399 3
1 91 99 1
7 115 122 8
9 126 138 2
4 181 195 9
6 6 12 7
4 358 362 10
6 179 193 3
8 101 109 9
13 315 328 6
11 431 442 4
2 168 170 4
1 41 44 3
4 30 43 2
1 327 334 1
1 265 273 3
10 246 258 3
3 329 335 1
4 347 354 6
7 189 201 3
4 105 111 1
10 380 390 5
3 46 57 5
2 170 172 9
11 13 26 7
6 218 228 9
1 33 38 3
6 441 448 2
2 244 250 4
7 162 174 4
5 25 30 7
2 139 146 9
3 355 361 1
11 26 38 8
13 227 242 4
4 281 289 4
1 336 338 2
8 248 261 10
8 178 192 5
5 82 88 5
7 282 295 10
6 352 366 6
1 311 319 2
3 8 12 8
2 236 238 9
1 199 200 8
2 423 434 1
2 343 345 1
2 327 329 2
8 101 112 1
9 407 416 5
6 499 505 2
12 292 307 7
8 287 295 6
6 438 450 5
5 13 22 10
1 323 325 9
1 160 161 4
1 401 402 6
1 154 164 2
5 32 41 5
4 143 147 8
1 293 308 8
3 141 155 7
4 340 353 1
13 234 248 4
2 283 287 8
4 60 67 8
4 128 132 4
4 79 83 8
4 14 18 6
11 250 263 2
1 192 198 8
3 162 174 2
2 395 398 1
6 437 449 1
7 36 51 5
2 256 260 8
4 80 90 3
2 481 486 3
2 313 318 2
6 77 87 8
1 479 483 6
6 262 274 10
8 320 335 2
2 206 211 1
1 310 316 6
5 226 235 4
2 133 140 7
4 271 286 8
9 466 476 10
6 355 366 8
9 132 143 2
3 260 267 4
7 474 481 8
1 144 159 9
7 231 245 1
9 174 187 10
6 152 162 5
1 239 240 7
2 249 262 8
6 391 397 8
4 183 188 6
5 27 36 7
1 446 448 10
4 17 24 3
1 236 244 4
1 191 204 9
1 409 411 2
11 138 152 5
1 33 37 10
2 172 174 8
3 56 60 8
11 238 250 3
11 92 106 8
1 390 393 4
6 45 60 7
1 266 281 5
1 12 20 5
6 378 385 1
6 64 75 1
1 137 141 4
8 435 443 1
4 465 471 10
3 277 280 10
10 450 465 4
1 391 394 8
6 290 299 4
2 413 417 7
5 59 67 1
12 97 110 8
2 399 404 8
4 1 13 10
13 195 208 7
2 464 466 7
1 272 274 5
6 241 256 6
7 384 399 10
5 330 345 6
5 257 265 9
1 486 501 5
4 372 386 3
1 150 161 9
3 215 223 8
5 235 241 4
4 203 209 9
1 62 65 7
3 254 258 1
3 354 363 5
6 158 169 3
5 97 103 9
1 180 184 7
2 255 261 6
3 285 297 10
2 409 416 2
6 127 138 6
4 394 406 6
9 128 139 3
4 5 18 4
1 42 44 1
1 469 479 10
4 37 42 10
1 267 270 6
4 440 450 4
6 403 411 7
7 103 112 7
1 90 91 2
5 101 116 1
13 65 78 2
3 315 319 6
1 252 253 1
10 264 276 3
3 127 140 2
4 206 210 3
8 328 339 9
1 439 447 1
2 199 206 9
3 65 70 9
11 444 459 8
2 223 227 4
1 324 327 1
1 210 219 7
8 431 441 4
3 453 467 3
6 299 307 6
4 4 10 7
10 275 290 10
2 430 432 5
10 412 426 5
5 467 477 8
2 307 320 3
1 154 164 5
8 29 37 4
4 467 473 4
1 349 357 5
9 173 182 8
4 373 381 3
14 308 322 1
1 161 162 2
1 51 66 5
8 333 344 9
1 167 168 2
7 426 437 6
5 143 149 10
2 113 116 2
8 182 191 10
2 407 413 5
3 179 185 8
5 27 39 6
5 367 376 6
2 190 192 10
3 176 181 3
2 466 474 5
7 368 376 7
4 342 348 1
3 212 217 9
5 303 311 4
4 133 140 3
12 366 378 2
5 385 390 5
2 154 163 8
2 22 24 6
3 478 481 5
5 250 259 2
8 377 385 3
6 493 508 4
12 80 94 3
2 134 137 1
1 3 5 5
4 450 465 7
10 279 289 10
7 466 476 8
4 157 163 4
2 320 322 9
2 21 27 9
7 18 26 9
3 356 360 1
1 313 315 9
11 306 320 8
7 111 120 6
9 315 325 6
1 325 338 10
10 341 352 2
9 246 255 1
1 180 181 5
1 113 114 2
4 165 175 10
3 134 146 7
2 491 493 2
1 473 480 7
5 57 64 5
1 261 274 2
9 349 362 4
2 158 163 2
7 133 141 1
3 155 159 7
9 346 357 4
9 24 35 6
1 435 439 7
2 324 328 2
10 194 205 7
11 447 460 8
2 119 127 1
8 365 374 2
3 186 197 8
3 269 277 6
6 197 203 9
1 426 430 3
1 238 244 4
8 461 473 10
2 237 239 7
9 65 77 2
4 296 300 1
2 457 460 10
4 237 244 8
3 424 427 8
4 411 415 6
1 100 103 8
2 105 108 10
5 438 449 6
1 452 458 8
4 427 433 1
2 368 381 4
6 394 408 3
3 80 83 5
2 27 29 7
4 481 486 4
5 168 177 2
2 471 479 4
15 7 22 7
1 139 141 1
1 18 19 6
8 365 377 10
1 130 135 7
1 463 466 6
1 424 425 6
6 407 414 2
10 291 302 4
5 57 71 6
5 147 153 2
11 126 139 8
3 14 25 6
4 305 313 5
1 110 112 7
3 178 189 6
1 112 122 6
2 357 363 7
5 7 17 5
3 191 198 3
1 70 81 9
3 481 485 4
11 465 476 7
7 90 97 7
1 265 266 2
5 269 275 10
4 130 135 3
4 332 337 7
3 195 206 2
2 365 367 3
1 434 444 8
12 149 161 6
5 207 218 5
6 59 69 3
5 361 367 4
1 1 15 8
2 305 307 7
3 363 370 1
1 104 105 1
2 305 308 9
7 69 78 8
1 157 158 5
1 220 223 5
13 18 31 2
3 107 110 9
2 50 57 9
8 80 90 2
