50
2 17 31 5
2 31 35 10
1 23 25 6
7 42 51 2
11 42 53 4
5 13 18 2
3 19 24 1
1 49 50 3
7 22 29 2
5 38 49 1
1 45 51 2
3 8 12 8
1 46 59 9
2 33 35 8
4 41 45 1
1 34 37 6
9 28 39 4
5 50 57 5
8 16 24 7
1 27 33 8
9 31 43 1
6 35 49 9
8 43 52 10
2 18 20 6
4 31 43 5
3 10 16 3
1 44 45 6
13 20 34 10
1 29 42 8
1 32 41 6
1 23 24 10
13 43 58 2
1 3 7 4
2 45 50 3
1 21 22 4
3 10 17 3
4 42 46 5
2 15 23 7
10 45 56 2
15 33 48 4
6 22 29 2
1 48 51 5
4 13 19 2
3 23 30 3
3 48 52 2
3 15 22 2
8 47 62 7
4 29 33 4
11 37 49 3
6 41 50 10
