300
3 164 169 3
6 78 86 4
1 86 87 2
9 268 278 2
6 36 51 9
12 214 226 9
11 222 233 5
9 69 80 10
1 153 157 5
8 108 118 6
9 280 289 3
6 155 166 4
2 186 192 7
5 56 62 2
9 125 140 4
5 286 297 2
2 152 154 5
3 256 262 6
4 73 79 7
3 261 266 9
1 55 56 8
10 39 54 2
5 281 290 2
5 31 42 6
6 145 156 8
12 14 26 1
11 265 276 9
1 187 190 1
3 208 212 6
2 162 170 1
6 74 81 2
4 238 253 5
4 127 137 3
4 288 296 7
3 232 245 2
2 185 198 2
10 278 293 2
4 90 100 2
10 248 262 1
4 247 254 4
7 288 300 9
6 251 259 2
3 118 121 10
7 238 246 10
12 179 194 6
2 223 225 6
11 203 218 10
9 253 266 7
1 267 275 4
3 257 260 1
10 131 141 4
4 274 281 2
3 113 121 4
2 296 298 3
7 135 143 4
7 117 127 8
2 244 251 3
13 170 183 10
2 291 294 9
3 190 200 7
14 122 137 5
5 213 218 1
10 148 159 9
1 242 243 9
4 87 92 1
10 13 26 7
7 102 117 4
3 14 23 6
2 160 162 4
4 63 69 8
7 258 271 6
1 97 102 2
3 132 135 8
1 43 44 10
2 56 58 9
2 181 183 3
3 153 166 2
1 150 162 4
6 69 81 8
2 17 20 2
3 39 46 7
5 224 235 7
7 181 188 9
1 75 77 10
5 7 13 5
3 273 276 2
11 45 57 7
4 103 107 5
10 256 267 1
11 286 299 9
2 145 147 3
3 277 281 3
3 228 243 10
1 29 30 10
3 158 169 2
3 91 96 10
6 163 169 4
12 148 161 5
9 149 158 9
10 287 297 3
3 194 206 4
4 133 138 1
1 17 18 6
2 19 29 5
1 105 109 9
3 192 197 5
3 255 258 6
5 72 87 7
10 68 78 7
3 289 297 9
8 280 291 1
2 38 43 2
7 164 174 1
5 174 185 3
8 92 104 6
4 93 99 6
2 173 176 6
5 27 38 10
4 64 69 10
1 130 137 6
8 77 92 10
4 3 12 9
10 61 76 10
2 89 91 5
1 267 276 6
2 120 125 3
3 162 174 8
11 295 310 1
6 36 47 1
3 211 214 1
3 128 131 7
1 257 261 10
1 17 18 10
5 47 58 4
1 212 213 5
7 54 61 1
6 229 236 5
8 281 293 10
12 238 251 8
7 288 302 5
9 271 286 2
3 106 113 3
2 296 302 8
1 243 255 8
5 21 34 1
14 49 63 9
12 136 148 8
2 187 189 6
5 92 103 1
1 185 189 8
2 220 225 4
1 245 249 1
5 274 280 1
3 213 219 2
15 68 83 3
1 6 21 1
8 142 151 9
3 1 7 2
7 217 225 5
1 113 115 6
15 153 168 4
7 126 139 5
3 204 217 6
2 271 273 4
1 248 250 7
10 269 280 5
3 12 17 8
3 210 215 5
2 287 299 2
1 38 49 10
1 78 79 2
1 297 300 5
3 58 66 2
7 202 209 3
6 28 40 2
1 213 214 7
3 238 243 10
3 221 235 5
1 44 45 5
3 174 184 9
7 160 171 6
1 188 192 9
9 68 83 3
9 277 286 2
6 296 303 3
3 294 300 7
2 113 115 7
15 26 41 6
6 22 32 9
5 206 216 3
4 242 249 10
2 155 161 6
1 31 32 3
2 290 292 8
4 4 17 5
4 198 204 1
3 88 97 7
2 208 217 3
11 112 124 4
8 190 203 10
8 161 172 4
9 212 225 4
4 115 126 5
1 2 3 2
1 266 268 8
1 43 54 3
8 292 304 10
4 3 14 10
1 184 190 6
1 85 100 4
1 112 122 3
11 257 272 9
4 264 275 10
6 259 266 2
1 293 299 7
9 109 118 8
5 226 236 1
6 141 147 6
2 253 258 7
2 192 205 8
5 46 51 5
2 275 277 7
5 250 255 9
2 277 279 5
1 154 155 1
7 163 174 10
2 65 75 8
2 210 221 7
4 116 128 9
1 292 296 10
1 189 196 4
4 271 285 5
12 291 306 2
7 107 114 7
7 196 210 9
2 164 170 7
2 175 178 4
5 289 296 1
9 157 168 9
2 225 233 8
2 271 273 4
1 178 182 1
3 246 250 1
4 157 166 9
7 65 72 6
3 131 141 10
9 262 277 9
13 114 129 2
1 129 144 5
1 79 80 6
1 206 207 4
2 206 210 7
4 75 79 9
3 177 192 9
3 68 76 7
4 52 62 4
3 76 89 10
2 279 284 7
5 286 292 3
6 54 69 5
1 293 298 5
5 52 58 8
11 199 213 4
1 24 25 4
10 78 91 9
4 298 313 4
2 285 298 7
2 222 226 5
5 59 68 8
7 111 119 2
3 55 63 10
4 17 31 4
5 110 115 8
14 259 273 7
3 211 217 7
1 129 140 7
2 218 221 7
14 219 234 6
5 175 180 9
2 123 129 1
14 200 215 6
1 55 69 7
10 252 264 3
2 128 133 2
1 192 197 5
1 35 36 8
2 129 131 8
4 191 206 3
7 224 231 10
1 37 39 4
1 280 283 3
2 74 78 10
13 123 136 6
5 188 196 2
12 84 98 2
14 197 212 10
13 81 94 6
7 66 74 10
2 159 164 3
6 176 182 6
