400
7 293 306 1
3 309 312 1
3 30 42 10
6 395 401 6
5 107 119 6
1 145 148 6
2 197 200 6
3 392 396 7
6 213 228 1
8 2 11 3
3 54 59 5
2 213 217 5
1 310 311 6
1 309 319 2
8 37 52 6
5 237 248 8
6 339 353 2
12 359 371 7
3 374 386 8
7 222 234 1
2 225 227 1
1 307 313 2
1 302 304 1
3 325 335 9
3 149 160 6
2 375 390 9
1 98 109 1
5 333 342 10
1 34 39 2
8 398 412 2
10 293 308 6
4 179 184 10
3 109 119 8
9 54 63 2
1 365 366 5
2 100 113 6
4 219 229 4
1 171 172 2
1 223 237 3
3 60 64 3
4 385 398 6
4 9 17 8
1 397 402 9
3 167 182 10
1 50 52 1
11 141 156 1
6 222 232 7
1 339 342 3
13 147 160 2
13 36 51 9
4 293 305 3
5 43 52 10
1 138 140 4
1 217 219 6
2 104 108 3
9 381 394 8
1 169 170 4
1 298 299 5
5 185 194 2
1 292 293 10
4 22 35 10
2 162 164 5
1 47 48 5
1 61 62 6
10 390 400 5
3 159 168 4
3 237 245 3
2 277 279 10
1 252 256 8
1 349 358 8
1 89 90 6
1 184 191 8
1 29 30 8
2 216 218 7
6 54 63 10
6 67 81 7
5 383 398 2
7 381 394 7
6 232 247 9
3 81 85 8
4 212 219 10
2 121 127 3
2 390 395 10
13 129 142 10
7 322 334 10
2 263 270 4
7 226 235 2
1 61 63 2
8 366 374 5
2 213 216 4
5 98 103 4
6 99 114 4
11 203 217 2
11 15 28 10
1 394 398 8
11 48 59 9
1 383 397 6
2 145 154 4
2 254 257 6
1 239 243 9
4 333 341 1
9 152 164 9
15 291 306 8
4 317 324 5
4 362 369 8
1 256 268 5
7 110 119 3
1 102 103 3
9 236 251 3
3 166 177 6
7 323 330 2
7 264 278 2
10 69 79 1
4 295 301 5
1 6 10 8
1 270 271 4
1 76 88 8
5 94 99 3
3 269 273 7
3 278 282 7
6 259 270 8
9 393 402 1
4 395 409 5
6 315 323 9
6 208 216 9
4 356 361 4
2 180 186 8
3 395 398 6
2 376 379 10
10 283 298 6
8 399 414 9
4 145 151 9
5 318 328 8
1 251 253 10
3 46 55 3
2 250 255 7
6 184 192 1
6 224 237 4
5 87 95 7
1 338 340 1
6 41 52 7
4 23 29 4
1 350 361 5
2 375 382 5
9 87 97 8
6 157 167 9
4 296 300 1
7 37 50 7
2 117 125 10
9 221 230 1
2 24 27 7
2 231 239 4
6 105 118 8
2 37 41 9
3 244 247 8
4 44 48 7
9 374 385 6
6 241 255 10
2 192 199 8
9 190 202 6
2 2 5 2
1 333 335 8
6 368 377 5
2 123 138 3
3 400 404 4
7 6 16 4
3 90 105 6
8 303 314 6
7 86 93 4
1 57 60 5
4 241 251 9
10 71 82 7
3 247 258 9
8 337 348 4
2 186 195 6
1 367 372 7
2 377 380 4
10 108 123 4
2 201 216 4
1 308 311 2
1 160 161 1
3 101 113 3
8 340 354 3
6 177 189 2
6 207 218 10
1 202 204 7
4 30 34 5
3 117 129 5
11 253 267 1
2 295 301 8
12 252 264 7
2 74 82 4
5 380 391 5
1 216 224 9
7 146 158 5
6 46 55 8
11 307 321 3
6 331 340 9
3 86 96 7
2 94 100 10
2 5 8 5
4 58 71 4
10 267 279 10
1 260 265 5
9 6 17 2
9 387 401 4
1 214 215 5
8 287 298 9
9 396 408 4
1 67 78 6
1 267 272 3
3 395 401 6
9 346 361 5
1 214 222 3
10 160 175 4
4 308 314 8
3 358 369 9
3 120 130 8
1 296 300 1
2 118 127 9
3 356 362 2
2 54 60 8
6 264 272 3
1 319 324 5
6 71 85 1
2 284 287 4
8 229 238 6
3 58 63 1
4 102 114 9
6 23 35 9
11 226 237 5
3 212 221 6
2 164 179 7
13 228 242 10
3 149 154 5
7 106 113 10
4 85 89 6
4 14 18 2
1 35 36 3
1 152 157 5
1 239 242 1
1 307 308 7
8 46 58 7
1 267 268 4
4 214 228 3
1 383 388 10
2 381 383 3
8 383 398 10
1 93 95 8
3 334 337 7
7 3 15 4
1 112 113 6
5 155 168 10
7 173 186 9
2 133 148 4
9 252 266 8
3 387 392 3
1 360 369 4
3 152 166 7
1 350 351 2
3 89 99 9
1 44 46 9
3 127 131 1
5 99 109 6
2 339 342 10
2 230 236 3
4 209 213 3
2 232 235 1
2 117 121 2
14 305 319 9
2 208 213 4
8 122 132 5
6 51 61 6
8 27 39 2
1 385 386 1
7 131 145 1
3 81 96 1
13 208 222 5
1 202 206 3
6 50 60 2
1 149 156 4
2 172 176 5
1 174 175 9
3 19 27 10
1 339 352 1
1 124 130 9
3 146 152 1
1 337 340 4
1 127 128 5
9 253 263 7
2 123 125 8
2 139 152 10
3 109 116 2
2 90 93 6
9 333 342 8
5 27 32 8
13 147 162 7
2 385 391 8
9 364 379 3
5 399 405 9
2 197 204 2
7 61 76 2
7 365 375 6
8 179 187 6
1 23 26 5
7 332 342 4
2 341 355 4
5 212 222 4
5 62 74 10
7 394 403 7
4 280 284 5
1 270 283 9
3 301 305 2
5 19 24 9
9 154 168 2
2 190 194 6
4 315 326 9
3 52 55 4
5 288 299 5
6 47 54 4
6 347 354 6
2 42 45 2
4 31 40 8
2 144 147 5
7 98 106 7
1 320 327 5
1 75 77 4
2 171 178 3
10 308 318 3
8 276 286 1
1 120 121 4
6 190 205 2
7 342 353 7
1 385 386 2
3 107 113 8
7 310 319 10
2 44 53 2
8 53 63 8
7 25 36 5
8 365 374 4
2 314 326 10
7 364 373 6
2 278 281 3
1 50 51 5
3 134 141 1
4 147 158 4
2 6 14 10
2 33 38 2
1 356 361 1
8 117 125 3
2 287 290 3
2 342 349 3
5 296 301 2
12 95 109 7
2 100 103 3
5 109 124 4
15 183 198 7
2 239 242 3
3 57 68 10
11 388 402 4
2 85 87 7
8 47 59 1
1 85 86 9
11 38 49 4
7 231 245 6
7 46 56 10
4 202 210 4
3 16 21 6
1 49 52 2
10 183 193 3
2 110 112 5
1 271 275 4
2 88 91 8
4 103 111 5
1 165 171 9
4 319 325 10
3 224 233 7
4 43 48 5
5 211 216 7
1 397 402 3
3 253 259 8
2 110 113 2
6 318 330 4
1 149 153 6
5 278 292 2
3 205 208 3
1 233 234 2
5 339 347 1
1 284 298 5
11 262 277 1
3 328 339 8
6 293 303 8
3 198 202 9
2 212 227 6
1 306 307 7
14 198 213 6
2 216 223 4
1 19 28 9
11 393 404 7
2 164 166 8
