450
7 232 245 4
9 192 203 6
3 225 228 10
1 346 347 1
1 175 177 8
1 421 422 4
4 20 27 10
1 397 399 5
1 301 316 10
4 35 40 9
2 179 189 6
3 438 441 6
11 421 433 9
2 437 439 1
12 149 162 5
3 278 288 4
6 443 449 10
1 258 271 3
13 226 241 6
6 64 77 8
12 26 41 4
12 153 166 4
2 366 368 9
7 185 199 4
6 321 334 6
5 138 146 9
5 33 44 7
6 23 35 7
7 176 187 10
9 147 159 1
4 193 208 7
1 137 146 7
6 87 94 7
1 212 224 10
6 261 271 8
1 381 383 5
3 222 237 1
2 388 392 8
3 386 390 6
4 329 334 3
10 6 18 5
4 364 374 5
4 234 240 3
1 51 53 6
2 296 303 5
1 43 50 5
1 55 58 10
1 365 367 4
3 106 110 5
2 167 169 8
9 54 64 6
9 223 232 2
5 171 177 3
8 348 356 3
3 386 397 4
2 423 434 7
1 173 174 10
1 228 229 4
1 118 122 4
3 294 303 2
3 307 311 5
1 229 230 8
1 143 147 9
2 232 235 7
1 111 126 3
6 118 132 6
5 269 277 2
1 258 262 4
3 18 31 9
1 107 109 1
10 316 328 5
12 359 371 3
2 227 236 4
6 165 179 2
3 137 143 9
2 100 102 1
6 85 97 3
11 286 300 4
4 255 259 9
2 181 184 7
4 77 91 8
2 391 403 2
5 236 245 10
5 341 349 3
13 386 401 9
3 420 428 3
1 43 57 4
1 256 262 1
1 188 190 6
12 181 194 4
3 406 416 9
2 98 100 6
2 130 136 5
13 340 354 5
2 408 420 9
9 423 433 7
6 208 217 2
6 240 250 10
1 270 272 2
1 436 437 1
4 408 421 1
2 142 151 6
4 229 244 2
8 8 21 5
1 360 363 1
11 247 261 7
3 268 279 8
14 284 299 2
1 26 27 5
6 415 428 6
1 74 75 5
1 124 137 10
3 176 180 4
2 67 70 2
5 77 82 7
2 101 107 9
1 389 397 7
5 177 182 9
5 334 344 5
2 145 156 3
8 108 116 9
2 189 193 9
6 355 367 9
6 200 207 10
3 196 207 9
1 415 424 8
6 183 191 6
1 242 243 1
6 444 457 1
4 150 162 7
7 395 410 10
5 72 85 7
5 181 186 5
5 189 196 1
13 260 275 10
3 399 403 8
1 112 119 3
2 62 74 1
1 337 349 1
8 278 289 3
1 332 337 8
2 352 364 6
2 340 343 5
5 434 440 10
2 334 347 1
5 33 40 8
11 177 190 3
9 27 38 3
7 201 215 10
13 219 234 4
6 441 447 4
1 142 152 3
4 276 288 8
6 300 306 2
3 19 25 7
6 369 378 5
1 282 283 1
1 165 166 5
8 245 258 10
2 358 362 2
4 438 442 5
3 85 88 1
5 349 364 3
3 197 205 3
1 335 338 8
1 413 416 3
1 260 268 6
3 181 186 2
5 446 451 1
4 133 137 3
4 89 103 2
2 347 353 5
10 94 108 4
3 108 119 3
10 386 396 8
1 22 25 8
5 293 298 8
6 410 416 7
2 125 131 3
1 53 54 9
3 244 254 1
2 75 90 1
2 151 153 3
2 69 71 4
9 302 314 3
6 147 154 8
2 11 25 4
3 262 265 2
1 343 345 2
2 359 361 9
1 245 253 2
3 450 457 2
11 123 135 5
1 378 379 3
11 147 158 2
1 394 401 1
9 224 237 2
7 117 129 6
4 152 156 5
6 14 22 6
1 293 295 10
6 382 390 4
4 145 157 4
5 327 341 5
7 137 148 2
6 323 335 10
2 402 407 3
5 406 421 7
4 52 61 3
9 172 182 2
6 211 224 2
12 6 21 6
6 299 308 7
2 80 82 7
8 334 344 3
11 433 444 7
4 357 365 9
3 375 387 10
11 255 266 3
6 142 149 4
6 418 428 7
8 358 367 7
7 23 30 7
4 289 296 10
4 448 453 6
2 30 39 4
7 132 139 4
1 278 289 1
2 255 257 10
11 18 33 7
6 277 283 4
1 185 187 5
12 438 450 1
2 14 16 4
6 12 21 5
11 253 266 4
2 260 264 1
2 124 130 9
2 289 296 5
2 125 135 10
13 125 140 7
4 76 89 10
4 314 328 7
4 330 334 6
8 404 415 3
5 43 49 1
12 15 30 9
4 174 179 9
8 25 39 10
4 219 226 8
4 329 338 9
9 308 317 2
1 127 129 5
8 123 132 2
5 2 8 8
2 102 105 6
5 20 26 3
6 86 92 7
4 67 79 6
1 414 416 2
9 295 308 6
1 328 332 8
12 296 309 6
4 390 398 2
1 440 441 9
5 427 436 1
4 83 90 10
2 435 441 2
6 102 113 4
4 421 425 9
1 102 106 7
2 73 81 6
1 447 449 6
2 38 41 3
10 416 426 3
5 163 174 4
6 54 65 10
1 433 435 10
7 110 117 4
4 72 84 9
4 307 320 3
1 282 285 7
4 424 432 5
10 273 288 2
1 225 234 10
8 415 427 1
2 40 42 3
3 114 129 7
1 116 117 1
3 165 173 9
10 139 153 5
4 405 411 7
1 269 272 5
1 430 431 2
1 4 12 6
1 414 417 10
11 216 231 7
8 405 419 4
1 235 245 1
1 234 235 4
5 139 147 6
13 225 239 8
1 16 19 10
5 319 324 6
4 159 173 7
3 264 272 8
5 96 104 9
2 8 18 3
11 255 268 7
5 251 266 3
5 290 303 6
5 226 237 4
1 366 369 10
7 407 418 7
7 346 357 4
7 392 400 6
2 104 117 2
10 200 214 3
3 32 35 7
2 116 119 5
10 27 38 5
2 434 437 5
10 155 170 5
4 157 164 5
3 264 267 5
2 96 99 6
9 308 319 2
5 150 156 4
1 405 407 6
1 335 336 6
10 133 144 9
1 436 441 6
7 225 235 4
2 372 378 7
1 163 165 9
5 45 51 7
1 430 443 10
1 313 314 1
1 34 35 7
1 322 323 2
6 76 82 1
2 205 208 3
9 377 390 6
3 45 49 4
2 341 346 5
1 257 258 7
2 59 65 3
8 330 338 5
3 91 94 4
5 288 296 7
1 117 119 8
4 443 456 5
1 166 167 8
2 336 342 8
2 408 411 2
1 265 266 5
1 383 384 7
4 133 138 1
2 199 208 2
9 283 292 2
4 214 229 4
3 333 342 6
1 234 240 4
3 436 450 5
4 63 73 6
3 101 112 3
4 91 97 5
4 8 22 2
9 192 201 6
5 393 408 7
6 17 30 8
2 80 94 9
5 351 363 3
4 344 350 3
1 444 452 8
1 308 310 6
6 134 143 7
10 337 347 5
1 46 47 3
8 448 463 9
1 201 205 2
13 160 174 6
1 64 66 7
10 400 411 7
2 216 225 3
4 166 171 9
9 59 68 3
9 81 91 2
3 87 92 7
7 134 143 5
4 50 58 5
1 59 62 1
8 222 232 7
7 31 39 1
1 188 190 3
1 304 305 3
12 385 399 8
2 384 386 9
1 117 126 9
3 380 389 2
8 152 162 4
8 372 380 9
9 127 138 6
3 210 217 1
1 23 25 9
6 26 34 10
4 363 372 5
6 300 312 10
3 272 277 6
2 30 43 2
4 408 414 1
1 427 435 10
5 95 110 8
4 333 340 2
2 346 348 8
3 140 152 8
11 230 243 1
12 301 316 8
4 408 420 4
4 402 410 9
10 57 68 10
2 426 440 1
1 6 20 9
8 267 281 7
4 278 293 2
11 242 254 8
3 79 89 2
1 271 272 4
2 169 173 7
5 400 415 5
3 171 175 4
2 164 175 6
2 384 398 5
1 407 416 4
10 11 22 2
2 67 75 8
1 310 316 7
1 398 408 7
2 425 433 6
13 80 93 5
7 257 268 10
4 211 216 2
7 112 124 6
1 342 343 9
6 169 183 3
4 404 408 7
5 72 85 2
5 388 397 6
6 284 297 9
6 267 273 3
