150
8 85 95 10
4 129 133 6
3 44 55 6
6 9 23 1
5 97 103 7
10 72 85 7
7 114 124 6
1 73 75 2
4 74 88 8
1 35 36 10
8 43 51 1
4 131 141 6
2 104 112 6
5 92 98 4
5 67 80 3
10 139 150 2
1 46 51 10
11 135 150 7
1 78 90 10
9 45 54 5
4 73 83 5
4 117 123 5
2 88 103 10
10 121 132 5
4 121 132 1
7 12 20 7
4 7 11 5
6 48 55 4
5 100 115 3
6 31 46 5
1 96 102 2
6 130 136 5
4 35 49 7
6 105 111 10
7 124 131 5
2 14 22 8
1 41 42 1
3 63 78 6
5 40 46 6
4 112 122 3
9 70 82 8
2 145 147 5
1 33 48 5
5 40 55 6
1 124 130 7
4 69 83 6
6 32 44 8
12 49 62 8
3 116 123 6
6 118 125 4
1 49 50 6
1 142 153 5
7 135 146 4
6 53 64 1
5 33 41 7
7 102 115 4
8 131 145 3
3 145 155 7
2 110 114 6
5 51 60 7
7 42 49 5
1 36 48 7
1 66 69 9
1 24 25 3
1 130 132 5
6 76 89 9
4 7 20 2
2 112 118 8
8 75 84 8
2 150 154 9
6 83 89 1
11 134 149 7
13 66 80 8
5 4 10 4
3 6 12 7
1 24 27 4
8 99 107 2
1 19 20 5
2 69 74 2
5 50 56 4
7 63 70 4
1 148 149 8
1 54 55 5
3 32 45 3
3 60 65 4
1 104 105 4
7 82 92 5
1 75 76 8
2 14 24 10
1 43 44 2
3 143 146 7
6 69 82 8
1 9 19 4
1 98 105 10
1 130 131 3
4 69 80 8
5 94 104 10
3 119 132 4
1 71 72 10
2 144 150 6
2 46 54 9
1 79 88 9
4 27 42 2
8 149 162 7
6 41 54 2
8 67 80 4
2 28 40 6
6 30 44 10
4 52 65 10
2 121 136 3
14 129 143 9
1 83 87 3
4 90 98 3
6 54 63 9
5 14 23 2
4 2 6 9
5 77 91 2
4 51 55 6
5 6 12 6
1 8 10 2
1 45 46 8
7 83 92 9
1 103 112 5
1 22 23 2
2 140 147 5
4 115 123 1
6 106 112 6
3 55 62 6
14 76 90 5
2 129 133 6
4 111 124 8
6 20 28 6
4 116 120 9
1 5 7 1
10 125 136 10
4 37 44 6
1 79 81 9
4 93 108 5
1 52 54 7
3 131 135 4
10 29 42 2
11 84 96 2
8 1 12 6
1 91 101 6
4 4 10 7
10 18 33 4
2 32 37 4
2 71 73 8
1 59 62 3
9 14 29 10
