250
1 175 180 4
2 177 179 5
3 240 243 9
5 147 158 2
5 100 111 4
1 130 135 7
5 216 229 8
1 169 173 7
5 79 94 8
7 62 69 3
10 185 196 3
2 82 86 5
1 180 186 10
9 94 108 9
1 166 167 4
1 15 22 3
8 114 123 3
7 171 184 6
2 205 219 8
2 146 149 3
6 167 178 6
1 127 133 6
1 121 126 3
8 96 105 7
5 36 51 4
3 105 117 10
4 121 126 9
8 128 140 2
2 83 85 7
3 195 203 4
7 51 61 3
5 128 137 5
1 161 164 9
3 81 95 1
4 167 178 9
2 193 196 8
3 206 211 10
1 93 100 3
7 52 65 9
5 146 151 3
3 63 69 8
9 44 59 9
5 177 182 4
2 222 226 4
6 248 261 9
5 191 196 6
3 134 137 10
2 236 238 2
8 208 220 7
2 53 67 3
9 47 56 7
2 162 165 10
4 197 205 3
1 156 168 1
1 236 238 4
15 66 81 4
3 154 168 5
1 213 215 6
2 199 214 8
1 98 104 4
2 137 147 8
9 152 164 4
4 119 125 10
2 193 204 7
4 105 111 7
2 131 137 8
2 217 220 2
2 75 77 6
2 39 44 1
3 22 25 8
2 130 139 4
7 197 208 2
2 225 227 4
12 224 237 1
7 143 153 8
7 24 32 6
1 61 70 1
4 16 24 9
6 52 58 5
2 193 204 9
3 112 119 6
12 199 211 3
5 241 248 7
7 204 215 7
2 236 247 1
2 25 27 8
1 131 132 8
1 230 245 4
4 125 131 6
3 227 236 8
2 227 230 8
8 121 136 8
1 220 233 1
2 218 223 3
1 119 123 8
5 59 68 3
12 126 139 3
1 151 153 3
1 49 51 7
7 3 11 3
14 210 225 6
7 156 169 6
1 146 148 6
7 99 110 9
3 222 227 1
1 231 232 6
6 210 221 2
1 201 202 6
1 130 137 5
4 139 146 9
6 235 244 2
10 159 170 4
6 19 28 5
1 66 71 9
2 162 172 4
10 249 264 3
8 205 219 2
2 219 222 6
8 121 135 5
2 62 64 10
9 96 105 8
10 26 37 1
1 114 124 5
6 155 162 10
1 30 43 8
1 227 229 4
4 14 23 6
2 81 83 4
8 47 61 4
1 142 145 6
9 18 29 7
5 193 199 4
2 175 179 4
3 200 203 5
1 177 187 3
6 221 234 10
7 94 105 10
1 48 52 9
4 83 87 4
5 70 80 2
3 165 170 10
8 2 10 8
3 188 194 4
1 17 20 3
12 45 58 5
12 53 67 2
1 195 198 3
5 220 227 4
2 69 84 9
2 243 256 1
2 77 90 6
9 224 238 7
5 104 111 1
3 112 125 1
12 73 88 9
1 45 57 10
1 103 112 10
4 54 59 8
7 239 252 1
9 69 81 2
5 65 75 7
5 158 165 6
4 160 171 7
4 90 103 8
2 85 92 3
9 196 205 10
4 74 82 9
1 211 216 10
2 180 192 10
1 200 201 9
4 46 53 1
4 128 134 6
3 221 230 9
2 86 92 7
1 107 108 8
6 152 160 9
4 161 166 3
8 179 190 9
1 201 208 8
2 164 171 3
1 239 240 5
5 60 66 1
14 70 84 9
6 193 200 10
1 182 186 2
3 136 140 9
4 225 240 3
3 105 108 7
6 88 95 10
3 29 33 10
1 91 92 1
8 222 236 10
1 87 88 3
3 240 252 3
1 62 63 2
6 108 116 6
2 189 192 6
14 105 119 9
6 224 235 7
4 170 175 7
3 200 203 2
9 128 138 4
10 16 26 8
4 222 236 3
9 46 56 6
10 106 117 8
3 183 186 3
2 213 216 7
6 112 123 10
2 161 168 7
1 1 9 8
2 70 85 4
1 130 134 3
1 159 173 9
1 39 54 4
1 136 137 6
1 203 206 7
9 28 42 3
4 195 200 8
3 141 144 5
3 67 79 9
4 72 76 1
11 244 256 7
6 40 47 8
2 242 257 7
3 82 88 2
2 250 261 9
1 195 196 9
1 188 189 7
8 183 191 8
1 45 49 2
1 176 181 8
1 227 228 3
6 106 116 10
8 141 154 6
5 237 244 6
1 247 256 6
3 117 123 6
3 6 11 2
2 51 53 2
6 59 69 10
1 82 86 7
2 193 200 7
8 215 227 10
2 201 208 6
8 141 153 4
1 17 24 8
2 134 136 1
1 78 80 3
1 125 132 2
