150
8 31 43 4
9 789 802 10
10 302 316 2
4 806 810 9
9 173 182 1
2 745 748 8
9 716 727 7
6 633 640 8
8 331 342 5
7 687 694 3
4 623 632 10
6 566 574 1
4 59 63 7
5 52 58 2
3 195 203 9
9 629 638 7
4 602 609 6
4 43 50 10
4 3 10 1
9 667 678 5
7 704 715 4
5 540 546 8
2 230 235 10
4 325 334 6
10 377 392 6
2 613 616 8
4 135 140 8
10 126 138 10
4 161 166 4
2 354 359 4
8 211 222 3
9 600 613 2
8 180 192 6
2 59 63 9
10 526 538 8
7 142 152 3
2 590 596 6
3 627 635 5
4 442 450 7
2 642 644 3
5 463 471 6
9 710 719 7
1 544 546 10
1 19 22 9
6 154 163 3
5 228 238 6
5 170 180 9
10 732 744 9
8 568 578 2
4 187 196 3
3 641 647 9
10 31 46 7
6 371 380 5
4 266 271 5
7 82 91 4
4 769 774 10
3 82 90 1
6 168 176 1
10 377 387 6
7 91 102 7
7 735 742 6
9 705 714 2
9 729 739 8
6 580 591 7
6 560 566 7
6 439 446 1
3 110 116 4
7 800 807 2
2 209 216 9
4 486 490 7
3 265 271 1
3 378 382 7
8 144 157 1
4 520 529 3
3 48 51 5
2 553 559 8
7 108 117 7
3 231 235 2
9 417 429 3
4 272 277 2
10 129 142 7
1 687 690 4
2 406 411 8
4 653 659 9
9 633 646 9
5 318 323 4
10 46 58 3
2 503 509 7
2 234 237 1
7 32 41 5
4 369 377 8
5 693 700 5
1 811 815 6
2 109 115 7
7 388 398 4
1 42 45 7
7 228 239 6
8 630 641 2
7 715 724 7
6 361 368 2
8 252 260 1
5 323 328 5
9 334 343 6
7 654 661 2
3 720 726 5
8 755 768 1
3 698 701 5
1 430 434 10
8 617 628 2
5 606 613 5
2 441 445 3
2 824 827 1
5 428 436 8
2 107 110 2
5 101 109 1
10 57 69 4
5 624 630 10
2 73 76 8
9 170 180 3
7 459 469 9
5 590 596 2
3 347 352 5
10 258 268 10
10 481 495 3
6 85 94 1
2 346 351 9
1 613 614 7
5 800 806 7
2 462 464 3
6 196 206 6
5 809 816 3
5 663 672 4
3 343 350 3
8 417 426 4
8 128 136 9
4 144 153 8
8 232 243 3
1 375 381 4
8 764 772 5
4 47 52 7
3 483 490 1
10 209 224 7
1 197 200 7
3 527 530 7
6 206 214 8
6 411 422 2
1 550 553 5
3 4 8 6
9 570 581 6
8 458 469 7
