50
6 165 172 6
1 207 210 7
6 107 116 7
3 24 27 2
10 98 113 6
9 250 263 6
1 188 191 9
1 243 249 9
5 101 106 9
7 223 234 6
7 249 261 3
6 29 35 3
9 64 78 8
2 104 107 4
10 118 130 10
1 182 186 3
9 80 92 9
2 66 71 9
10 165 178 6
8 201 209 9
6 162 171 10
2 270 277 8
8 172 180 5
2 102 107 7
3 249 253 5
9 266 280 7
6 171 178 5
7 23 32 10
6 246 253 6
2 52 57 2
10 180 191 10
7 260 268 9
6 125 133 3
7 96 103 10
1 66 70 1
4 28 32 5
8 84 94 1
1 267 271 6
7 171 181 5
8 224 235 6
8 13 23 1
9 212 224 7
2 121 125 10
9 78 89 4
4 173 180 6
5 97 105 8
6 202 210 10
6 92 103 4
3 235 240 1
3 212 220 2
