450
3 837 844 2
6 41 49 5
6 448 457 2
9 332 344 10
9 713 727 10
1 429 430 4
6 2055 2063 7
4 2321 2327 8
10 1540 1552 3
4 1964 1969 6
3 2466 2472 7
2 822 824 1
6 1282 1293 7
1 1759 1762 8
1 1339 1343 2
8 2224 2237 10
3 414 419 5
2 1016 1020 10
10 2062 2074 8
10 19 32 4
7 2041 2049 10
10 2133 2143 1
6 1456 1466 3
7 1191 1203 9
3 476 482 7
1 290 295 6
1 53 56 2
6 2231 2237 1
6 962 973 7
8 1723 1736 6
5 82 87 6
7 443 450 6
7 530 542 1
7 350 357 2
4 1312 1320 7
2 1938 1945 5
9 17 28 1
3 650 656 1
3 2158 2162 1
9 724 736 7
5 2084 2093 1
1 1884 1890 8
1 1218 1224 4
7 1343 1355 10
9 2306 2318 7
4 1536 1540 1
1 1144 1150 7
5 735 742 3
6 1811 1821 7
9 1401 1415 9
6 739 747 10
6 1142 1150 3
7 2446 2457 9
2 1822 1824 6
4 2047 2051 10
8 606 618 1
7 381 390 3
2 1557 1561 5
7 1004 1015 4
3 1223 1227 6
10 566 578 5
4 1967 1971 4
9 719 732 8
4 2333 2339 7
5 281 291 1
8 192 200 1
4 1566 1570 4
3 586 591 8
9 1905 1917 10
4 336 342 5
6 1979 1990 2
7 2307 2319 6
1 384 387 10
6 53 63 9
1 621 627 5
10 1014 1029 3
1 1888 1894 3
7 2277 2285 10
5 2076 2081 10
7 109 116 8
8 515 525 5
6 1137 1147 3
8 2126 2139 9
5 1001 1011 5
5 1654 1659 6
4 134 138 3
9 594 608 7
6 962 971 9
7 2303 2312 4
2 1332 1339 10
10 1184 1196 1
4 1021 1030 4
7 1809 1819 9
1 1429 1430 9
6 1690 1696 1
7 1164 1171 1
5 1972 1982 10
6 1591 1598 3
9 356 370 3
8 2332 2342 3
7 498 509 7
2 1876 1878 1
1 340 345 1
9 1743 1752 2
3 1264 1272 7
6 1451 1462 8
8 1403 1415 7
1 1253 1257 10
2 1142 1146 3
4 1567 1574 1
1 640 644 7
6 1193 1199 6
3 731 735 3
9 2300 2311 10
6 2246 2256 1
5 1044 1054 2
10 1320 1333 10
4 569 573 9
4 2088 2097 2
7 462 472 2
1 2333 2335 6
3 2289 2293 1
1 830 831 6
3 1598 1606 4
6 1875 1882 5
8 454 464 1
1 980 984 1
3 1685 1688 2
9 1813 1825 5
5 205 210 6
7 2265 2272 5
6 448 459 10
1 1900 1905 2
4 251 257 10
8 1273 1281 6
6 2271 2281 4
1 519 520 8
3 1983 1989 9
5 2470 2480 9
1 1129 1135 6
7 573 581 5
6 2375 2384 8
8 1823 1835 8
7 1506 1513 5
8 1259 1272 8
1 1203 1208 10
8 382 394 8
8 1217 1226 4
3 2423 2429 10
3 480 485 8
5 366 373 10
4 871 878 5
7 693 705 4
9 1990 2002 3
3 1034 1040 7
1 1477 1482 6
4 2301 2308 5
4 2006 2011 7
4 852 860 9
6 122 129 3
1 1079 1081 8
6 1775 1783 6
4 118 123 5
2 1087 1090 8
2 1095 1097 3
3 171 175 4
9 592 603 10
6 323 330 7
3 1355 1360 7
5 445 451 2
2 1225 1229 2
3 2033 2041 3
2 2005 2007 5
7 297 309 3
5 1666 1674 2
5 18 24 9
7 1765 1773 1
1 2354 2360 1
4 1315 1319 10
5 2185 2192 2
2 169 172 1
6 739 749 7
6 748 754 4
8 1386 1394 6
2 526 532 9
9 2452 2466 2
3 928 931 10
8 2142 2154 9
5 199 206 3
8 2035 2048 7
2 753 760 9
5 1411 1418 1
8 161 171 7
3 922 928 10
1 928 934 7
6 431 439 5
8 316 329 9
10 20 34 2
9 1872 1882 3
3 426 432 5
7 2421 2433 7
2 2338 2343 8
8 1714 1725 4
8 2158 2166 5
10 913 926 10
8 933 943 9
9 1854 1864 3
3 749 752 2
4 1818 1826 8
8 1697 1708 1
10 2391 2401 4
7 216 223 9
1 434 438 10
3 2329 2333 2
4 2210 2216 6
7 1941 1951 4
9 2320 2334 9
3 1379 1382 10
3 68 75 2
9 720 730 8
8 437 445 7
9 408 418 1
5 226 236 8
2 1947 1954 10
1 320 321 7
3 1033 1039 7
1 1246 1250 5
2 946 949 3
5 2249 2259 7
6 2199 2205 5
8 1950 1958 10
9 374 385 9
7 1269 1277 4
3 2290 2298 3
3 2082 2089 3
2 744 751 7
10 1061 1072 1
3 480 485 3
10 898 913 10
5 1273 1280 9
2 754 758 5
5 1795 1804 10
9 1106 1116 10
4 667 675 10
3 1909 1917 1
7 524 535 10
3 1324 1329 9
4 1454 1461 7
2 1603 1608 10
5 1600 1608 5
1 1537 1538 6
1 1442 1448 2
9 128 140 5
3 470 473 5
5 206 211 9
1 240 242 1
4 1626 1630 3
4 1687 1693 8
3 1730 1738 2
9 859 870 1
1 531 534 1
2 519 522 4
6 1571 1577 10
8 2328 2336 5
2 1243 1249 10
6 1099 1106 8
1 1438 1440 5
4 2014 2021 6
1 492 493 5
1 2117 2123 6
6 107 114 1
9 1893 1902 3
6 2087 2097 3
10 2319 2332 9
9 414 423 3
7 529 536 4
2 2277 2281 5
2 1488 1490 9
10 578 589 7
9 680 690 6
10 1907 1917 8
8 603 613 4
6 1217 1227 2
6 1265 1274 8
10 275 288 8
6 141 150 10
2 976 983 1
3 1953 1961 6
1 1360 1362 2
4 761 767 10
1 127 128 2
6 214 221 6
6 87 96 10
3 2121 2129 2
7 359 369 9
6 473 483 4
4 1535 1543 2
1 9 10 1
7 1745 1754 10
2 1546 1552 10
10 243 253 7
3 1607 1613 1
1 2107 2111 10
8 913 922 2
4 1229 1233 4
10 481 494 9
1 2221 2222 6
9 1446 1460 1
8 1697 1706 9
4 777 783 4
1 1325 1329 9
3 691 694 8
6 80 90 9
10 1065 1077 10
4 2152 2159 5
7 936 947 1
4 1321 1329 7
6 1926 1937 7
9 248 257 6
8 735 743 10
4 839 844 1
8 1298 1306 6
8 1049 1061 4
5 364 373 5
1 1346 1348 9
2 1161 1168 8
8 161 173 5
4 942 948 4
5 2261 2269 9
7 2374 2382 1
7 1646 1658 2
10 2270 2284 4
9 1002 1015 9
2 1119 1125 9
3 855 861 2
7 529 541 10
6 1827 1836 1
7 2361 2373 6
8 1050 1058 6
10 2417 2431 2
5 1161 1171 2
4 836 842 10
5 1732 1738 1
9 1736 1745 1
6 836 842 4
7 2376 2384 9
2 1770 1774 4
1 2070 2074 6
3 2282 2289 2
5 1675 1685 1
4 1592 1599 5
4 2356 2362 7
4 1460 1467 9
5 302 310 2
7 2299 2311 3
3 1298 1306 10
4 1355 1363 3
6 1849 1856 2
2 566 571 6
3 2252 2255 5
9 860 869 6
4 916 925 6
1 2216 2220 1
8 2273 2286 10
1 2038 2044 7
3 2442 2449 10
8 861 870 7
7 190 201 10
9 1831 1844 2
2 2294 2298 1
3 1151 1154 6
9 79 92 4
10 872 883 6
1 2427 2430 5
6 2472 2480 10
4 1534 1540 10
5 822 828 7
4 965 972 4
1 997 998 1
2 2313 2319 4
8 2163 2171 9
2 1468 1471 4
9 543 553 8
9 921 935 1
8 658 669 7
4 1136 1140 2
9 1591 1602 7
5 283 289 1
3 1206 1212 10
7 203 214 7
1 1418 1422 1
3 1845 1848 9
1 2330 2332 9
4 487 493 1
3 2152 2155 2
5 311 321 5
8 2426 2434 6
8 1922 1932 10
6 1534 1543 3
1 2247 2248 2
8 811 822 2
3 1056 1059 9
1 1164 1169 4
4 8 14 9
6 1187 1194 1
3 1449 1454 3
8 1445 1458 4
1 738 741 3
9 2185 2195 4
2 2241 2245 7
3 77 80 7
10 1023 1038 6
10 992 1002 8
6 2351 2357 8
7 74 85 3
3 1510 1515 6
10 2019 2034 9
4 1073 1082 8
2 340 343 7
9 2192 2203 3
3 1808 1816 1
7 3 15 8
6 1539 1547 8
3 1956 1959 6
3 1629 1636 9
1 1863 1866 3
2 361 368 8
2 1711 1717 1
5 1370 1380 2
10 1523 1538 1
4 974 978 6
10 2378 2388 10
8 396 408 4
6 191 199 2
4 227 234 4
6 805 811 10
8 2467 2477 3
1 203 204 6
9 623 637 6
8 1954 1963 6
2 2016 2019 7
10 2207 2221 2
10 2430 2441 10
2 2129 2134 2
4 2456 2461 5
8 1661 1670 9
4 272 280 6
5 2362 2367 2
3 1231 1236 8
5 846 856 6
