100
9 14 24 9
10 356 370 2
3 275 282 2
10 12 26 4
6 129 138 3
8 442 455 5
7 119 128 2
3 459 465 9
3 475 480 3
2 98 105 8
4 5 12 1
9 437 450 5
5 25 30 1
10 138 150 7
8 468 480 5
8 245 255 7
9 141 150 5
9 440 449 10
9 426 437 1
5 52 57 4
4 413 422 4
1 258 261 9
10 69 82 4
2 34 40 2
9 325 337 4
5 243 249 1
5 41 51 8
9 76 85 2
5 236 243 3
6 428 438 3
10 184 195 3
4 236 245 7
10 487 498 10
1 233 237 5
6 321 332 9
1 280 283 8
9 229 243 5
9 135 144 1
2 1 7 4
1 178 183 5
1 445 448 7
3 446 452 6
1 118 123 7
8 72 81 2
2 337 339 3
8 396 404 6
3 273 277 5
2 297 299 6
1 384 390 3
5 205 212 5
8 221 229 10
1 502 505 7
1 160 166 2
9 401 411 4
3 120 125 6
6 252 263 4
2 336 340 2
4 354 360 4
4 49 53 9
5 128 136 2
8 19 27 5
7 79 91 5
3 18 25 1
10 545 556 4
4 68 74 5
8 29 39 1
2 531 535 6
1 2 6 8
10 243 255 10
5 342 352 4
1 332 338 3
6 107 114 10
6 510 519 10
6 195 205 10
5 530 538 8
8 36 48 9
8 328 336 10
1 254 255 1
7 405 416 4
7 29 39 10
10 104 115 7
4 239 245 9
8 149 161 10
3 333 341 10
4 376 381 3
8 325 336 2
1 42 48 6
8 380 389 5
8 187 196 3
2 311 315 9
9 242 252 7
2 129 131 7
7 508 520 1
3 430 437 6
10 444 455 3
6 548 558 8
6 151 162 9
1 261 264 1
6 471 477 8
2 186 191 8
