350
7 363 375 10
10 673 687 4
3 1112 1117 6
7 240 251 5
3 1010 1014 8
7 471 481 7
7 49 57 7
7 1796 1807 2
6 1670 1680 3
3 961 965 6
1 1071 1074 3
2 1352 1356 3
3 141 145 9
2 496 503 5
5 973 979 8
8 1871 1884 7
8 1029 1039 3
3 898 902 2
5 617 625 5
3 31 38 1
6 502 513 9
4 1677 1682 7
10 1509 1519 7
5 1805 1815 10
5 643 650 9
8 141 149 3
10 1602 1617 10
8 589 600 3
5 765 775 5
2 1402 1404 4
2 1680 1686 4
10 240 254 5
2 188 192 1
4 938 946 9
5 726 733 3
1 1319 1324 5
1 926 928 2
6 997 1005 3
5 1555 1562 5
8 318 328 5
2 1321 1326 9
7 1703 1713 1
6 31 41 8
3 1249 1255 3
8 636 647 5
5 1107 1114 5
4 1896 1904 3
2 1036 1043 4
10 1539 1551 1
5 813 820 10
5 650 660 10
5 667 675 7
2 953 955 7
3 1519 1522 8
1 1734 1739 9
8 236 249 6
10 298 313 4
2 1413 1416 5
2 1503 1509 3
4 10 15 9
10 96 110 8
4 669 675 9
9 1715 1726 9
4 865 871 8
10 1265 1278 5
1 574 578 8
1 718 723 10
10 1609 1622 6
2 40 45 6
8 1130 1139 7
2 1032 1035 2
3 1245 1249 8
5 642 648 6
6 458 465 4
6 532 541 4
7 1633 1645 1
4 273 282 1
8 1114 1123 10
8 61 72 10
5 371 378 10
6 397 407 3
2 1321 1325 9
10 210 220 1
7 1443 1450 3
3 1715 1721 4
7 1799 1807 8
4 135 143 9
1 949 953 4
4 1579 1587 1
6 1705 1711 1
2 1076 1080 4
9 350 361 10
7 1083 1091 10
4 1000 1004 10
1 461 467 2
2 229 234 6
5 294 301 10
7 275 286 3
8 1543 1552 10
3 1323 1331 5
7 862 871 3
4 1558 1565 8
10 314 324 8
8 866 875 7
8 1082 1094 2
6 291 302 10
8 1729 1738 10
2 1194 1201 2
6 757 768 8
1 1762 1763 1
3 890 894 2
10 1728 1738 8
10 1390 1405 1
3 106 114 2
1 881 885 5
1 1469 1475 3
3 256 264 9
8 1532 1544 2
8 317 329 10
6 1593 1604 4
4 861 868 5
1 1877 1881 7
6 1795 1803 1
10 1572 1586 3
5 551 560 2
6 1617 1626 9
1 1312 1316 5
5 1414 1421 8
6 126 133 1
8 226 235 2
2 801 805 9
3 953 958 7
5 1665 1673 9
4 1143 1152 8
10 1473 1483 2
1 1192 1194 8
8 1528 1540 4
10 1769 1782 1
10 868 881 1
8 1022 1030 3
10 583 596 8
2 922 925 1
4 93 99 5
5 1097 1102 1
1 1303 1307 9
5 1825 1833 7
9 1114 1126 6
9 1033 1047 6
2 1362 1366 4
3 1886 1893 8
7 1599 1608 5
1 1433 1434 8
4 1262 1266 8
3 1405 1408 1
7 1382 1393 1
9 667 677 10
4 114 119 9
7 680 690 9
7 1147 1158 8
6 730 738 10
4 807 814 10
4 123 128 6
8 1140 1148 3
6 1562 1570 1
6 228 237 3
7 145 157 8
5 678 688 3
4 238 244 2
8 582 592 3
5 534 542 7
1 1530 1531 5
7 1539 1547 6
7 413 423 9
1 1337 1343 10
4 411 417 1
4 148 152 1
6 1259 1270 1
2 488 490 9
7 203 215 7
7 1373 1380 8
5 119 126 8
9 1704 1717 2
10 468 481 8
7 431 438 5
4 366 374 8
5 331 336 8
1 1255 1258 4
10 379 392 1
5 1601 1606 8
5 1379 1387 10
10 1140 1155 6
4 1736 1743 4
1 1643 1644 9
8 1454 1463 2
4 216 221 1
1 140 144 1
6 1035 1043 9
5 1104 1111 5
4 1174 1181 9
1 1377 1379 6
1 804 805 10
5 1062 1071 4
4 576 582 7
4 1670 1675 5
4 1042 1048 9
10 941 954 10
10 1245 1258 4
1 195 200 7
3 1268 1271 8
5 734 742 2
10 1686 1699 1
1 1167 1173 10
6 526 532 3
3 936 943 6
9 812 823 10
10 338 352 7
10 965 977 10
6 570 576 5
3 718 724 2
10 373 384 7
5 1221 1227 4
7 1309 1320 5
10 658 673 4
9 1170 1181 1
8 482 493 7
5 1804 1812 5
8 714 723 4
9 1051 1062 10
3 988 991 5
2 1209 1215 7
6 1520 1527 4
4 1385 1391 5
5 1540 1546 2
2 1550 1557 2
1 879 884 4
6 1250 1261 9
10 1527 1537 3
8 1101 1110 1
1 494 500 2
9 297 309 9
7 1323 1334 1
8 1815 1824 7
7 678 690 7
1 1909 1912 9
7 1169 1176 2
8 713 721 4
3 424 428 4
4 989 993 1
2 798 802 6
4 162 170 8
2 760 765 8
9 583 597 2
6 1390 1397 10
1 1588 1592 10
3 1911 1919 4
2 344 347 2
6 761 767 8
4 568 573 10
7 1903 1912 3
9 1382 1395 5
3 711 717 3
8 327 339 9
1 1203 1204 1
4 1646 1652 4
7 477 487 7
6 629 636 3
6 881 892 1
10 1784 1795 8
10 1417 1429 5
2 981 985 4
6 43 51 9
9 1434 1445 4
10 349 364 5
3 1007 1014 10
1 954 960 7
5 659 664 7
5 145 151 2
6 139 147 8
8 98 107 8
10 1099 1110 8
6 742 753 6
10 870 884 2
4 22 30 3
8 1440 1453 8
2 707 714 5
10 1322 1332 1
4 434 442 1
7 77 85 3
4 19 28 1
1 1358 1359 4
7 1137 1147 7
7 459 468 8
1 276 279 9
6 884 895 8
9 1563 1575 8
6 1165 1172 4
7 741 753 10
7 1761 1771 5
8 662 671 1
3 68 73 6
3 1560 1563 9
3 642 648 8
8 1685 1693 7
10 817 832 6
10 15 30 6
6 1659 1666 6
3 578 584 1
4 1035 1042 7
8 406 414 6
6 861 872 8
2 232 235 1
1 258 263 7
1 777 778 6
4 769 777 8
10 252 264 6
4 403 412 10
2 527 533 8
5 851 860 1
9 1408 1421 7
3 1420 1424 8
5 1338 1344 6
7 691 702 4
9 189 202 1
1 687 690 6
9 383 393 3
10 1153 1168 7
4 1376 1380 4
9 380 394 10
6 903 910 5
9 528 539 4
1 500 504 7
7 1268 1277 9
9 1043 1053 1
8 28 39 7
5 1555 1563 10
8 679 688 2
9 190 200 7
9 425 438 5
10 1034 1047 2
10 496 510 2
8 553 566 7
1 531 535 10
5 1149 1156 1
4 823 829 3
6 533 544 7
1 1798 1802 7
4 642 651 4
8 1085 1097 10
8 53 64 4
10 91 102 8
