250
10 592 606 9
3 1328 1331 8
9 355 368 5
10 1073 1088 7
5 843 852 4
1 270 272 4
10 1230 1243 2
8 1145 1156 5
1 907 913 3
8 453 462 4
1 270 275 5
6 118 124 8
8 389 400 5
3 198 205 10
5 393 401 2
5 636 644 8
3 388 393 6
2 806 808 1
2 565 568 3
5 162 169 3
6 139 149 5
9 339 349 4
2 463 465 5
9 1204 1217 9
9 717 731 1
6 737 743 2
6 1036 1043 1
4 1368 1372 5
7 576 587 4
3 767 771 9
9 1356 1366 4
10 676 688 3
3 1138 1142 5
6 614 625 2
7 1238 1247 10
6 597 605 5
6 210 218 5
1 701 703 6
10 504 516 7
2 149 153 8
1 1309 1310 10
3 1267 1274 8
8 197 207 2
1 403 407 7
3 129 137 10
3 284 287 7
6 326 335 6
3 1204 1210 2
3 284 288 1
6 1214 1222 9
7 9 18 9
4 962 967 5
2 742 748 1
6 262 271 8
6 1165 1175 7
3 503 508 1
10 552 567 1
5 22 27 6
2 436 441 3
7 1124 1132 8
3 1135 1141 9
5 2 9 9
4 939 947 2
6 1057 1068 3
9 1261 1273 8
9 1326 1335 4
9 537 547 8
6 234 244 3
10 48 59 9
7 1051 1063 8
3 585 591 9
5 911 921 1
4 73 78 7
10 303 316 2
8 973 982 5
5 1140 1148 7
6 296 306 5
6 973 982 3
8 418 431 7
8 88 99 1
3 803 811 6
1 774 780 6
5 1018 1025 7
1 1229 1232 4
8 1073 1082 3
9 854 867 1
8 54 66 3
10 198 208 7
7 1133 1144 6
10 669 681 9
10 1303 1314 3
4 461 466 10
3 860 865 8
9 137 146 5
3 695 702 8
8 1278 1289 4
2 590 595 3
3 244 248 5
6 70 76 2
4 997 1002 1
8 890 901 1
8 106 118 2
6 339 346 1
5 372 378 6
3 1296 1301 8
5 1220 1227 10
9 291 300 5
8 1286 1296 5
4 851 855 7
10 1064 1075 10
2 699 704 8
6 216 226 2
3 393 400 4
8 791 802 9
5 296 306 8
2 206 211 7
4 913 918 2
3 108 115 8
10 326 340 1
7 693 704 9
1 358 363 2
8 251 260 9
8 881 890 7
8 228 240 2
9 1210 1219 6
7 792 799 6
9 371 385 1
4 536 545 10
2 139 142 6
8 1027 1036 3
5 911 920 7
8 49 57 4
6 1049 1057 7
1 1045 1050 2
4 1245 1254 10
7 521 533 1
2 317 320 1
2 507 510 4
6 139 145 6
9 446 458 4
1 1063 1065 2
3 617 624 7
7 350 358 4
6 1019 1029 4
3 1177 1180 1
6 1063 1074 5
10 119 133 2
3 1242 1245 6
7 90 100 3
4 1344 1349 1
8 1295 1307 7
1 576 578 3
2 839 844 5
5 50 58 8
8 306 316 10
4 847 851 3
1 498 500 5
10 633 648 9
3 168 175 10
10 143 153 10
3 326 331 7
3 1207 1214 5
3 1187 1194 1
1 1185 1186 1
9 816 830 2
10 1111 1126 4
7 783 791 9
2 844 851 1
10 88 98 4
7 1119 1129 9
3 379 385 3
6 1057 1066 2
7 290 302 4
8 876 884 10
2 1057 1062 4
5 441 446 9
7 246 253 7
8 235 245 8
3 220 227 6
5 1257 1262 1
7 364 376 5
1 342 347 2
3 1306 1310 5
5 1206 1212 7
4 29 33 5
1 944 950 9
5 5 11 8
6 526 536 1
2 1208 1212 1
4 898 904 1
5 554 561 1
4 1078 1084 9
10 361 371 4
10 872 884 2
10 1321 1332 7
7 979 991 5
2 591 594 3
10 1095 1107 7
10 172 184 8
2 1040 1047 4
2 155 160 9
5 541 548 2
7 1366 1377 4
9 124 137 9
10 1349 1360 1
8 761 773 1
9 1368 1379 2
4 1014 1022 7
1 602 603 8
8 952 964 9
5 1154 1161 9
3 253 259 7
9 1030 1040 10
6 931 940 9
2 528 533 3
8 159 168 10
6 352 360 8
8 735 745 9
3 415 419 2
7 327 335 10
3 227 230 7
10 508 519 6
2 1203 1207 8
10 201 211 2
9 1147 1159 2
7 282 293 4
5 485 495 10
5 36 43 3
8 1324 1332 8
7 852 863 5
2 1052 1055 3
3 895 898 8
1 926 928 2
6 868 875 2
4 666 671 4
9 204 213 4
3 388 396 3
9 1072 1086 4
9 109 119 7
4 1017 1023 3
5 389 395 9
1 100 102 2
3 957 963 4
7 724 733 1
6 245 256 1
2 223 225 4
5 495 500 1
8 448 456 8
1 478 484 5
4 627 634 9
