300
10 4 32 3
24 43 125 26
28 12 51 29
8 55 71 11
13 7 53 2
13 58 71 28
6 4 17 19
11 46 65 26
29 38 95 1
25 21 110 22
13 21 46 14
30 55 144 18
25 5 63 3
20 24 44 29
29 1 101 22
23 2 74 20
16 33 91 27
22 50 85 5
20 42 115 19
20 49 92 16
16 44 66 13
18 0 68 6
19 55 82 2
19 34 92 25
29 26 135 15
11 3 41 8
10 48 60 3
11 45 84 23
11 16 28 4
16 29 86 29
14 55 69 17
6 50 72 25
22 22 103 6
26 57 96 20
20 2 44 14
21 5 63 9
25 10 95 3
14 22 55 2
27 21 110 29
3 23 34 29
1 14 16 28
20 33 82 5
5 16 34 12
6 45 56 6
15 35 56 21
27 16 66 11
22 35 68 15
4 44 57 16
30 13 124 24
13 8 49 28
1 11 14 24
2 24 31 9
1 13 15 22
29 33 111 28
29 1 36 8
21 16 79 29
17 4 44 30
20 31 89 25
26 55 121 21
5 25 31 16
17 59 102 7
15 28 83 8
16 24 57 14
23 20 77 5
20 34 74 2
15 20 71 21
14 51 78 20
7 35 46 28
25 16 95 19
16 51 88 23
11 41 74 18
13 36 72 17
30 9 113 25
29 1 87 27
29 2 37 11
3 38 48 14
4 30 42 2
28 15 74 1
23 2 88 29
30 54 169 28
4 24 28 11
14 2 50 1
16 5 66 28
2 24 28 18
2 25 32 17
14 12 63 28
30 25 126 12
3 15 22 25
15 37 56 11
8 15 45 1
27 40 90 15
10 7 41 8
28 1 96 28
27 53 104 19
22 33 104 12
6 29 37 30
15 58 74 30
5 2 10 18
6 58 75 1
28 21 109 13
5 47 60 23
15 22 81 11
3 19 29 4
30 50 154 7
15 0 34 2
7 27 43 11
29 36 122 30
30 43 75 28
25 7 68 27
25 17 86 10
12 1 27 1
19 57 99 17
19 50 108 12
4 58 69 24
15 37 73 14
26 49 107 3
19 50 76 11
8 38 51 14
22 13 100 1
27 19 92 5
9 59 84 10
25 30 124 22
17 28 79 14
6 49 64 20
28 38 126 15
21 10 58 14
15 30 70 16
10 37 52 26
2 32 38 13
7 12 36 26
24 54 144 22
11 18 56 10
13 43 90 15
2 56 62 26
8 11 23 28
18 0 21 22
21 57 135 2
25 19 110 22
2 3 7 11
4 11 24 22
8 45 61 4
12 40 71 1
20 8 76 24
1 48 51 5
26 27 86 12
3 0 4 1
30 42 87 3
9 2 16 12
1 31 33 14
29 53 82 28
10 43 78 23
12 19 46 14
8 43 64 6
12 2 24 2
19 17 59 20
18 45 76 12
1 35 36 27
16 12 38 15
24 25 94 19
4 28 32 20
5 40 54 25
4 46 51 24
14 28 56 5
11 22 52 2
5 45 59 18
21 30 51 20
15 19 38 14
14 30 76 4
16 40 65 7
1 44 45 14
3 15 20 8
11 30 45 23
13 8 46 10
15 34 50 25
19 29 101 12
16 58 93 17
11 57 78 17
11 18 32 1
17 22 89 13
4 3 12 21
17 44 92 26
8 27 48 7
29 5 80 12
25 48 111 4
21 52 113 17
3 58 65 24
11 37 71 20
15 13 57 11
25 48 107 30
3 16 26 3
13 44 77 6
15 31 70 17
4 13 18 6
1 3 5 10
20 57 130 20
3 43 46 25
28 3 82 1
3 9 19 24
1 10 11 2
7 9 30 9
1 56 58 25
6 10 30 17
2 42 46 12
11 34 45 19
27 55 157 2
11 40 52 18
6 26 42 6
12 27 66 30
27 10 71 13
15 14 33 25
9 51 77 30
30 16 127 10
30 7 65 27
16 0 22 16
30 31 89 18
8 14 24 6
23 25 110 4
24 32 111 21
24 21 103 24
28 39 111 1
2 30 33 7
21 58 136 7
2 31 34 6
11 54 95 11
25 33 71 26
12 25 69 8
30 23 118 11
28 57 115 15
3 22 33 29
13 58 90 28
20 9 66 7
13 54 87 10
1 18 20 27
22 10 33 18
25 22 50 24
23 45 135 30
20 38 75 17
10 41 61 3
6 41 63 7
1 42 43 26
14 27 60 24
23 0 53 12
14 26 72 30
13 9 40 7
7 1 18 21
17 55 101 11
26 18 84 21
10 19 55 11
4 57 71 9
22 25 108 14
30 24 126 28
30 25 83 6
1 39 40 24
7 14 36 5
11 26 50 17
23 9 61 5
7 58 70 26
8 57 69 13
22 50 111 28
29 13 114 22
10 56 81 16
5 50 63 7
29 51 97 9
30 45 143 17
24 35 108 2
18 25 46 14
29 38 84 20
12 26 66 13
13 1 39 29
13 49 75 2
4 5 17 14
18 8 35 30
6 41 56 16
18 39 98 28
14 0 52 6
30 5 74 6
24 59 142 20
15 40 95 17
21 22 54 4
29 10 123 24
13 55 76 11
3 19 22 28
16 21 69 18
9 21 30 5
18 15 57 15
23 23 86 4
27 21 128 10
16 28 61 17
10 0 10 10
16 7 48 3
2 36 41 5
10 59 97 19
8 59 73 21
11 18 32 10
25 32 79 15
15 26 68 12
23 57 145 11
25 37 105 13
9 54 80 4
15 21 61 16
