400
24 70 152 9
3 31 36 32
29 39 91 24
19 53 74 21
7 64 77 30
15 51 88 33
16 45 104 18
30 11 45 16
38 32 80 24
26 12 113 29
22 13 39 30
10 44 67 24
37 32 144 1
29 44 122 11
19 4 27 6
4 63 70 25
31 29 141 9
40 73 203 35
29 14 47 17
15 49 97 6
4 47 53 16
36 71 128 9
20 22 91 25
8 3 33 1
22 75 153 7
29 7 92 34
31 32 124 8
30 15 105 7
40 61 147 16
25 13 92 40
7 33 55 9
34 78 147 29
1 10 13 34
15 38 83 1
33 55 116 31
22 69 156 25
8 0 18 4
13 71 122 23
24 70 99 11
2 70 77 12
10 39 71 25
38 76 143 6
32 30 118 40
14 20 70 16
21 52 105 24
12 36 53 22
29 55 85 30
40 15 98 19
15 58 79 18
33 74 109 28
12 42 86 6
31 19 56 22
19 45 93 7
18 64 101 20
10 58 80 14
24 12 73 21
22 51 108 22
24 21 83 33
10 63 94 15
36 36 165 40
28 27 82 24
14 16 57 17
13 28 61 23
18 14 47 5
10 51 66 17
8 10 24 6
24 3 41 18
29 62 114 30
33 48 122 11
32 17 62 6
14 63 95 26
6 38 48 6
18 30 92 3
12 51 71 39
34 53 174 3
35 58 114 25
27 20 117 33
38 32 108 24
39 41 86 24
10 78 116 28
2 55 60 19
24 77 111 9
24 38 125 33
40 25 126 9
26 30 115 24
39 70 182 16
35 25 156 30
17 6 60 24
5 4 22 28
39 53 123 35
33 36 104 22
6 78 87 36
35 70 180 28
32 1 61 25
5 44 63 27
9 6 15 5
15 52 97 9
40 58 197 31
32 37 125 31
32 52 119 32
24 77 144 18
8 39 67 22
24 71 142 8
11 69 90 17
21 63 95 19
33 16 119 21
37 79 221 26
21 30 112 9
40 16 75 10
25 10 75 5
20 58 130 20
37 56 136 7
6 62 82 8
17 73 121 22
2 29 35 29
31 73 153 5
33 19 143 31
38 37 183 4
12 21 34 34
37 20 95 26
6 6 13 38
30 21 121 26
9 23 47 37
7 60 73 39
30 72 153 32
40 11 79 9
12 71 93 8
17 58 103 21
34 3 83 6
14 56 80 40
25 51 138 9
27 23 105 4
15 54 101 16
18 55 124 36
8 15 36 32
11 78 121 31
8 33 63 26
33 62 120 11
39 61 177 11
25 67 112 6
4 67 74 36
39 17 56 4
1 44 47 4
2 79 84 8
6 68 74 30
31 47 118 19
23 67 100 2
16 77 93 26
31 22 72 10
25 22 90 10
17 47 102 25
22 22 77 34
12 57 87 37
30 65 115 4
17 62 91 39
25 77 132 14
4 74 89 36
40 58 141 25
16 16 73 10
36 37 112 15
28 34 62 6
15 76 120 20
15 59 78 17
13 24 52 3
11 60 85 29
16 40 79 4
35 12 138 15
15 29 48 39
18 11 56 26
22 17 41 19
3 14 18 34
15 58 76 9
11 33 75 6
18 54 105 32
5 10 19 24
6 57 79 2
35 46 155 15
24 51 124 10
16 4 34 24
4 15 26 2
22 62 129 20
24 32 57 35
3 2 6 3
28 71 150 7
36 23 90 8
15 16 64 10
18 30 68 2
33 1 57 26
22 9 68 33
12 46 74 24
21 14 51 18
35 60 142 30
11 60 72 25
20 61 81 24
17 52 104 33
38 69 206 33
36 35 178 2
18 50 95 32
18 45 105 23
4 66 77 30
6 25 46 11
26 21 107 1
4 55 67 21
8 65 87 11
8 58 66 34
27 75 106 23
3 43 54 35
36 18 158 6
7 56 72 25
30 15 72 31
23 14 44 15
33 10 80 11
4 46 60 28
2 42 47 34
25 17 101 4
13 5 27 23
26 4 53 2
37 44 117 8
2 74 78 35
22 19 53 40
39 71 127 5
19 66 122 37
15 66 106 23
2 38 44 10
30 58 122 21
6 23 29 14
29 68 109 7
16 22 42 1
7 9 34 17
3 79 90 5
24 52 77 38
22 1 60 36
27 15 66 4
19 36 71 1
17 1 36 34
14 45 79 15
40 13 144 34
37 34 99 13
17 17 44 22
6 40 49 13
25 28 97 18
20 15 76 26
33 42 153 38
14 13 63 31
40 10 124 25
32 0 62 22
2 25 29 26
33 23 135 37
9 18 40 2
15 8 64 35
5 0 10 29
22 26 94 3
13 58 85 13
23 18 45 9
25 18 81 39
14 66 117 12
25 42 79 1
35 20 96 31
8 60 80 36
7 22 44 38
9 24 43 39
38 11 130 16
9 20 35 31
7 33 42 14
15 13 36 27
21 41 107 23
40 54 158 34
21 45 115 19
25 7 85 23
5 16 33 9
27 66 164 7
14 34 73 5
33 34 128 16
34 0 112 6
17 78 120 1
31 30 69 39
18 16 53 1
9 12 46 36
29 77 108 2
34 16 112 13
9 24 50 14
17 53 80 20
28 18 128 33
6 30 38 24
3 10 19 29
6 74 82 33
21 21 92 35
31 63 125 15
40 74 230 17
20 6 83 15
37 56 127 16
38 16 138 33
22 14 68 36
4 2 15 22
7 48 74 13
9 77 99 11
17 38 75 9
6 13 27 17
28 55 117 35
9 16 51 7
30 65 168 13
31 32 123 14
40 31 97 20
6 22 43 13
24 37 103 20
33 44 82 2
35 69 121 27
39 27 72 39
39 50 127 22
7 74 81 3
24 33 108 23
28 79 170 14
34 28 80 39
5 63 69 39
32 40 99 21
16 63 91 18
1 7 10 17
23 2 66 14
5 53 63 20
29 59 107 4
11 28 69 10
37 68 118 30
35 68 184 11
13 69 98 19
11 47 64 22
34 10 80 31
26 73 163 26
5 3 20 1
29 67 125 35
19 18 37 33
3 18 28 14
31 76 163 13
25 70 151 28
5 37 50 35
17 25 72 36
27 38 72 8
8 3 25 25
33 4 67 26
16 61 106 26
14 66 105 31
18 76 116 39
10 58 94 16
38 38 158 6
36 67 175 40
25 54 150 16
16 10 65 30
30 29 113 27
15 14 29 3
16 77 121 8
16 58 118 23
31 20 59 21
17 52 116 21
22 30 63 29
33 34 118 33
11 3 37 11
35 56 130 23
34 72 112 7
16 6 37 32
30 49 84 26
28 45 75 28
10 55 73 38
7 49 72 28
21 31 69 15
16 34 69 6
30 52 171 21
7 78 103 24
32 64 171 23
23 21 64 15
27 40 71 32
10 51 74 13
34 23 131 25
38 1 111 1
25 38 115 13
12 4 27 5
7 48 65 35
17 42 71 30
37 12 86 30
5 55 62 1
24 37 64 7
28 49 153 13
36 23 98 36
26 47 146 5
21 60 137 4
1 10 11 37
38 7 83 15
23 0 88 5
17 12 45 14
20 53 107 19
5 42 54 35
16 16 49 20
10 32 62 31
23 22 50 31
18 22 49 24
17 47 84 6
21 70 125 10
28 0 32 31
3 59 64 11
5 48 59 3
34 76 181 22
17 62 123 25
