450
39 5 93 19
8 19 47 25
37 89 137 13
1 77 78 33
11 73 97 31
37 26 128 16
15 55 77 30
9 17 52 32
7 30 37 20
14 22 46 2
33 16 106 40
18 80 99 10
27 29 70 11
9 60 69 7
45 61 167 28
20 41 70 25
13 38 53 11
7 85 106 38
37 14 97 38
29 65 141 20
4 7 15 1
19 63 91 34
23 57 131 19
6 34 41 4
31 2 114 37
37 47 182 37
5 38 50 22
42 44 207 43
34 0 50 43
36 16 128 8
44 73 165 40
20 84 112 17
8 64 90 33
40 81 138 16
35 61 178 23
8 51 60 6
1 77 79 34
5 49 68 34
44 33 200 3
26 26 104 43
3 44 53 37
1 17 20 29
20 68 98 6
38 47 119 18
11 52 73 16
31 32 83 43
28 87 183 12
16 30 79 15
38 1 94 37
7 47 57 24
15 1 29 10
22 56 104 6
37 9 105 4
42 34 196 2
33 35 119 25
34 32 128 42
5 41 53 6
3 42 50 23
43 62 233 19
35 29 155 5
19 55 78 7
40 7 107 31
41 23 166 9
28 52 150 20
45 31 113 6
20 62 137 5
26 88 174 17
43 78 148 7
39 66 110 40
37 16 81 40
4 12 20 33
37 36 148 41
1 10 12 37
40 0 156 8
10 45 70 22
14 78 94 33
21 85 126 31
32 42 74 40
31 65 101 34
21 35 66 6
14 58 95 28
19 15 45 28
38 42 181 39
41 36 183 28
7 65 79 38
12 44 75 26
4 25 40 44
36 46 116 11
45 40 88 11
23 55 95 7
37 16 157 13
41 1 125 32
16 60 105 11
36 3 136 35
21 40 104 14
11 7 38 43
41 27 127 28
32 89 207 40
25 74 140 2
36 41 86 27
21 20 77 34
2 64 69 5
3 38 49 41
30 20 133 14
32 52 94 41
29 60 114 9
19 14 37 31
37 54 136 19
17 15 47 8
23 8 39 34
24 36 80 4
12 65 84 23
5 50 56 12
22 86 121 41
15 34 87 4
16 42 80 13
3 21 31 27
12 58 91 24
31 29 62 5
35 86 180 1
45 22 180 33
16 75 113 8
3 71 77 15
31 42 163 14
33 45 99 23
43 87 177 21
37 30 117 25
3 17 27 45
40 72 212 21
3 69 77 28
3 13 22 25
31 52 131 37
7 7 33 19
18 22 90 40
5 30 36 15
35 86 141 42
40 33 137 17
27 20 103 35
20 7 40 41
22 74 144 19
4 89 102 39
24 55 139 36
30 9 52 13
30 23 123 10
40 87 214 16
43 25 188 31
6 9 32 18
24 86 130 23
4 45 53 39
12 44 65 4
42 24 86 26
11 2 35 2
14 11 66 11
11 23 51 7
38 30 137 3
30 83 142 9
19 35 103 45
24 59 92 8
8 79 106 1
30 2 88 34
24 60 130 43
11 88 118 42
9 0 33 6
20 35 107 32
15 28 67 10
45 36 114 30
6 78 92 32
41 8 164 44
20 43 87 33
39 1 105 34
13 64 101 43
3 27 37 31
37 63 121 15
8 86 106 45
41 36 198 26
34 21 75 9
15 45 100 45
23 85 176 32
40 78 200 44
17 68 108 1
12 53 97 8
7 45 69 9
11 2 33 4
26 87 118 28
43 54 172 26
7 21 33 44
29 13 118 26
36 19 77 31
44 32 190 7
17 73 109 10
10 54 73 10
17 81 140 26
31 65 183 10
33 25 119 29
16 14 63 18
12 14 61 21
5 13 24 18
36 13 51 9
6 46 53 31
13 21 57 43
39 19 123 41
9 34 63 28
45 69 161 28
45 19 131 11
17 42 71 7
23 26 94 40
9 47 59 22
11 55 89 32
42 7 59 14
16 4 54 17
14 34 74 13
30 26 57 22
37 3 109 27
7 0 17 5
10 58 97 30
15 69 120 11
14 6 37 42
35 34 152 15
14 84 130 34
34 33 162 12
28 46 134 10
12 18 34 42
5 0 18 37
2 52 56 5
30 31 98 1
27 40 144 36
39 75 196 22
27 48 107 16
29 64 132 2
23 52 116 44
41 9 155 11
6 24 37 45
7 12 21 36
7 42 51 16
31 1 102 5
43 71 217 23
27 33 81 1
8 45 68 22
38 47 122 13
1 32 35 19
36 73 163 9
24 69 118 21
31 85 176 9
7 72 86 10
11 36 72 35
39 52 171 37
1 31 34 26
2 64 70 27
44 31 158 26
29 57 134 39
36 24 132 20
28 46 119 25
4 35 50 9
4 88 103 24
37 85 128 22
32 41 114 25
21 6 83 35
13 41 91 36
9 50 79 17
21 7 63 32
10 13 42 28
32 28 114 3
13 54 75 12
23 46 84 10
40 9 149 12
31 0 51 1
45 13 127 34
36 55 179 3
32 37 118 17
25 55 142 1
18 83 150 2
34 81 115 8
23 25 80 43
15 67 119 34
2 66 68 27
37 17 95 6
33 85 149 39
36 66 151 25
32 41 159 15
42 16 164 9
32 65 122 10
19 24 83 28
21 15 65 9
38 85 178 19
42 30 78 36
36 79 140 15
27 38 111 15
13 54 96 13
13 13 59 3
45 46 181 24
28 27 68 40
17 70 100 22
5 83 91 45
12 64 110 26
40 78 133 12
24 87 145 21
8 10 27 31
10 1 38 4
45 68 206 15
5 57 69 22
12 10 48 28
28 27 110 28
41 52 147 14
33 49 90 22
19 11 49 15
34 17 109 33
37 2 51 44
40 38 92 29
41 68 199 29
38 85 167 31
3 41 45 12
19 69 142 27
6 68 79 40
15 65 104 16
7 73 97 6
32 27 94 5
31 16 111 41
16 27 73 36
13 0 37 28
14 88 130 44
17 63 125 17
39 63 195 7
35 43 120 5
39 57 157 8
6 30 51 12
9 22 31 24
10 42 80 39
40 54 102 34
4 26 32 15
14 64 101 16
21 8 34 29
30 87 190 15
30 25 69 42
41 77 204 23
26 54 141 31
37 80 188 23
26 0 40 21
24 3 68 17
44 27 73 30
34 57 192 9
4 37 46 45
38 7 63 23
24 53 114 37
14 80 110 24
8 23 34 44
3 42 47 13
33 24 139 19
19 81 108 21
13 35 49 30
29 33 64 9
18 36 76 8
22 62 89 31
12 50 96 37
35 83 153 18
11 21 64 43
25 5 41 4
42 5 72 38
35 18 135 36
1 51 53 42
12 7 33 3
39 1 153 32
39 68 183 23
8 40 71 19
2 85 88 29
4 6 17 27
22 9 60 25
32 32 113 4
35 32 98 22
39 29 180 16
24 63 103 23
41 42 149 23
38 72 207 10
34 52 95 29
23 10 73 35
45 66 131 9
25 57 122 37
33 88 183 17
13 29 63 15
25 59 85 28
23 53 126 25
16 80 111 7
22 85 124 8
34 89 162 24
9 88 108 36
15 87 133 23
29 15 88 27
34 57 136 12
33 25 72 27
8 36 45 38
33 38 110 3
8 6 36 1
35 46 113 29
2 5 8 26
12 21 52 13
3 83 93 29
10 52 86 33
32 19 103 16
21 75 126 2
36 23 159 8
41 47 115 10
38 47 102 19
20 48 87 15
45 81 183 41
17 72 89 41
6 30 43 29
7 3 10 36
13 45 75 21
31 2 99 45
10 38 64 40
4 67 73 24
30 41 135 13
27 64 146 6
41 4 46 15
2 87 92 18
37 40 167 21
14 29 47 3
18 27 76 7
21 75 117 38
33 76 130 41
15 61 119 15
38 13 61 6
32 30 143 25
45 11 136 16
5 77 91 34
18 30 76 35
4 65 75 7
37 31 171 9
29 13 115 6
44 83 249 11
33 67 135 28
23 75 162 36
41 52 102 33
10 10 27 18
30 33 147 4
32 35 111 22
37 49 129 15
9 0 10 3
18 16 40 9
15 5 46 11
21 29 59 10
24 24 83 31
28 56 119 41
26 63 140 27
38 43 120 19
27 70 144 39
37 75 201 9
13 28 43 10
14 5 56 12
19 72 93 42
33 66 162 35
