200
3 21 24 3
2 31 36 18
5 11 26 13
3 19 30 17
1 5 6 11
5 13 25 15
18 19 76 14
7 2 22 15
2 2 9 17
3 20 23 15
18 25 66 14
8 32 44 18
15 27 83 15
18 28 49 7
13 10 51 10
7 12 22 16
8 8 32 7
9 9 31 16
17 25 86 5
13 37 79 5
8 32 48 16
18 13 70 15
1 37 38 1
19 4 29 3
16 26 60 1
14 24 65 15
18 0 38 8
16 16 37 2
13 10 44 16
19 38 61 9
10 15 32 5
7 37 53 16
16 31 88 15
15 29 78 15
5 34 41 6
7 17 26 6
2 29 32 15
12 19 64 14
10 6 25 16
5 34 49 18
20 18 44 1
18 27 69 9
14 7 53 5
5 33 51 15
8 29 54 5
5 21 37 16
11 19 44 15
7 17 40 6
7 1 18 5
11 14 33 1
15 18 33 11
19 30 84 18
16 23 85 17
7 21 48 12
5 16 31 7
14 30 60 3
8 11 23 14
16 22 82 7
4 27 39 16
2 18 21 13
19 17 51 17
8 15 46 17
19 30 76 19
6 22 30 18
1 26 28 19
4 6 13 7
17 25 45 17
3 4 11 10
13 0 50 12
19 39 75 19
11 28 46 6
5 19 32 19
13 34 80 17
3 10 21 3
3 7 14 1
19 30 70 9
10 11 43 18
17 39 77 18
15 7 29 12
10 33 55 8
10 28 40 2
14 18 40 19
18 29 60 3
4 14 24 8
20 3 49 12
8 21 31 16
17 13 30 19
15 20 40 16
20 39 108 14
10 39 69 6
10 16 53 18
14 8 33 15
8 0 14 9
3 19 23 9
16 35 55 11
5 3 19 4
17 26 46 11
6 4 11 3
8 5 25 9
17 11 60 5
14 2 41 1
10 36 67 5
9 35 61 9
3 13 19 19
5 37 52 7
18 14 72 13
13 26 69 3
14 38 76 3
8 21 40 18
3 16 26 5
8 29 60 2
8 4 28 7
8 36 62 15
16 30 47 16
11 28 67 7
16 23 70 1
3 29 39 3
8 0 12 7
18 11 44 15
9 3 29 5
1 37 39 7
11 1 12 2
16 22 51 14
19 35 74 19
7 6 27 4
3 10 21 4
8 6 31 3
20 3 40 4
15 14 71 10
11 31 67 5
20 1 55 8
8 37 67 5
12 35 47 3
3 15 19 17
2 19 26 6
18 17 48 8
6 11 26 10
4 38 48 14
10 22 49 8
11 2 25 5
18 24 68 19
17 23 90 17
4 35 45 12
15 5 45 20
3 9 13 2
17 19 57 10
6 0 12 16
7 31 41 7
8 38 63 8
7 31 52 19
20 16 57 2
13 13 54 12
8 20 44 16
19 13 55 19
9 29 59 15
18 17 52 2
4 17 28 4
10 39 57 7
10 0 27 7
9 9 25 1
7 6 17 13
11 23 49 6
2 16 19 2
12 23 60 18
9 19 51 19
13 13 51 16
11 1 26 13
5 3 13 10
9 35 62 12
7 28 40 10
10 30 63 1
10 33 58 11
16 33 77 10
14 4 37 4
3 30 37 15
13 23 59 1
8 36 51 1
4 15 22 10
5 25 33 16
11 25 65 1
2 4 8 15
18 35 76 9
19 37 101 7
17 5 34 19
15 16 41 13
12 9 34 1
15 36 60 3
15 4 24 3
13 28 65 11
6 7 23 12
7 22 34 17
4 15 25 13
8 28 38 4
8 24 49 8
1 16 17 9
16 31 51 12
17 4 45 15
3 4 9 10
20 3 28 15
3 12 19 8
