150
4 10 14 6
13 28 68 5
13 22 41 2
14 0 31 14
5 7 15 6
14 11 37 7
1 9 10 11
15 13 52 8
12 15 40 8
13 12 48 9
6 24 47 3
10 11 39 4
1 16 18 13
15 3 40 12
11 8 44 2
8 5 31 3
3 14 21 4
1 25 27 12
8 11 37 9
7 25 44 9
14 2 41 8
12 9 28 1
7 2 15 12
15 3 59 3
5 26 36 6
9 4 39 5
3 9 16 2
9 9 23 5
9 26 55 3
11 21 39 6
9 6 26 7
14 7 25 6
9 27 58 12
1 25 27 1
12 1 13 1
15 10 66 9
8 9 35 9
7 8 32 5
12 17 46 9
7 8 19 13
14 7 24 10
5 29 34 9
11 7 30 15
5 6 14 3
2 23 25 10
4 26 41 7
8 6 27 3
3 25 30 11
5 18 32 6
13 28 70 15
14 29 52 3
7 27 42 5
2 6 8 13
7 27 37 3
2 2 7 9
10 19 47 2
2 26 33 3
13 15 35 5
8 2 32 11
13 18 58 1
6 8 17 2
15 3 34 9
8 22 35 12
13 22 50 8
4 25 30 13
9 1 22 12
10 19 34 12
6 25 44 14
6 11 27 1
12 9 47 4
5 6 11 6
14 19 53 2
4 13 25 9
7 27 48 11
3 25 31 12
14 21 76 10
1 7 10 8
1 29 30 3
10 1 32 7
2 14 20 12
4 7 18 4
9 27 48 1
15 22 64 12
6 0 9 4
7 23 50 1
13 24 58 6
8 1 19 5
7 10 27 3
10 3 15 5
5 21 37 7
14 22 46 15
1 7 9 4
11 1 33 1
2 28 34 1
9 20 31 11
12 4 22 14
4 21 35 6
10 16 50 6
3 21 28 3
12 2 21 11
1 17 19 4
4 16 30 9
12 1 42 13
2 12 14 8
9 10 40 2
6 29 38 5
4 7 17 7
1 2 3 12
14 15 53 4
15 24 53 1
6 15 36 6
7 21 30 6
3 2 8 10
12 17 56 11
12 1 39 3
2 9 11 5
1 28 31 1
3 17 21 13
6 3 10 10
14 1 52 6
15 22 69 1
12 25 66 2
5 17 29 8
8 19 50 9
12 14 53 11
12 2 39 5
9 23 45 15
1 3 4 2
3 8 13 9
14 28 82 6
11 11 46 2
6 24 30 13
2 16 22 8
1 25 27 14
14 9 49 10
14 8 50 12
13 12 29 1
10 26 50 1
10 28 38 13
2 26 28 14
12 6 48 10
4 1 8 15
6 10 16 15
7 18 37 2
13 23 62 8
8 4 13 11
4 4 18 11
6 4 22 11
4 26 41 1
14 20 36 5
