250
3 16 26 25
2 22 25 16
16 28 69 9
6 26 45 9
8 36 46 8
20 37 62 24
17 10 54 21
4 3 8 22
10 42 76 17
10 27 62 25
4 11 24 17
24 41 119 14
11 49 73 21
9 39 71 19
14 47 82 14
25 22 116 25
24 7 36 6
9 0 34 3
12 25 46 2
13 10 47 13
23 45 70 7
4 4 11 11
9 44 76 1
10 17 27 25
6 13 19 3
11 17 50 17
6 44 66 6
6 40 52 17
13 23 39 7
14 30 51 11
17 46 75 11
9 11 43 17
6 32 43 25
5 34 45 9
6 2 8 14
2 34 41 7
1 49 50 25
10 14 49 3
9 2 31 25
1 44 46 2
18 24 43 16
7 5 21 13
10 43 64 3
5 6 25 14
17 13 71 1
7 2 28 9
17 15 69 25
14 8 30 17
24 28 59 14
5 8 24 20
9 2 13 17
1 28 29 8
17 0 53 8
13 6 23 25
17 10 49 4
13 5 25 20
16 48 71 5
7 44 69 19
25 25 73 20
22 26 52 9
19 17 38 6
1 24 27 8
25 47 141 22
7 45 71 16
22 6 42 16
14 14 60 23
23 47 134 19
3 16 25 7
18 27 57 16
25 6 37 16
22 24 51 21
18 0 52 24
4 18 28 24
24 5 89 9
9 8 39 4
23 31 94 16
6 14 24 5
25 1 43 11
18 25 95 20
25 22 109 13
2 7 9 22
6 5 27 20
1 39 42 17
9 45 56 14
1 35 38 2
13 3 26 18
22 2 71 17
18 35 78 2
12 9 44 3
16 49 84 18
3 44 55 19
12 38 85 24
17 2 63 9
2 10 15 8
24 41 135 9
22 49 122 23
4 18 26 25
9 10 38 21
23 38 82 3
20 6 75 7
12 40 65 1
25 4 46 7
25 14 77 11
9 45 63 19
25 37 111 7
25 34 76 18
23 25 70 20
2 10 17 19
17 29 54 8
10 40 63 20
2 16 18 11
10 48 69 23
4 25 39 4
3 9 19 22
5 38 46 1
10 28 65 12
12 24 65 9
13 40 68 13
18 49 109 5
9 17 34 2
24 47 111 25
5 29 37 22
12 15 38 5
2 4 9 18
3 6 16 22
4 42 50 17
16 22 71 25
20 31 69 25
23 36 121 12
15 34 86 9
6 41 60 11
17 13 35 23
23 22 65 25
7 12 30 19
18 10 53 9
19 44 83 9
5 13 26 20
16 2 49 8
20 32 78 21
4 19 30 25
14 17 52 20
1 36 38 24
11 42 53 24
7 10 27 24
11 8 32 2
8 26 54 6
6 45 59 9
16 10 53 12
5 6 21 3
9 40 61 4
7 38 52 14
8 38 62 18
5 28 39 22
12 11 29 2
21 40 91 21
19 20 65 7
25 3 59 15
8 41 55 7
20 11 51 13
13 47 77 25
6 38 58 24
10 0 22 25
7 5 29 13
4 30 41 14
20 11 72 6
15 38 65 14
1 46 48 2
15 5 38 11
21 20 55 23
15 38 69 13
12 39 59 12
19 49 85 12
9 12 28 20
7 6 26 2
13 49 95 2
15 6 59 5
10 39 63 12
3 23 28 2
17 20 67 14
14 36 82 25
17 21 77 22
10 3 22 25
10 31 46 14
7 34 56 3
10 29 58 4
16 10 46 8
4 18 29 17
11 13 30 4
10 36 62 3
5 19 36 23
3 38 49 10
22 31 93 11
1 28 29 9
23 24 54 4
21 25 86 10
6 7 15 24
7 9 30 23
9 39 61 1
20 7 59 20
25 20 94 1
2 9 16 23
4 17 29 20
21 41 98 17
15 48 102 8
21 19 102 11
24 22 110 3
10 14 52 7
20 36 58 8
17 48 114 17
22 10 96 21
25 24 107 14
6 48 57 2
5 33 42 19
5 31 45 16
17 21 84 17
22 41 87 25
5 19 30 21
6 6 29 15
24 38 72 2
25 13 93 17
13 15 29 6
18 21 76 9
14 24 42 23
7 37 51 1
20 24 96 11
3 4 10 1
16 45 78 12
22 47 131 5
12 23 52 10
5 32 37 15
3 39 48 7
7 20 34 4
23 0 25 13
23 29 103 2
6 27 34 6
17 28 69 3
1 37 39 3
19 48 82 22
19 25 98 21
1 8 9 22
19 23 71 14
4 11 20 15
5 46 61 15
25 26 79 9
13 10 45 13
6 16 38 20
16 7 47 12
25 7 87 11
1 0 2 22
5 37 56 19
