450
1.60 2.56 3.26 2.83 1.00
2 370
4 141
8 22
1 247
6 31
6 220
5 384
1 220
6 91
4 29
7 8
10 259
1 334
7 163
9 44
4 77
4 415
2 59
10 448
1 164
1 256
7 34
10 256
3 249
8 251
4 258
6 103
4 73
10 197
4 344
3 132
9 194
9 368
5 16
4 72
2 359
2 209
7 92
5 61
1 273
7 407
6 263
1 281
3 400
3 38
1 205
7 364
10 242
7 160
2 115
8 261
7 381
1 156
7 191
9 113
3 31
10 269
3 238
4 223
4 440
3 85
7 267
4 370
1 122
9 345
5 272
5 403
8 390
6 82
1 266
8 425
10 34
7 330
10 353
2 171
4 168
2 81
10 372
2 300
8 178
5 375
9 298
7 36
6 92
6 227
4 187
3 220
7 259
1 355
1 141
4 431
8 3
5 228
6 376
1 46
4 100
2 243
7 427
6 402
3 8
7 15
8 47
4 221
3 227
8 196
8 295
10 30
9 361
5 76
3 197
3 97
5 390
4 111
2 14
10 232
3 163
3 393
4 321
1 233
3 152
7 325
6 421
10 434
2 101
6 248
8 380
10 28
3 359
8 25
5 348
5 373
3 333
4 391
9 193
10 339
4 244
10 280
1 102
6 190
7 162
4 350
1 384
6 138
4 133
2 118
5 39
7 430
8 87
6 395
2 92
5 236
5 260
8 340
6 367
6 124
9 376
3 361
8 91
7 179
3 162
9 246
5 370
10 154
7 338
5 224
6 93
5 343
6 197
5 302
2 422
3 104
4 122
5 65
1 99
3 135
3 279
7 431
10 351
2 24
7 360
5 156
2 248
4 331
4 335
4 132
2 267
2 109
6 287
3 108
1 202
1 179
3 25
2 418
10 73
10 133
10 323
9 431
9 54
3 224
3 379
6 334
5 165
7 185
10 405
3 163
1 332
3 23
4 2
8 285
8 173
8 396
2 26
5 316
1 3
8 236
2 396
4 314
9 26
7 282
7 88
10 72
8 442
8 261
8 277
1 115
5 161
10 62
6 245
3 311
5 200
6 445
3 82
1 98
7 348
2 335
9 377
4 93
3 169
3 44
7 175
10 246
2 382
4 205
10 32
9 185
1 106
5 136
9 194
9 249
5 13
8 350
4 58
6 407
10 152
3 22
2 82
6 282
2 51
2 331
3 239
9 412
3 185
1 14
3 51
9 316
6 330
1 437
9 407
8 264
1 24
1 52
1 134
5 82
2 118
4 299
8 239
7 118
2 424
1 401
9 197
5 17
2 335
4 205
6 368
9 266
7 47
1 144
5 138
6 410
1 242
2 325
6 424
1 116
9 419
3 9
4 26
5 426
4 309
9 106
6 392
7 288
8 89
2 290
9 304
9 195
1 260
9 157
8 243
3 406
2 69
8 400
10 157
5 250
3 179
5 373
5 109
1 170
3 202
1 389
2 60
2 257
1 68
5 432
2 407
3 340
1 25
10 257
6 303
5 251
8 300
2 328
1 414
9 125
9 329
6 161
7 388
1 68
2 397
2 258
5 439
2 339
3 424
4 133
8 175
5 293
10 100
5 11
7 192
4 253
7 145
10 376
4 177
6 419
9 398
4 324
5 305
8 14
6 26
2 402
5 91
7 127
3 295
8 433
8 125
8 288
8 117
9 439
10 277
7 20
3 139
7 80
10 421
5 210
3 271
4 238
2 370
5 409
8 21
7 94
6 156
3 219
2 321
3 315
5 103
7 287
9 196
5 22
1 175
9 56
3 77
6 437
2 217
5 328
7 310
9 57
5 222
7 122
8 317
8 364
6 128
6 351
2 344
10 103
9 135
2 289
5 258
2 349
4 392
4 146
8 292
5 146
6 257
6 38
6 174
7 72
7 87
5 170
5 414
10 261
9 133
2 380
6 136
9 373
6 258
10 209
4 174
5 249
9 356
10 303
1 303
2 425
7 76
7 114
5 254
9 256
2 445
3 420
7 232
3 200
5 443
5 218
8 305
10 243
3 240
1 397
3 315
6 431
5 273
10 194
2 303
