350
4.45 1.00 3.48 4.71 2.49
2 200
3 342
1 25
4 343
3 225
10 75
9 190
5 70
1 147
2 44
5 309
8 227
10 206
7 115
10 209
4 193
2 328
1 285
3 255
4 253
3 92
8 115
5 174
8 314
5 306
4 222
5 297
4 326
1 57
8 280
6 262
4 61
8 271
3 45
5 263
7 332
1 66
6 118
10 75
5 330
4 22
2 4
3 53
7 342
2 76
9 253
8 72
7 153
8 263
9 39
1 107
4 243
7 327
9 186
1 145
1 18
2 131
3 286
10 161
4 162
8 278
5 197
8 219
2 91
3 77
2 105
6 282
2 316
8 27
2 196
4 106
10 254
6 91
8 158
8 328
6 254
4 0
7 137
2 231
6 124
8 170
7 249
6 323
2 240
6 4
2 273
2 299
1 177
8 128
3 187
2 311
9 95
2 181
10 260
6 163
1 247
5 320
9 71
6 31
5 281
9 332
2 232
7 102
5 118
5 185
3 101
9 40
6 176
4 31
9 132
2 117
8 296
2 109
3 211
9 342
1 154
3 320
6 3
10 295
3 158
1 98
3 142
5 147
4 347
4 10
1 11
7 150
6 74
7 151
9 209
3 51
7 280
8 1
3 212
9 345
4 216
9 249
10 195
10 216
6 207
6 335
1 56
3 192
10 140
8 335
8 31
2 99
7 179
4 307
10 161
3 74
2 178
3 344
5 306
5 269
5 111
9 25
8 330
5 303
2 234
8 53
5 287
9 204
4 298
8 92
10 278
6 220
8 120
2 27
1 168
9 111
4 295
6 267
10 11
10 20
10 109
7 293
3 315
2 82
6 311
8 245
8 23
8 80
8 303
2 275
9 332
10 205
4 90
5 253
2 324
1 327
10 10
10 140
5 268
2 286
10 123
1 194
7 68
7 180
1 258
4 33
3 32
1 183
3 104
1 77
10 34
9 64
6 109
1 323
4 207
3 142
9 45
10 217
2 157
7 37
9 51
8 106
8 109
10 75
4 176
10 121
10 303
10 258
9 194
1 196
3 5
4 292
7 137
5 313
1 202
7 223
3 71
10 230
7 84
3 171
2 19
4 85
1 140
1 104
7 112
6 49
3 96
5 283
7 122
4 152
7 59
8 258
10 189
10 163
3 122
4 326
6 109
3 222
10 162
7 20
9 202
9 158
3 160
2 148
9 347
4 171
8 56
10 235
8 335
8 212
7 117
1 267
1 185
10 193
7 233
10 122
1 71
6 249
1 306
7 8
8 122
10 132
2 207
4 116
4 102
1 313
2 41
8 290
4 46
9 119
5 209
3 0
1 213
6 204
6 19
8 201
10 302
6 343
8 33
8 300
4 143
4 294
5 77
1 79
8 286
5 17
8 329
4 164
5 175
1 193
5 46
4 19
8 88
1 305
5 185
4 55
3 206
3 94
8 220
5 284
9 293
6 53
9 122
9 339
7 124
8 54
3 113
9 244
7 140
3 68
5 207
2 219
7 51
9 287
8 327
8 328
8 119
3 29
6 115
4 208
10 244
5 311
7 207
2 38
4 298
8 185
4 340
10 17
7 283
4 28
1 330
9 339
5 90
4 69
6 211
