500
4.32 3.25 1.00 4.99 3.86
10 470
8 54
7 75
10 66
8 26
9 159
8 477
5 408
6 229
1 264
6 90
7 146
5 468
5 325
3 124
10 412
3 295
8 42
10 288
4 97
1 28
2 360
5 283
4 486
10 168
10 229
8 201
5 64
9 317
8 304
4 54
1 373
2 54
3 51
2 480
9 483
7 355
9 248
8 7
2 37
6 314
8 212
3 449
9 179
7 135
3 459
9 362
1 226
8 401
3 190
5 400
5 122
4 58
6 375
3 196
1 267
2 419
4 400
1 336
4 361
2 225
1 305
10 235
7 496
10 454
4 225
2 381
9 121
4 266
10 221
2 251
4 90
4 471
2 410
5 23
5 93
9 469
5 54
5 54
6 90
2 338
2 355
5 372
9 1
7 307
1 427
7 425
3 302
2 229
3 17
7 290
9 332
8 409
9 310
10 211
1 389
7 413
6 469
4 448
5 260
7 13
4 328
8 124
5 205
4 154
10 229
9 233
4 381
6 399
9 142
9 326
9 120
1 275
8 389
3 32
6 473
2 451
1 189
1 72
3 417
5 246
6 178
1 371
3 124
2 257
6 241
10 31
1 323
1 291
1 326
4 471
1 28
3 427
5 468
7 151
2 365
3 205
2 193
7 77
9 186
2 271
6 299
6 417
3 46
7 30
1 493
5 394
4 126
2 15
1 287
4 323
1 58
8 3
10 29
5 307
9 306
9 3
10 401
1 394
4 454
10 64
8 456
8 353
3 474
9 260
4 426
7 477
5 243
10 79
3 407
1 441
2 232
9 15
9 290
4 220
6 218
1 5
3 18
1 20
7 396
10 174
7 127
3 317
9 284
3 147
3 170
1 175
1 60
6 305
3 174
8 80
1 90
3 129
5 136
7 419
2 493
5 309
2 64
3 399
10 89
3 117
7 126
4 93
5 163
1 443
4 458
6 473
2 367
3 251
6 200
2 425
7 140
3 452
2 69
4 471
8 75
4 442
1 11
10 398
5 456
4 166
6 401
5 57
4 155
5 193
10 25
3 71
5 97
1 92
4 436
8 328
8 5
2 6
8 490
1 415
8 436
6 249
1 31
1 70
9 341
10 473
10 123
5 206
1 329
9 257
1 319
6 156
3 223
10 268
7 386
9 320
4 409
9 206
2 1
5 373
4 422
8 384
8 167
4 99
4 182
4 443
10 137
7 257
8 46
6 353
6 487
10 177
6 193
10 15
6 390
3 214
5 372
8 454
9 256
8 341
9 283
6 150
8 203
5 324
8 173
4 426
1 474
2 401
5 220
5 429
7 242
10 193
7 46
4 178
10 454
10 443
1 297
7 346
2 488
7 364
8 312
6 349
3 490
1 262
10 428
2 168
10 261
10 298
2 309
1 362
2 449
5 464
6 474
1 270
9 160
1 311
9 20
6 294
10 339
8 182
8 339
7 456
7 80
6 368
1 104
6 472
10 162
1 121
5 337
6 131
4 83
9 179
7 92
4 99
5 21
3 438
10 249
8 289
2 258
7 97
9 151
5 17
5 173
1 250
1 223
4 409
9 282
7 105
7 440
8 138
5 429
7 158
1 300
2 326
1 52
9 295
5 482
7 241
4 220
1 75
7 46
7 284
7 208
6 113
3 485
7 25
5 186
8 90
1 414
2 304
9 109
1 430
6 210
4 87
3 9
9 367
4 268
4 476
3 278
4 43
3 262
3 374
8 309
1 369
7 54
10 391
10 309
5 56
6 222
9 77
7 403
3 324
9 357
7 404
4 30
10 159
6 279
9 2
3 9
10 484
2 265
7 295
7 192
6 344
6 486
4 393
5 195
3 260
1 163
7 261
3 470
10 76
7 429
9 264
9 158
10 43
3 402
7 156
4 191
6 85
8 15
6 492
2 371
5 76
10 48
1 475
7 262
9 263
6 110
2 218
9 92
5 6
5 329
6 189
10 469
10 192
6 96
2 334
5 81
7 292
1 416
6 442
5 301
7 308
3 269
2 190
9 40
2 489
9 258
10 275
8 350
9 429
3 365
9 347
9 401
10 83
10 249
5 62
6 106
6 419
7 463
2 245
4 193
1 424
6 214
9 66
1 319
8 216
6 3
10 230
1 102
8 211
5 77
2 274
6 128
1 192
8 226
10 183
3 135
1 398
1 460
10 486
6 323
2 288
6 465
3 385
9 152
10 54
3 240
6 184
6 276
7 306
3 473
9 308
1 183
6 120
1 145
9 391
4 470
9 39
6 55
5 250
10 143
7 113
5 120
