150
4.20 1.37 1.00 2.12 2.17
8 59
9 86
4 7
2 60
5 53
5 19
5 89
6 48
3 12
5 30
5 101
5 42
10 67
5 9
4 46
7 14
8 36
2 15
2 4
10 8
2 40
8 49
8 4
4 105
8 89
10 41
3 19
4 109
9 6
2 104
10 101
7 102
6 76
10 12
10 120
6 8
9 121
8 6
8 84
4 82
4 93
8 11
2 76
6 77
8 140
9 112
9 98
6 14
5 46
3 12
7 47
7 50
7 116
4 134
7 79
4 91
2 110
1 39
6 110
10 108
5 11
1 9
10 60
4 136
6 87
6 140
3 86
6 100
9 120
6 142
10 123
7 56
8 130
8 0
5 64
2 107
7 46
7 14
7 100
2 148
7 39
9 36
2 93
4 141
9 63
4 62
5 19
10 82
7 60
4 80
7 36
3 92
5 60
1 39
3 64
10 61
3 96
5 118
4 40
2 77
2 79
3 138
2 25
10 84
8 149
1 94
6 89
5 43
9 58
8 133
10 104
7 92
2 123
9 115
5 68
3 44
6 83
2 28
8 51
8 118
5 113
1 69
4 131
5 53
5 138
10 77
3 38
3 108
4 138
2 0
10 40
3 90
7 19
7 133
7 26
8 107
4 36
5 125
6 46
4 39
1 44
5 89
2 57
5 18
9 127
1 108
1 124
1 72
9 59
1 34
