300
1.79 4.79 4.73 2.70 1.00
7 135
3 113
6 230
8 137
5 176
9 66
6 37
5 55
5 293
10 254
8 38
4 293
4 167
5 277
1 205
4 279
9 228
6 226
1 272
5 130
2 244
3 55
3 87
7 249
10 233
5 227
3 216
9 193
4 220
9 142
8 43
2 65
10 201
10 188
2 144
9 238
3 163
1 82
9 200
2 5
9 298
3 14
4 108
2 264
1 187
2 220
7 13
10 89
6 79
6 40
5 177
10 75
2 220
5 261
3 201
4 171
4 231
5 62
3 157
4 244
3 261
4 107
2 167
9 172
5 158
4 28
8 124
3 237
9 145
8 38
9 2
4 72
7 214
4 140
2 92
4 49
9 102
2 228
1 209
10 244
1 202
7 283
8 261
4 26
5 128
5 284
1 202
2 179
5 97
9 250
10 29
6 238
1 105
9 101
10 299
4 215
1 179
5 73
3 244
5 128
10 170
7 68
3 87
1 40
8 197
9 19
5 171
4 119
6 40
1 9
7 180
2 241
9 28
6 287
10 20
1 2
6 39
3 281
7 159
7 147
8 106
1 203
4 8
9 108
7 205
9 61
8 285
1 152
6 222
1 48
4 255
3 257
3 239
6 215
7 111
1 41
1 83
5 55
8 14
5 66
10 109
4 259
9 98
8 126
9 141
7 236
1 267
5 140
9 277
3 154
7 187
8 137
1 158
4 118
5 18
1 168
1 160
9 270
6 23
2 219
10 297
8 228
3 93
3 183
10 30
4 79
7 119
5 228
6 261
5 100
1 168
8 62
10 138
3 86
6 252
9 229
1 42
2 295
2 61
10 90
8 247
2 61
2 190
7 121
4 229
1 238
8 32
3 149
5 190
6 64
5 260
10 2
9 295
6 37
6 178
10 250
1 9
8 72
6 38
2 200
3 266
7 27
2 97
7 0
1 138
4 51
10 212
4 230
8 14
6 115
1 214
8 290
7 271
3 41
9 217
9 293
7 16
4 91
9 41
5 267
5 32
6 259
6 224
10 243
3 157
3 284
3 215
2 86
2 224
6 27
3 8
2 41
1 254
7 287
1 254
2 282
1 101
8 297
7 268
3 223
6 89
6 160
9 154
4 91
1 191
4 250
6 171
2 27
5 297
2 126
5 85
6 186
8 136
7 28
1 132
3 93
8 141
2 24
5 187
4 36
2 5
4 191
2 189
3 183
8 130
2 84
5 34
10 134
10 203
4 48
3 292
1 190
1 251
8 247
7 26
2 298
1 262
6 225
9 100
8 118
9 170
2 33
3 88
7 191
9 104
6 118
8 111
3 225
7 257
2 133
9 166
3 27
2 234
3 192
8 258
6 247
7 212
5 238
5 121
8 164
