200
4.74 2.84 1.11 1.00 4.33
4 163
8 149
9 136
6 148
1 88
8 44
1 15
5 103
1 104
6 28
3 150
8 169
6 115
9 55
6 54
10 173
3 26
6 144
6 60
4 73
10 77
7 166
5 194
5 110
8 152
3 55
9 156
3 27
7 1
3 147
8 51
7 113
5 116
4 108
7 133
1 80
6 72
9 181
5 195
1 129
9 160
9 96
6 162
4 187
2 58
9 38
9 115
9 135
7 155
5 92
6 43
1 67
5 177
8 128
8 84
2 11
2 39
7 40
8 42
8 75
1 61
8 195
3 182
5 198
9 77
5 21
6 78
9 122
2 47
3 87
3 131
5 129
10 54
2 149
6 66
8 178
9 177
3 151
9 188
7 126
4 75
7 1
9 166
3 195
2 92
8 91
2 41
7 189
1 157
5 137
6 115
2 176
10 191
7 196
3 140
8 135
8 61
2 79
1 66
10 33
9 70
2 43
7 158
5 22
4 52
9 92
2 69
9 182
6 175
10 121
5 184
4 42
10 131
1 120
10 180
5 9
1 134
9 95
10 26
4 188
9 163
4 180
5 112
1 99
9 153
9 103
9 166
7 150
4 36
7 26
2 74
1 92
8 115
5 80
9 60
5 8
9 65
3 179
10 195
5 191
9 5
4 92
2 103
4 163
7 114
10 184
1 189
5 179
10 71
6 101
9 182
5 33
6 191
1 144
1 111
5 123
1 26
2 18
10 114
9 146
3 187
5 87
4 132
4 62
10 40
5 46
5 142
5 7
5 125
7 180
9 20
6 14
8 2
1 25
3 57
10 90
2 0
10 9
9 49
5 59
9 183
2 12
3 101
7 35
7 35
10 30
2 50
1 48
10 3
4 64
4 58
7 147
6 81
2 69
5 186
6 20
5 84
3 174
10 187
10 20
