100
4.00 1.89 1.45 3.65 1.00
5 99
6 91
10 96
5 94
10 88
5 99
9 90
5 75
8 96
8 25
9 15
10 7
9 12
1 86
5 18
8 8
5 61
10 49
5 54
2 7
10 32
2 87
4 18
1 97
3 42
7 95
3 30
10 33
5 97
7 82
9 12
2 55
9 13
10 76
2 3
1 39
9 32
6 66
6 40
4 79
10 39
1 10
9 76
7 65
9 98
7 34
2 67
3 14
5 68
4 88
1 49
9 90
10 93
7 84
10 40
1 13
10 2
8 34
7 19
1 71
2 5
8 12
10 81
3 65
10 14
4 98
10 42
6 34
1 87
2 45
6 89
3 63
8 52
9 91
5 69
10 36
7 76
3 59
6 0
3 96
2 3
9 77
7 27
3 29
3 25
9 18
1 48
4 78
8 13
6 70
2 31
1 87
10 4
7 68
3 30
8 76
7 26
1 62
10 64
3 38
