400
2.08 4.59 2.77 4.15 1.00
10 22
8 379
2 334
7 133
8 193
8 203
4 201
4 11
9 375
5 148
1 314
2 174
5 370
1 250
3 341
5 347
9 50
10 196
5 389
4 68
1 379
7 304
7 86
3 192
2 3
4 45
10 25
3 232
10 341
10 143
6 180
3 156
7 64
1 222
1 31
2 284
9 40
7 343
1 152
3 207
10 308
3 25
3 288
8 192
1 79
7 282
7 60
10 172
7 376
9 144
8 212
8 149
7 82
8 168
7 71
5 290
2 244
9 130
9 85
7 333
7 249
1 227
4 372
1 387
10 81
7 322
2 284
5 264
6 127
7 75
3 219
3 96
9 217
10 111
6 305
7 135
8 299
7 210
10 309
10 90
8 101
8 300
2 303
10 284
10 152
2 73
8 171
8 146
5 124
1 201
3 140
10 39
4 301
6 112
9 167
1 201
10 202
3 231
10 196
2 329
3 21
10 345
3 145
10 255
7 245
8 375
10 318
8 308
9 343
10 356
9 146
7 262
2 377
1 346
7 260
10 216
2 317
7 355
4 291
2 31
1 380
6 17
4 303
10 374
7 337
8 311
2 381
9 315
6 169
9 285
8 359
8 320
2 42
8 144
1 362
8 379
7 249
5 127
7 294
3 294
7 242
2 192
10 146
9 159
4 276
8 105
7 197
3 345
9 18
6 199
2 349
9 329
1 323
2 250
7 364
7 219
2 243
5 87
3 215
6 27
8 112
4 37
2 278
9 124
8 222
3 48
9 246
10 180
9 100
4 137
9 153
6 61
8 76
1 36
3 101
6 373
4 182
10 57
10 145
10 383
5 182
4 36
2 251
8 81
1 290
4 357
3 37
9 196
10 261
1 320
2 51
2 88
8 142
5 222
3 175
7 381
4 145
7 282
9 230
6 186
3 357
1 85
10 296
6 393
4 373
6 130
9 219
8 313
6 368
2 363
10 152
5 363
9 249
3 218
5 285
2 38
2 391
5 145
4 313
6 51
2 310
5 338
4 323
1 162
2 388
2 392
7 292
4 179
10 148
10 221
6 56
7 77
4 95
9 369
6 242
7 395
2 350
7 393
2 325
4 202
3 385
8 365
7 283
10 332
3 315
9 345
10 321
1 104
8 196
5 270
4 137
5 344
1 262
10 222
6 215
7 233
3 160
5 51
6 116
8 158
10 246
7 57
9 223
7 382
7 303
7 303
4 359
7 114
7 134
9 298
2 194
5 248
6 169
8 161
2 153
2 386
5 189
7 34
5 345
7 199
3 184
8 204
4 35
6 49
7 373
3 35
10 93
6 302
8 20
8 352
7 256
9 239
9 375
8 334
10 8
8 44
10 23
5 254
6 167
2 254
9 173
3 163
7 50
1 275
7 41
5 358
8 258
5 206
10 62
1 20
2 164
9 228
1 323
10 107
1 153
9 128
4 148
7 289
4 39
8 16
2 79
6 62
1 198
10 197
10 152
4 108
4 340
8 327
7 278
3 302
1 66
8 399
4 131
5 230
7 69
8 60
10 303
8 253
7 214
2 222
1 110
6 319
8 130
2 110
4 262
7 284
1 282
5 324
1 242
1 281
5 388
2 175
9 33
4 269
2 184
7 353
3 312
9 356
9 132
3 208
5 140
1 79
9 377
3 118
9 89
5 50
6 44
1 289
6 109
1 389
7 85
8 84
6 93
5 131
4 147
10 181
10 64
7 158
4 167
9 29
10 127
6 57
8 388
8 395
3 59
2 173
6 69
6 177
4 71
3 37
1 247
5 117
3 169
8 2
2 267
2 162
5 173
8 231
7 246
6 308
