250
1.00 4.83 2.75 3.06 1.80
4 204
10 231
1 197
5 234
1 31
9 163
5 96
6 220
5 189
7 152
10 63
5 154
10 163
8 181
3 245
3 76
2 230
6 38
10 122
2 8
6 170
4 150
1 149
3 146
7 172
2 110
9 181
7 30
2 220
2 47
7 67
2 160
4 197
3 220
7 201
1 109
10 152
2 181
7 169
1 115
9 136
3 193
3 161
7 117
10 215
9 211
8 226
1 204
4 119
5 162
8 76
2 2
5 4
5 70
2 134
7 151
5 60
1 138
8 226
1 191
10 216
5 6
2 220
8 17
6 133
1 204
2 103
2 114
4 86
4 194
7 221
6 46
7 7
5 246
3 120
4 65
4 179
1 82
5 247
2 33
8 13
2 70
6 146
8 33
9 199
1 222
10 167
6 181
10 174
8 73
2 90
10 137
6 161
4 148
1 223
8 150
6 117
5 243
6 33
1 61
8 195
5 154
2 140
5 185
10 116
4 63
2 86
6 42
10 110
7 190
9 121
3 195
3 191
3 34
3 135
2 125
7 60
8 248
5 80
4 80
4 4
4 130
4 76
2 69
10 72
7 61
3 116
2 135
3 118
7 50
3 39
9 132
8 153
5 111
5 163
9 85
3 129
5 70
6 17
9 208
4 180
4 84
7 100
10 188
6 81
10 190
10 35
3 133
7 202
7 124
4 68
5 95
9 172
10 173
2 119
10 106
10 8
1 217
7 23
10 197
2 204
9 166
2 235
10 140
1 37
5 232
2 176
9 185
10 129
5 57
6 60
6 89
10 195
9 159
1 35
4 181
1 195
7 20
1 168
1 80
8 143
10 208
5 175
4 87
4 170
6 150
8 21
4 198
7 235
7 205
9 3
1 124
3 114
10 53
7 152
6 34
7 56
2 102
5 203
5 1
5 48
5 196
3 190
4 96
1 42
4 177
1 122
5 171
4 176
7 180
1 241
6 70
5 18
6 26
3 134
3 34
10 139
2 194
2 219
9 197
10 99
9 228
10 233
4 161
1 182
3 58
9 188
2 127
8 36
6 137
3 113
9 223
8 185
8 11
1 17
9 22
8 44
7 34
2 231
7 76
8 70
5 171
4 75
10 127
8 76
1 170
6 238
7 49
1 69
7 38
