100
4 3 11 6
5 18 24 7
2 14 18 8
1 14 17 10
4 13 18 1
6 19 33 6
7 19 32 9
3 15 19 1
1 17 19 7
8 13 25 4
5 14 31 5
6 11 23 10
4 16 28 8
2 9 15 6
10 10 38 5
2 19 24 2
9 8 43 2
3 3 11 7
3 0 4 4
7 1 16 9
5 2 8 1
2 1 8 2
8 9 21 5
10 6 30 6
2 10 13 1
1 10 11 9
4 10 16 4
8 10 20 9
3 19 24 6
10 14 34 10
7 10 32 1
7 13 34 6
1 11 14 2
2 6 9 6
6 9 32 8
4 5 14 3
2 19 21 10
5 17 32 4
1 1 4 2
5 4 13 9
10 9 42 7
2 13 18 2
9 5 15 3
10 6 29 4
10 1 35 3
7 3 21 10
2 11 13 4
9 18 42 6
5 14 29 1
8 17 36 6
3 4 7 1
7 5 28 3
7 4 19 4
7 1 28 8
8 4 34 7
3 18 22 3
7 7 29 3
8 14 36 4
10 9 26 5
9 13 32 4
3 2 12 9
9 19 42 3
9 16 44 5
2 15 22 8
9 0 28 3
8 11 24 6
1 15 18 1
10 11 42 5
1 11 13 5
3 8 14 5
8 7 16 2
9 18 40 1
4 0 6 5
6 3 21 9
4 1 9 10
4 8 19 2
8 3 22 10
2 5 8 1
5 4 9 10
10 0 34 10
2 11 13 6
4 4 16 7
8 14 38 7
6 10 16 8
1 5 7 7
1 5 7 9
5 5 14 7
2 11 14 9
9 5 39 10
1 16 17 1
8 3 20 1
10 15 53 6
5 11 28 6
5 7 14 7
7 2 21 4
2 14 20 5
6 11 19 2
6 18 27 6
8 1 24 10
5 9 16 7
