500
8 85 116 27
43 33 114 33
18 59 93 10
20 89 163 26
21 92 119 16
14 4 25 4
30 95 159 13
31 70 138 6
25 18 67 47
44 10 157 15
21 95 176 13
35 13 100 28
45 34 121 50
19 4 33 50
45 22 174 33
5 32 40 24
34 60 138 39
42 45 136 22
33 60 100 36
33 92 183 35
26 95 141 50
7 56 82 19
22 48 83 2
17 64 93 22
29 57 123 35
35 51 117 2
47 59 198 39
13 53 68 11
37 37 86 22
27 53 122 11
21 6 64 27
22 79 137 7
12 63 83 34
33 10 101 22
49 9 200 7
30 53 146 10
26 42 117 49
4 53 62 34
37 36 140 1
18 86 106 13
15 13 69 25
35 34 150 8
24 45 99 15
12 26 68 50
49 94 199 44
23 33 90 6
27 78 154 47
47 56 188 35
9 58 67 43
48 0 183 41
46 46 98 4
41 79 217 34
50 19 149 20
35 43 95 9
45 85 202 22
49 51 172 26
9 19 36 12
6 35 48 19
30 39 110 4
27 94 174 3
47 32 88 20
31 9 88 32
34 50 159 33
14 80 104 43
2 65 67 8
48 90 208 44
17 30 69 24
43 14 71 24
37 51 129 19
47 89 146 12
45 16 179 5
5 38 56 13
33 84 137 22
37 52 150 41
43 9 169 36
13 57 82 48
6 10 20 17
1 18 21 27
35 27 97 42
47 18 71 4
36 28 73 15
23 27 65 25
31 58 90 17
42 62 114 30
24 7 54 18
39 13 116 38
12 40 79 31
47 37 208 43
28 61 148 24
19 45 107 16
13 2 36 25
35 15 148 10
30 43 99 22
37 46 108 23
36 44 143 6
14 58 76 1
42 52 192 12
7 30 44 4
8 6 18 3
48 90 210 24
24 99 141 24
23 60 92 21
33 36 140 29
13 88 103 27
6 24 34 36
11 44 68 25
14 12 52 25
22 65 116 45
10 45 58 23
28 50 160 5
48 11 107 47
17 85 105 16
40 97 148 26
21 43 87 31
16 72 119 17
19 48 78 35
48 24 144 50
29 91 121 15
12 77 114 13
18 91 137 15
45 17 177 32
3 50 55 34
24 37 83 13
13 1 28 43
28 71 100 4
8 85 110 13
47 44 128 17
10 54 65 39
18 19 42 17
1 73 74 49
32 85 197 30
40 91 183 16
47 33 97 19
29 58 93 15
30 59 177 47
28 48 111 27
37 40 137 10
24 30 119 24
31 12 98 6
45 98 190 15
17 1 30 47
5 28 47 23
49 59 128 36
47 10 166 32
32 28 115 34
48 25 180 9
10 41 65 13
34 55 182 46
34 23 81 34
32 47 95 26
10 31 52 40
36 66 200 25
15 15 63 20
35 30 78 11
11 76 108 20
3 28 33 12
21 11 47 42
29 36 86 14
32 72 152 16
2 8 15 21
9 87 106 42
13 32 64 4
26 0 46 27
28 60 162 46
19 45 97 38
49 43 133 34
25 24 109 34
28 86 187 34
26 22 62 26
41 63 194 43
45 21 173 6
22 69 134 46
44 36 103 42
22 12 98 48
17 36 102 22
9 40 67 15
12 10 25 10
10 18 49 28
40 32 119 3
49 33 135 23
24 72 120 1
41 85 148 9
25 75 144 39
48 91 192 10
40 18 143 41
17 89 131 36
13 54 90 49
44 16 187 13
49 40 154 11
33 34 110 49
30 47 159 18
12 75 96 29
49 43 205 37
48 98 279 39
27 22 99 18
37 91 238 14
38 22 135 39
45 77 207 26
31 4 57 40
31 28 79 38
37 92 218 38
9 18 50 23
9 65 81 36
13 19 68 5
47 89 221 42
9 82 97 1
20 73 121 23
36 4 73 10
2 16 18 11
6 21 36 22
6 62 68 47
25 51 126 31
29 58 110 32
14 32 72 19
50 84 206 12
21 40 78 49
5 16 25 25
22 69 150 16
34 68 166 1
3 32 38 34
41 18 75 45
11 72 103 33
22 54 109 30
32 17 100 47
30 76 169 41
25 52 102 26
7 50 62 14
47 23 99 5
25 12 69 5
11 28 55 33
49 74 222 10
23 36 98 5
21 22 71 45
14 29 52 34
1 70 73 11
27 6 48 50
25 46 104 2
42 91 209 30
12 61 86 28
3 82 93 44
36 49 143 25
2 50 55 35
35 82 135 34
30 63 143 45
1 12 14 33
5 58 76 9
38 67 129 42
10 7 34 34
20 37 60 15
48 37 128 25
35 50 169 9
43 79 161 19
28 43 153 36
22 25 85 15
40 55 133 48
39 25 155 16
34 60 186 21
44 46 190 3
19 29 104 36
38 59 206 33
21 14 79 11
32 4 131 17
22 24 94 50
3 64 75 4
39 27 131 42
15 42 74 30
35 2 88 37
23 78 103 33
13 5 47 20
8 37 51 4
41 1 69 8
19 86 145 14
4 53 65 2
8 54 63 35
16 43 81 42
2 69 71 14
49 23 143 30
29 3 56 35
46 46 100 9
1 41 44 6
14 15 68 19
15 54 98 29
24 9 87 33
5 53 68 40
42 23 70 6
16 98 123 43
1 76 79 46
5 63 76 5
31 10 70 30
33 52 108 4
48 99 170 35
44 79 162 28
47 52 227 10
9 21 39 17
17 2 31 26
1 38 40 25
11 9 37 5
19 72 116 20
48 42 142 49
48 20 132 30
18 39 96 47
38 43 86 10
31 6 112 21
13 46 80 27
28 1 103 39
34 76 204 3
39 60 183 48
38 66 197 3
11 91 112 44
21 95 159 7
42 45 170 14
38 90 146 5
31 37 83 10
7 16 34 42
25 40 94 18
30 42 83 23
11 59 84 45
8 93 115 46
46 32 109 46
30 46 84 26
13 53 95 29
2 91 97 46
43 67 230 19
14 10 28 30
47 84 172 32
36 81 204 8
32 68 179 41
17 45 112 18
39 13 163 3
47 76 254 28
33 80 191 42
36 80 168 38
36 37 108 46
15 83 142 5
43 82 196 34
41 11 145 11
22 73 115 13
12 50 82 50
17 46 63 23
45 48 183 40
24 16 98 32
1 36 39 13
50 32 206 29
15 56 84 23
44 98 202 17
1 51 52 17
4 91 106 27
44 71 189 22
32 1 60 7
18 32 60 16
28 12 111 32
2 17 22 2
8 4 14 41
50 19 128 39
29 67 175 10
1 26 27 25
28 58 127 2
43 15 152 2
10 1 37 5
24 50 105 19
1 35 38 49
29 36 133 27
1 92 95 25
30 54 116 8
6 63 75 11
27 53 106 28
32 10 68 31
13 79 122 9
30 87 145 22
36 56 148 6
24 8 51 37
4 33 44 24
5 7 25 38
11 99 119 13
2 43 45 13
41 38 145 20
34 80 132 23
30 94 209 30
31 34 78 12
22 99 147 7
8 68 91 24
15 13 47 15
8 16 39 18
25 79 129 14
11 98 121 7
19 90 114 40
26 12 59 23
5 81 86 6
40 75 165 47
37 60 160 47
50 3 95 9
25 25 103 22
2 31 36 20
10 78 107 49
3 0 10 37
30 9 100 4
47 96 164 50
36 60 155 31
45 74 166 47
46 45 154 7
25 24 122 11
17 7 71 9
46 54 193 20
27 66 165 17
36 23 66 24
25 77 164 11
40 17 61 30
30 36 100 15
40 66 212 27
20 35 57 10
28 55 112 32
43 60 208 39
42 97 156 26
44 75 153 32
3 42 45 46
14 13 40 11
6 8 22 24
9 40 49 5
9 65 74 21
17 93 153 20
18 10 44 14
46 5 120 10
33 29 103 48
40 52 107 36
46 58 130 40
22 24 75 23
45 96 235 31
5 96 109 48
16 57 85 32
3 8 13 40
7 55 82 29
35 31 93 5
26 64 128 48
25 8 55 33
3 5 8 6
31 76 122 5
20 59 113 3
26 47 145 19
34 8 136 49
27 43 113 21
32 40 133 46
40 40 111 32
34 53 115 48
9 68 78 34
38 46 88 15
19 1 34 50
9 87 106 38
4 50 61 8
26 72 116 21
21 24 84 35
16 1 44 42
8 22 38 12
30 51 153 19
24 66 138 47
26 23 112 30
9 22 39 11
48 19 118 11
37 92 199 42
36 73 205 39
8 95 117 26
9 80 108 14
47 96 234 37
2 54 60 13
5 80 97 2
2 26 30 31
22 77 117 40
17 43 75 18
19 94 164 3
9 50 85 32
36 89 193 23
33 25 66 40
41 90 235 42
39 34 126 46
38 9 48 12
45 38 136 50
14 60 87 8
14 2 53 4
45 53 213 26
1 53 56 16
7 30 42 35
28 66 98 38
28 80 108 19
16 76 112 25
28 61 120 23
28 30 89 50
41 95 158 4
44 15 115 13
49 57 248 37
25 33 73 37
43 17 120 13
50 69 166 36
43 78 223 48
3 72 77 16
15 0 38 36
7 98 121 12
43 15 177 48
35 58 107 40
38 11 139 48
6 49 66 46
27 24 90 9
