350
26 52 81 13
22 34 107 16
17 37 90 30
8 58 68 27
5 52 69 20
22 22 93 20
16 3 30 32
35 25 164 22
6 2 14 27
25 6 97 14
8 38 63 14
29 34 123 28
35 26 122 15
35 59 97 15
15 27 49 8
6 53 73 4
31 9 113 21
24 48 90 12
11 56 91 2
28 43 107 17
27 7 44 22
2 66 73 34
10 63 73 14
17 35 65 17
27 34 61 23
8 56 85 28
15 2 34 31
28 62 173 11
2 30 33 5
24 47 99 5
17 37 102 4
17 60 99 6
13 41 61 14
14 44 99 26
30 20 132 32
10 33 58 30
24 66 124 28
21 8 57 29
30 23 126 23
19 31 92 31
22 47 84 2
34 26 127 30
1 14 15 5
24 7 67 22
12 29 60 28
20 26 74 20
15 47 97 2
6 3 16 15
35 30 161 10
4 31 40 3
7 22 39 14
6 38 54 25
28 39 141 24
30 15 111 12
21 33 54 13
19 46 85 7
2 56 59 21
22 17 86 2
3 28 34 13
7 40 59 18
23 67 152 21
30 59 127 34
3 47 50 32
13 0 33 17
25 36 91 18
25 22 73 30
26 7 65 35
35 23 110 28
1 4 5 10
27 7 93 31
31 15 128 25
28 68 146 29
11 51 92 23
1 6 7 5
18 30 79 33
21 43 125 1
31 31 153 1
24 45 89 12
23 24 71 26
9 13 26 19
10 10 45 15
9 49 69 24
21 11 75 34
19 34 98 30
25 39 79 3
18 40 69 30
30 16 122 28
26 21 55 27
21 66 133 24
31 48 151 6
12 57 100 15
26 2 53 22
2 63 69 20
17 2 65 13
6 43 55 2
35 29 78 31
24 61 115 18
12 9 53 27
1 19 20 24
12 56 88 13
13 69 97 8
3 19 28 3
29 65 132 15
10 59 98 9
12 15 54 12
18 46 81 20
30 5 37 15
11 14 44 26
7 65 88 32
7 49 58 3
35 3 68 17
29 33 95 27
24 56 132 18
32 13 63 4
35 14 111 5
16 33 71 22
8 47 56 21
18 6 25 25
33 42 172 9
17 2 69 18
4 5 20 5
25 1 57 8
26 53 96 6
21 5 39 13
16 16 63 17
27 56 141 26
3 29 36 27
12 9 26 24
21 11 89 16
24 50 82 3
19 52 96 8
5 30 46 16
23 14 87 26
2 52 55 18
34 34 137 4
11 11 37 7
16 7 66 8
6 31 40 11
14 54 97 9
20 14 61 32
32 11 76 17
16 67 130 17
7 11 19 20
13 10 50 35
18 35 106 6
6 48 58 28
7 47 67 3
27 39 75 24
1 37 40 18
1 17 20 34
28 62 115 9
13 64 113 7
25 6 53 13
21 1 47 10
5 60 78 10
7 26 39 17
32 29 67 6
11 13 40 7
13 9 49 3
35 62 187 20
16 63 108 2
22 8 34 29
21 1 62 27
21 58 80 30
34 58 168 23
18 59 102 18
10 64 80 22
18 37 100 15
29 34 101 25
34 2 109 33
28 51 151 8
18 65 106 19
14 39 71 9
24 53 92 24
27 0 50 20
22 46 131 20
18 27 72 20
15 23 50 12
34 32 153 15
5 13 20 24
9 9 39 35
32 27 119 30
31 34 72 31
8 41 64 9
17 29 46 6
34 62 103 18
22 33 111 22
14 68 94 15
4 26 31 19
12 61 95 7
21 68 117 29
5 8 14 19
17 58 77 8
18 40 89 7
33 54 97 28
6 47 56 3
31 5 64 17
4 50 57 23
9 54 85 25
28 22 125 5
16 7 33 31
12 53 67 20
8 58 76 15
14 67 112 17
9 45 57 17
16 31 71 6
11 10 33 13
35 21 75 1
13 42 82 11
28 36 101 5
11 17 46 30
3 64 68 5
25 23 117 27
27 44 80 24
34 34 103 34
14 50 77 29
33 29 121 22
26 64 94 34
2 16 20 30
3 13 17 10
7 59 82 10
22 6 34 1
21 25 88 25
30 55 159 21
8 67 95 3
33 2 96 27
18 49 106 16
27 0 69 34
35 42 95 8
24 64 108 16
12 51 68 9
28 3 96 3
30 55 103 13
28 42 124 24
12 1 17 30
24 27 66 29
19 58 99 27
6 35 41 27
31 13 54 10
31 33 139 21
11 63 103 15
18 66 101 29
13 14 64 4
33 59 98 21
3 18 26 22
4 23 33 7
5 8 16 24
1 22 25 21
9 66 80 4
22 61 134 23
23 59 95 25
4 26 38 35
33 56 132 21
19 0 69 33
28 45 141 6
18 28 87 29
21 49 81 35
26 5 83 32
29 69 110 33
31 45 112 29
8 24 42 5
24 50 84 30
27 19 61 22
3 67 71 13
29 43 85 16
22 23 71 5
14 20 68 18
24 32 59 31
12 20 46 26
11 7 36 32
23 39 112 5
12 6 30 1
28 46 94 16
11 31 60 21
35 31 161 29
10 59 77 30
32 31 120 35
9 37 54 3
29 39 94 29
8 60 86 2
10 50 80 23
9 14 25 10
2 1 4 9
10 3 42 16
23 19 109 5
13 6 27 18
5 14 33 9
20 25 92 15
10 0 21 12
15 1 56 13
30 42 98 30
1 28 30 3
11 22 43 33
14 32 61 28
31 62 180 1
25 44 140 24
3 62 72 9
17 13 67 25
24 27 121 21
7 56 81 35
14 60 92 8
35 1 81 30
6 3 18 15
23 2 32 7
21 21 67 5
25 26 57 18
17 30 92 33
29 36 94 20
8 20 39 5
29 15 65 3
10 42 61 16
32 50 126 25
26 35 88 20
7 12 29 17
10 18 55 18
16 53 98 28
31 54 134 7
7 3 16 30
28 12 50 15
27 66 114 6
12 14 26 35
10 50 62 21
30 7 101 32
14 33 52 34
3 54 65 10
22 20 96 17
14 45 62 14
5 46 60 3
7 58 67 24
11 24 42 21
25 7 73 1
12 26 51 33
1 43 45 30
34 15 99 20
25 9 58 4
8 32 60 34
9 40 69 28
29 0 45 33
7 29 37 6
20 32 73 23
12 64 109 18
28 60 150 7
28 68 148 27
5 25 38 25
2 28 35 32
5 18 23 13
3 14 20 8
27 60 112 11
25 0 39 16
22 66 88 17
