200
7 10 20 12
18 14 35 19
5 15 21 7
17 20 40 18
11 0 11 11
2 15 32 5
17 15 40 21
14 52 75 16
6 24 33 9
8 78 87 11
12 10 32 19
12 44 56 14
5 111 117 11
5 14 23 9
4 56 62 7
3 70 74 9
7 170 178 14
19 47 68 23
15 167 183 16
5 40 51 6
3 38 44 5
13 22 38 20
20 38 65 25
12 26 38 24
7 195 209 16
3 127 132 16
10 246 259 10
4 267 281 9
3 109 113 7
18 95 124 25
10 265 289 20
20 317 344 24
18 210 229 19
20 219 239 24
7 153 175 16
15 346 363 15
4 272 277 5
20 90 122 32
19 151 176 19
4 69 75 19
18 332 361 26
17 192 219 35
6 396 405 7
9 350 360 9
11 336 347 13
4 239 252 10
16 396 414 18
2 100 112 11
1 273 279 11
12 374 391 17
16 487 521 30
4 319 334 5
6 30 36 7
7 461 483 7
4 484 495 4
14 467 481 14
1 507 515 3
8 409 417 20
19 504 526 22
2 325 342 13
2 5 10 3
5 514 521 6
20 349 370 33
3 528 533 5
15 359 375 16
6 164 174 17
15 187 212 20
16 461 483 25
20 269 293 37
2 526 544 6
8 686 695 10
5 250 257 9
9 138 152 20
16 229 256 28
12 453 472 30
20 708 733 25
8 294 309 17
19 64 86 20
4 374 380 10
14 436 452 15
17 469 488 18
19 297 331 22
16 135 155 34
12 447 461 17
12 108 127 15
15 323 341 18
11 316 327 13
13 475 490 17
11 178 192 14
17 499 519 28
8 507 527 25
17 759 779 18
18 254 272 23
16 825 844 21
19 889 912 24
3 69 77 6
12 187 201 13
4 814 826 15
12 620 635 12
4 486 491 6
3 959 965 13
16 700 724 17
7 909 916 12
4 133 137 9
15 14 30 30
15 3 27 19
20 989 1009 21
4 791 795 4
18 110 130 20
9 730 751 13
11 63 74 15
2 820 824 6
8 253 278 21
14 161 181 21
11 738 762 15
4 442 453 5
14 40 54 15
15 317 352 35
12 1084 1100 16
8 1034 1044 9
13 44 58 13
8 203 216 10
3 504 514 10
13 189 206 23
16 1212 1244 19
18 939 959 22
19 34 55 21
9 950 959 24
7 937 946 10
20 828 853 29
6 629 652 19
5 621 629 6
1 604 610 3
11 357 370 12
10 910 922 15
5 757 779 18
7 125 150 13
4 167 179 8
2 500 507 4
3 1344 1348 4
20 499 534 21
12 686 704 14
20 303 327 27
5 753 761 6
2 553 558 13
11 535 558 15
2 589 594 16
15 145 166 19
3 1045 1051 18
2 417 420 3
17 408 425 25
8 397 406 9
16 155 181 18
12 384 397 19
12 1271 1287 20
19 80 113 25
6 584 592 8
2 1280 1284 13
2 1253 1255 4
14 1458 1475 22
17 113 131 19
8 817 830 9
17 660 685 27
14 499 526 33
3 146 159 8
20 185 207 20
12 1524 1536 16
2 1180 1184 7
3 53 56 3
14 10 31 31
19 804 826 19
9 154 176 17
9 562 579 18
19 1306 1326 20
14 1568 1582 17
14 358 377 30
4 1340 1360 21
18 965 991 18
8 1401 1416 10
14 783 805 24
4 1570 1579 9
12 695 721 21
17 611 630 19
9 205 224 13
7 1668 1675 23
9 1530 1554 13
9 905 914 16
18 1167 1195 26
8 128 137 10
19 1865 1897 20
15 361 378 15
17 459 486 27
2 441 452 22
14 1690 1707 22
3 1281 1287 5
6 1408 1416 7
4 1926 1933 15
18 153 174 22
13 40 67 13
11 1138 1152 14
