450
4 3 23 21
3 5 21 4
20 25 45 20
16 28 49 18
11 2 14 11
20 48 71 23
16 20 46 28
1 45 48 2
3 4 15 9
4 39 48 4
11 83 97 17
7 7 28 18
18 109 133 19
7 127 140 9
14 66 96 21
15 122 137 15
1 45 57 10
3 69 77 20
6 19 34 8
9 181 195 16
14 74 88 14
5 128 148 5
19 18 47 23
18 70 92 32
16 177 195 18
19 4 27 23
16 44 64 30
7 39 47 7
6 153 159 23
16 165 187 28
19 50 69 19
10 83 98 13
15 318 334 20
8 268 279 10
14 81 95 16
2 245 248 7
12 230 244 18
4 44 65 6
18 221 247 21
8 337 359 20
3 318 321 17
2 86 92 7
17 74 97 23
17 8 26 22
20 202 222 20
14 62 93 21
5 110 122 17
17 300 321 29
13 33 48 23
17 186 213 26
8 125 137 9
1 332 337 5
17 155 182 26
8 439 457 26
15 363 382 29
4 297 319 14
6 126 137 11
5 456 475 13
13 423 439 13
4 26 35 8
17 409 426 17
19 618 644 27
18 68 91 23
18 168 189 20
13 236 266 23
1 368 384 18
20 15 35 24
18 437 467 32
9 212 225 10
9 284 295 12
2 552 559 4
13 175 188 18
1 421 436 10
4 289 295 12
9 531 549 23
12 506 523 16
13 168 193 28
3 426 435 7
1 525 540 6
10 198 213 16
3 442 445 9
14 583 610 18
17 171 188 18
17 723 753 23
8 384 393 8
20 771 800 23
2 443 458 8
12 255 269 28
5 153 162 12
18 538 565 20
13 566 582 15
8 192 209 16
5 341 346 13
19 362 392 21
16 255 272 19
3 148 151 7
15 427 443 24
12 386 400 17
11 869 883 15
1 824 825 2
9 313 329 17
13 593 608 19
9 882 891 19
19 645 667 24
5 24 44 15
3 858 861 4
17 406 424 18
5 468 473 6
1 854 857 1
1 38 50 14
16 512 528 18
14 1043 1060 20
18 786 807 23
12 609 623 22
13 944 963 15
13 1134 1164 21
2 1032 1039 2
4 726 738 15
8 911 922 19
10 704 717 10
2 209 211 5
16 779 796 16
10 475 490 12
14 232 251 18
18 1126 1144 18
16 1170 1198 28
8 322 331 21
15 1147 1166 20
14 974 989 25
4 1076 1083 16
9 241 254 13
11 1165 1184 23
16 1080 1096 17
5 1242 1259 18
16 825 852 23
20 101 123 24
2 303 312 15
17 48 78 26
3 487 491 11
2 643 645 2
2 811 817 11
16 756 777 18
11 1279 1293 17
14 1312 1326 15
1 25 30 5
7 423 439 7
20 369 403 37
14 524 541 18
1 468 471 6
1 803 808 4
11 1309 1324 24
20 287 318 38
7 364 372 10
15 1231 1251 18
6 733 753 24
1 62 77 4
1 1160 1167 9
10 1456 1473 16
16 6 23 17
18 1164 1186 23
9 535 547 13
5 282 301 12
10 816 830 23
9 1554 1563 9
1 1380 1381 8
2 1513 1524 2
18 1204 1222 19
13 24 53 30
3 1335 1339 4
13 195 216 16
10 1087 1098 12
11 310 324 18
2 1500 1517 16
11 1345 1364 23
4 1220 1236 7
7 41 62 10
7 560 570 7
15 1478 1499 19
14 544 564 20
17 1177 1198 21
19 1664 1683 23
10 1441 1453 13
20 1414 1435 21
6 51 62 7
9 637 646 23
10 1089 1105 14
17 1833 1857 28
2 389 397 9
13 635 649 25
7 277 286 12
6 1717 1725 8
15 1325 1353 27
12 24 37 13
4 620 631 5
18 948 966 19
17 565 597 24
16 167 191 21
5 1532 1546 7
2 1024 1027 20
5 130 136 6
4 35 41 5
2 746 755 2
14 1862 1876 15
20 758 794 21
16 468 487 16
2 1526 1528 5
19 962 982 19
18 1830 1859 25
19 90 113 20
14 1910 1926 28
14 151 165 18
8 1108 1118 13
15 237 265 33
18 2139 2167 23
8 1461 1479 12
15 7 37 26
10 1797 1813 11
20 1810 1832 21
2 265 271 5
14 1727 1754 27
4 844 848 5
18 2116 2150 28
12 1254 1276 19
7 526 533 7
17 195 212 17
9 135 144 10
3 874 880 7
4 737 753 9
2 677 683 2
16 1289 1316 33
10 2281 2300 17
8 348 375 9
7 2198 2210 8
18 1039 1064 30
8 1404 1416 20
5 28 33 6
16 1262 1281 18
5 531 544 24
9 1742 1757 12
17 1110 1127 17
5 1193 1201 16
4 1685 1690 5
1 1385 1399 4
18 810 828 18
9 657 669 20
3 651 655 3
7 137 145 8
16 1862 1881 16
6 440 446 6
6 2178 2185 7
13 706 730 24
9 721 732 11
5 1224 1247 9
11 1975 1987 13
16 500 519 26
14 1119 1135 14
1 1073 1074 1
3 300 305 14
6 1456 1462 11
11 198 213 23
14 652 670 21
13 429 445 14
6 2590 2601 6
10 935 957 23
10 1966 1984 10
12 1534 1553 16
18 514 541 24
6 2251 2257 8
10 2403 2428 21
17 2487 2506 23
10 2031 2044 20
5 1074 1079 6
14 2481 2496 14
11 1142 1157 17
12 2138 2158 20
19 2364 2387 32
9 305 320 13
6 760 771 6
20 1680 1704 23
10 988 998 20
10 1889 1905 17
19 1502 1521 22
19 2213 2235 21
18 2490 2510 31
9 429 450 9
8 1978 1995 13
16 1460 1476 24
8 469 479 21
3 1414 1420 15
19 2323 2347 19
1 542 552 9
10 1972 1983 14
15 1563 1582 15
1 88 89 4
1 231 250 18
8 94 108 19
14 1320 1335 27
18 235 255 21
3 586 598 3
10 1774 1784 10
20 2124 2145 20
19 2518 2537 34
13 2701 2722 14
8 1679 1695 21
14 1693 1714 16
20 2133 2173 37
11 839 862 12
18 428 454 27
3 2493 2503 13
14 2535 2554 14
15 2762 2781 17
2 517 520 3
4 2045 2050 4
18 2663 2681 18
4 603 611 4
14 1841 1860 17
14 359 373 20
20 2395 2416 29
4 322 334 15
9 2644 2656 13
18 458 480 33
11 31 43 14
2 2231 2235 3
15 2655 2679 26
16 2733 2764 25
15 326 343 19
4 1869 1878 6
5 1246 1257 19
20 2762 2784 20
10 2742 2753 22
17 1875 1895 17
20 1617 1645 29
9 3215 3228 27
16 3007 3023 18
13 673 693 17
10 54 68 10
1 1660 1661 1
1 746 752 8
14 2027 2050 14
9 605 623 13
19 153 174 26
1 2864 2871 6
7 979 995 14
14 1135 1168 28
19 2910 2935 19
18 1436 1459 25
5 22 33 12
13 48 61 18
1 1936 1941 9
1 844 849 4
13 1888 1905 18
16 1045 1064 22
9 2265 2286 20
12 1587 1605 27
11 1735 1747 11
5 1241 1259 11
17 1863 1881 17
18 3037 3057 18
15 1948 1966 22
16 372 398 18
7 1334 1344 10
3 832 847 7
19 31 51 31
20 2811 2832 21
7 1540 1553 12
3 451 456 7
13 886 906 14
2 2887 2895 6
17 192 214 18
19 1812 1832 21
19 1196 1217 28
10 1098 1110 25
9 2148 2167 24
2 1997 2008 7
13 1508 1525 19
19 3276 3303 23
1 1126 1142 15
5 3677 3682 6
5 3162 3169 11
14 821 836 17
10 1908 1930 16
2 2481 2489 16
6 1823 1831 7
12 2685 2709 23
17 2846 2866 21
4 418 427 7
1 854 855 13
12 922 937 12
5 1889 1911 19
4 177 197 18
6 444 455 7
14 1760 1780 20
3 3179 3182 9
17 477 502 24
4 754 760 8
2 3496 3498 2
13 3298 3314 16
2 81 87 16
11 2694 2705 11
19 2055 2075 20
19 2221 2250 27
15 3360 3378 25
19 37 62 19
2 1267 1269 6
17 343 366 20
12 2638 2655 26
12 931 949 13
16 203 222 19
7 1267 1278 16
10 2440 2452 15
19 3892 3916 25
9 1254 1264 21
1 2178 2186 4
8 2730 2749 22
11 2519 2531 17
8 2570 2579 9
14 2299 2321 17
12 334 347 12
4 362 366 4
12 342 367 30
1 4110 4126 13
11 1029 1045 25
10 2005 2020 16
20 1734 1757 20
19 3622 3641 20
14 2286 2303 14
9 1277 1291 13
12 2149 2173 13
17 2124 2144 24
8 1242 1263 16
16 1717 1744 27
17 1994 2022 35
8 2723 2734 10
9 3305 3325 15
16 207 224 17
5 512 518 24
18 3295 3317 20
19 797 817 20
20 3402 3427 25
3 2677 2680 11
20 243 267 22
14 3166 3187 20
2 2649 2664 17
13 3279 3304 22
13 1409 1426 20
9 2324 2341 11
2 274 280 5
18 1386 1407 19
3 3897 3901 3
12 4079 4093 19
