100
19 0 27 29
7 10 25 23
1 7 24 21
9 30 51 18
18 6 25 21
7 15 36 14
3 38 41 8
14 38 68 21
13 39 60 21
19 52 73 19
14 97 120 21
10 83 93 20
11 7 32 12
6 30 37 8
1 139 160 14
16 2 22 16
19 49 85 35
8 18 33 15
10 170 194 21
11 90 101 11
3 30 38 4
20 183 208 25
15 18 36 18
4 227 236 19
3 2 8 4
14 131 146 15
11 150 163 18
8 66 74 19
8 4 26 13
9 230 243 23
15 51 67 15
16 171 201 20
3 215 226 16
8 268 279 8
19 151 173 26
5 136 143 6
2 240 243 2
14 317 333 22
14 132 147 16
15 112 145 28
10 69 87 24
4 48 57 6
13 313 327 23
9 179 195 18
12 351 368 15
17 347 372 20
5 438 445 7
14 365 395 30
4 217 221 5
15 309 336 19
2 304 312 7
5 140 148 9
12 274 299 15
4 165 169 5
16 86 117 29
3 35 39 5
19 431 454 22
11 454 474 14
14 433 450 16
9 261 270 10
14 53 85 31
6 473 482 9
16 478 508 16
8 570 581 8
2 169 174 5
6 115 123 10
15 251 271 15
3 6 11 3
9 95 104 9
14 549 571 22
19 212 235 26
7 58 66 12
7 1 24 8
18 246 265 20
20 677 702 30
16 481 505 19
20 768 790 23
6 140 147 10
5 665 671 14
14 399 414 16
14 181 195 22
8 108 124 14
16 456 480 21
10 187 209 19
7 133 142 11
15 197 219 17
11 66 77 11
3 261 268 6
15 681 712 19
10 361 371 12
8 908 919 11
13 516 542 30
20 206 240 32
12 116 138 22
5 348 353 9
14 338 355 29
9 935 947 20
9 620 640 22
8 292 308 23
4 808 812 5
