150
20 4 32 20
2 6 17 9
17 6 26 23
3 12 16 3
1 31 34 1
10 56 73 13
13 12 25 16
6 75 88 12
18 30 54 22
13 78 93 22
14 93 124 24
12 82 98 13
3 8 24 3
14 92 111 15
11 18 30 15
14 151 172 26
16 129 148 18
3 27 31 4
18 113 133 20
8 184 193 9
12 79 97 23
13 213 227 14
6 109 129 22
4 126 138 6
4 124 133 9
2 141 143 15
11 181 199 25
2 95 101 18
7 228 238 7
15 110 130 24
13 40 58 17
15 42 58 15
2 116 118 12
17 50 74 21
12 209 222 21
5 30 38 13
11 212 240 23
13 31 46 24
18 106 137 30
18 188 206 19
18 181 204 26
17 258 289 18
11 381 392 14
20 295 327 25
2 160 162 2
10 348 365 13
11 378 392 14
17 91 110 17
10 110 130 24
7 364 373 12
3 412 415 4
5 391 396 19
15 132 151 15
3 24 30 14
15 74 94 15
15 356 377 18
20 242 266 22
16 212 246 24
2 22 29 7
12 249 268 20
6 27 34 15
1 421 425 13
7 430 439 9
11 167 180 14
9 434 446 26
4 150 156 4
2 307 315 21
1 44 48 12
6 675 693 20
7 644 655 14
2 118 124 5
17 200 217 18
15 68 85 21
9 142 156 17
5 743 749 6
2 158 175 11
7 688 698 11
6 79 88 9
20 378 398 20
11 490 514 24
12 787 803 16
4 48 53 4
8 704 728 20
3 502 505 9
20 542 572 29
16 348 365 16
11 156 168 11
19 583 603 20
2 196 203 4
11 771 785 15
3 482 503 14
8 320 329 9
4 814 820 10
15 887 903 17
10 112 127 20
3 362 366 3
9 916 928 9
4 810 815 7
14 638 662 24
7 529 539 10
15 894 909 15
19 110 133 19
17 141 160 18
10 861 874 12
18 1036 1065 22
16 140 163 16
18 99 122 21
9 1014 1025 27
4 259 269 5
17 455 474 17
1 282 286 10
11 531 546 17
14 1037 1051 15
15 414 437 17
10 791 801 11
1 532 542 8
8 1042 1062 26
4 1108 1121 13
13 1052 1069 14
5 159 165 5
5 142 150 16
19 1124 1161 30
11 708 719 22
12 770 782 16
16 215 236 19
11 921 938 23
16 184 203 18
5 341 353 12
3 1231 1236 10
4 504 509 6
6 386 395 18
13 1214 1241 33
18 915 934 19
18 453 482 19
15 643 663 24
2 286 291 2
14 1137 1163 19
19 113 136 24
5 1075 1080 8
7 977 987 10
7 307 315 8
7 499 509 13
6 1238 1246 6
12 1037 1053 14
15 1178 1193 17
18 1082 1101 19
10 202 217 11
8 1244 1270 18
13 1369 1383 13
7 167 174 7
