250
10 191 206 13
12 218 237 7
14 28 44 6
4 170 177 12
14 155 182 3
9 244 269 5
10 237 255 12
3 31 37 13
4 164 180 1
2 154 165 0
14 218 239 2
4 6 25 2
7 17 31 1
3 136 146 13
11 232 253 14
3 161 177 8
3 176 189 5
8 208 223 7
11 27 48 15
5 97 105 13
2 117 134 6
13 165 182 9
2 250 260 5
9 128 151 12
10 215 227 3
8 4 23 3
4 130 137 9
11 89 107 14
12 11 28 10
9 20 33 11
4 41 46 13
14 139 163 8
4 14 30 12
2 206 224 6
9 189 199 4
6 29 38 3
11 185 210 4
14 129 159 2
10 34 45 8
13 228 243 2
4 77 96 7
2 33 49 11
0 80 96 6
4 51 65 15
8 175 187 6
6 65 81 1
1 26 37 15
2 237 241 7
7 56 78 9
13 222 240 13
9 206 220 13
5 190 208 14
4 234 243 10
1 248 261 2
6 170 178 9
15 69 85 6
2 187 205 15
9 138 161 2
7 232 255 12
14 92 117 2
10 28 52 11
12 63 90 3
13 42 68 13
2 9 15 4
10 78 92 3
6 77 90 13
1 96 108 0
1 209 213 11
3 86 97 0
8 68 80 5
4 150 157 6
11 179 201 5
9 67 85 15
14 79 107 0
4 250 255 5
11 109 121 15
2 230 248 10
12 133 161 1
1 101 110 12
8 97 107 1
0 160 161 14
8 244 267 12
4 147 153 0
1 120 137 3
9 117 140 5
0 33 40 1
14 241 269 6
0 221 229 0
7 59 81 15
5 22 39 10
11 73 95 12
14 158 188 7
7 35 55 7
9 146 164 7
1 130 146 1
3 64 69 10
13 190 214 3
12 192 218 8
2 84 91 0
0 239 247 7
0 240 255 9
6 95 103 7
11 160 180 14
4 230 243 2
9 111 126 5
8 209 231 10
9 125 145 9
6 30 37 6
4 191 196 11
4 172 179 15
0 82 96 4
4 94 105 13
8 184 196 0
13 35 59 6
2 59 77 8
5 18 39 9
13 38 56 1
0 44 45 0
2 42 49 6
3 202 210 11
6 90 108 4
7 234 252 10
9 81 93 14
9 116 133 7
0 49 58 0
3 10 14 5
6 250 268 9
0 222 227 6
6 186 203 14
4 126 139 13
15 177 204 8
12 26 54 12
15 17 46 2
1 66 75 7
2 233 237 2
2 148 160 8
5 220 232 9
8 175 191 7
9 105 115 5
5 220 227 4
7 5 19 8
12 6 19 14
0 154 156 2
6 111 128 11
13 120 139 6
15 107 136 8
14 234 262 4
13 238 260 4
13 226 253 9
12 240 261 12
14 4 33 4
3 36 40 0
10 176 193 9
1 249 253 15
1 242 247 14
14 43 61 12
11 129 146 7
13 34 52 11
6 147 169 9
11 150 172 5
4 173 193 5
4 136 146 6
0 97 102 15
4 72 88 15
7 15 30 4
14 140 170 4
13 104 132 9
14 143 172 3
8 244 261 13
14 96 114 15
6 188 209 10
15 196 222 6
9 206 227 7
12 75 100 9
9 189 201 8
2 58 72 10
14 52 74 13
1 129 143 7
2 9 13 1
3 166 177 12
12 181 198 8
13 171 187 6
10 53 78 12
5 232 244 4
13 75 90 14
8 90 104 10
7 245 264 10
2 148 157 14
5 41 54 2
10 54 74 4
13 92 106 3
1 54 63 14
5 133 151 13
5 112 126 12
7 64 78 9
6 91 106 12
7 52 74 1
8 100 115 5
15 29 53 0
13 116 144 2
7 65 73 12
11 111 131 2
11 221 245 2
11 1 27 2
3 155 162 11
4 204 209 3
0 152 156 13
8 90 99 0
11 183 207 6
8 188 205 3
3 17 26 14
8 32 41 11
0 205 212 4
13 200 221 13
0 105 117 8
11 190 210 6
11 134 158 3
10 247 264 13
9 137 159 1
15 219 248 15
0 136 140 14
10 41 63 10
4 81 89 15
1 156 163 12
0 220 236 10
6 45 60 15
2 201 204 1
0 24 26 1
1 61 78 11
15 49 71 3
1 250 255 2
4 231 251 5
10 11 37 0
4 158 178 6
11 72 92 12
13 54 81 14
13 197 220 12
6 140 147 7
8 110 129 13
11 184 198 5
7 206 219 12
9 19 31 4
4 233 238 1
3 124 143 1
9 49 72 0
8 140 156 0
0 230 244 12
10 70 82 2
1 150 166 10
11 51 77 15
