100
11 55 82 5
14 23 43 3
10 14 28 8
8 59 80 7
15 94 112 8
10 42 66 14
15 95 117 4
10 90 112 6
7 43 62 6
8 85 103 3
5 6 23 13
11 41 57 10
13 79 95 8
0 72 79 15
6 73 83 0
14 47 68 5
8 51 71 0
2 50 56 8
2 40 48 13
7 31 46 4
0 98 111 0
8 99 123 14
15 31 62 13
0 78 81 8
7 75 92 10
3 25 31 5
11 100 114 2
1 34 43 2
2 68 73 10
6 71 87 5
4 25 32 5
13 21 48 5
2 19 37 5
3 6 20 14
8 65 75 10
5 73 91 7
11 11 25 1
0 68 75 5
3 21 35 0
13 60 79 15
14 33 53 1
5 20 41 14
12 45 66 1
8 21 39 4
2 96 104 3
6 61 76 9
4 15 29 1
9 88 99 7
3 23 35 9
5 17 30 1
8 40 52 1
3 25 34 5
7 55 71 13
6 9 22 11
2 48 63 12
14 30 48 2
3 85 100 9
4 19 34 12
1 86 101 4
9 91 110 0
13 23 50 3
2 4 21 5
3 32 37 1
8 13 25 12
0 7 13 4
0 40 42 1
13 19 38 6
1 72 81 14
1 77 80 3
8 85 102 11
11 94 118 3
14 65 95 14
14 61 79 15
4 77 82 1
2 95 105 3
5 75 82 6
3 40 53 11
3 27 37 14
11 91 104 9
2 18 29 1
5 92 98 9
15 13 39 1
6 67 79 11
0 95 97 3
9 28 52 12
13 53 77 8
7 73 83 9
13 39 63 2
5 3 21 4
11 3 20 1
8 95 117 9
1 87 101 10
9 44 61 6
15 38 69 6
13 54 68 10
11 71 96 0
5 66 76 0
15 98 115 8
4 67 73 5
13 14 43 6
