500
5 107 115 14
5 1 14 12
1 189 191 9
12 212 235 15
15 52 71 5
4 364 378 11
14 275 291 4
6 423 436 11
8 237 256 13
9 398 417 10
1 415 420 13
13 410 436 12
9 432 443 13
14 220 243 13
1 106 109 7
3 165 172 11
0 426 435 9
14 495 513 15
12 264 289 9
4 261 271 13
8 324 344 6
2 392 398 3
13 390 414 0
13 306 332 13
10 437 455 8
6 375 389 2
1 448 461 6
12 106 122 4
8 363 382 10
2 267 283 15
3 224 243 0
5 320 339 15
0 69 78 6
15 476 501 0
3 157 167 15
5 243 252 13
8 326 342 10
11 389 410 14
12 54 81 1
4 285 290 4
0 269 281 15
8 453 462 11
8 231 250 14
0 386 398 9
10 444 458 6
7 362 374 3
6 172 183 10
15 394 425 15
13 47 76 5
14 500 515 6
5 427 437 6
7 205 228 2
3 327 339 10
15 189 219 5
15 415 431 14
7 268 290 5
9 394 414 7
12 4 30 1
5 7 20 13
2 363 381 5
9 348 373 8
3 166 184 3
0 127 129 7
13 296 322 6
12 140 166 8
2 195 208 7
12 286 303 14
8 484 496 1
10 12 32 14
0 248 250 0
5 83 97 2
2 261 272 14
11 250 269 13
0 462 468 12
2 38 52 10
13 231 256 7
1 206 213 2
12 443 458 2
9 79 93 11
15 474 499 10
2 81 92 2
1 414 431 4
6 331 352 3
8 83 103 10
15 357 385 11
7 7 28 0
9 363 384 8
15 457 475 1
5 167 177 6
7 204 222 14
13 422 437 5
3 141 160 2
13 432 459 4
10 300 315 3
13 256 281 12
3 130 147 8
8 94 118 15
4 66 84 1
2 224 234 5
11 135 154 8
2 70 85 12
0 37 53 13
15 87 112 3
7 339 358 15
8 99 123 12
4 405 424 6
11 446 470 7
11 384 411 13
8 381 399 8
12 437 455 12
2 283 301 10
5 131 146 13
5 397 412 9
5 156 177 0
12 148 168 8
15 200 221 7
3 440 444 15
7 414 433 10
4 231 240 9
5 350 362 10
6 468 478 11
7 287 306 3
14 324 350 13
10 46 61 13
0 69 82 7
10 265 277 14
2 266 276 7
3 182 187 9
12 485 502 3
7 108 123 5
2 11 16 12
3 435 448 3
11 263 286 5
14 381 399 0
2 123 134 5
7 378 400 3
14 51 73 5
1 479 491 4
0 473 474 4
2 207 217 13
0 355 358 14
15 170 200 1
15 299 321 6
0 433 444 14
6 382 392 7
15 30 57 15
9 85 98 11
6 496 512 6
13 324 342 12
1 231 246 0
9 128 145 9
7 390 405 13
2 139 147 1
7 429 437 0
12 389 413 2
15 357 381 12
0 333 343 1
15 155 172 8
10 301 313 1
9 117 142 11
2 233 248 9
4 234 248 1
1 277 282 0
9 409 431 9
8 222 241 7
12 408 436 6
4 65 77 13
8 347 365 10
10 262 276 15
2 205 208 3
1 56 61 10
15 321 340 8
5 230 251 1
8 220 236 12
15 188 214 8
5 64 72 0
8 163 187 11
2 228 245 3
2 371 387 2
2 409 422 7
13 274 297 6
8 337 348 8
15 121 137 5
15 399 420 8
8 133 145 11
3 282 300 5
3 461 472 5
12 358 384 10
11 187 199 3
6 307 325 6
15 104 131 14
14 237 258 6
4 318 324 7
11 137 161 14
12 481 498 8
5 130 138 0
7 11 23 13
5 252 261 4
11 303 317 9
14 494 524 2
2 78 90 13
1 23 37 13
10 421 437 15
1 209 211 8
10 309 325 15
3 50 57 14
7 303 318 6
15 360 384 1
8 395 419 9
8 492 507 2
11 400 413 12
3 178 186 14
5 490 509 9
2 162 172 10
7 400 408 6
6 337 351 14
10 491 509 2
1 118 124 12
8 139 156 12
7 141 159 13
6 184 197 8
8 474 485 15
12 451 469 2
11 190 202 5
3 484 496 5
4 397 403 13
2 19 31 10
6 64 78 12
10 166 182 3
10 480 493 7
10 373 393 5
5 487 503 8
1 67 82 6
15 68 87 1
9 301 322 15
15 19 47 9
15 306 334 10
8 8 18 2
7 495 510 12
4 483 492 6
4 47 64 3
1 80 87 10
11 229 250 10
3 494 501 2
6 461 480 15
15 50 67 6
8 490 501 12
11 135 149 15
8 15 27 9
13 413 430 8
8 158 169 11
2 31 48 9
6 479 494 5
8 238 258 0
2 258 273 13
3 444 461 12
13 121 140 11
8 82 94 0
6 55 74 8
12 83 97 2
4 278 290 12
3 151 167 5
15 482 501 2
8 29 52 5
0 109 110 8
13 273 295 3
10 117 139 6
14 210 233 3
6 128 150 9
1 233 250 0
5 407 415 13
2 22 27 2
5 64 80 2
7 375 388 1
7 265 280 5
13 316 338 4
14 21 49 15
4 77 97 9
14 54 75 0
2 233 238 7
11 77 98 2
15 323 342 6
15 271 298 12
9 101 111 7
12 151 170 0
10 170 190 9
7 52 69 9
7 293 302 3
8 283 297 7
9 410 433 8
3 210 218 13
13 90 108 9
3 208 221 13
0 399 406 7
1 265 268 8
12 11 35 4
12 486 511 5
10 470 494 13
2 307 320 15
7 448 464 10
10 126 144 10
3 35 41 4
14 492 520 10
5 333 353 1
9 487 504 3
4 393 399 6
6 236 249 13
10 3 21 4
0 32 48 3
13 166 188 11
4 294 304 9
13 108 132 7
14 50 75 2
6 52 67 12
7 475 493 1
13 166 186 13
0 342 343 13
6 493 508 10
13 306 323 11
1 178 182 15
15 269 286 5
8 410 420 15
8 452 461 5
13 347 363 13
11 187 210 1
11 368 391 8
1 83 88 2
12 490 504 11
2 319 322 10
11 282 303 3
13 226 248 10
0 107 115 11
13 259 286 8
6 273 280 7
7 221 238 3
9 147 171 11
12 279 297 7
15 47 74 12
8 148 163 8
14 179 197 11
0 225 229 6
9 364 387 0
7 211 222 1
0 442 455 12
15 419 439 14
0 188 200 8
2 438 441 0
15 1 28 0
4 267 278 13
2 237 253 9
10 413 434 11
1 176 185 0
9 100 125 9
10 147 160 13
11 487 512 11
6 14 32 11
7 478 494 9
5 379 388 0
6 38 56 8
4 495 508 13
14 292 314 8
1 418 425 13
11 232 252 2
12 140 166 3
4 54 72 10
11 317 339 2
13 10 34 2
7 159 182 5
10 143 168 11
15 352 376 11
6 1 21 2
3 271 281 8
15 396 414 11
3 337 354 0
1 68 72 8
9 411 435 3
8 445 469 8
15 140 159 6
8 41 58 11
10 19 33 9
1 86 92 4
1 182 189 2
8 80 100 2
9 378 393 2
5 473 489 4
12 342 365 4
13 312 341 7
1 88 90 3
8 474 490 10
6 169 188 15
4 292 298 13
0 435 451 5
11 398 420 7
6 213 231 3
7 175 193 9
13 44 70 6
0 224 225 6
0 353 359 4
4 211 217 4
13 30 54 8
10 169 195 1
8 363 376 0
4 208 222 2
10 262 281 10
8 21 30 8
4 419 436 8
12 471 497 9
15 40 57 9
11 417 439 3
10 192 206 15
14 361 377 8
1 106 110 10
1 111 115 5
8 224 247 5
13 104 132 12
2 277 285 13
0 25 26 11
15 97 123 13
0 216 222 2
4 288 305 5
9 39 59 2
13 421 442 10
3 182 192 5
5 81 89 6
12 324 338 11
7 76 92 7
6 158 174 10
4 158 178 13
4 314 334 1
2 19 34 5
12 23 47 1
14 458 480 10
0 97 103 7
3 422 441 9
10 49 63 14
14 387 414 2
12 4 20 14
2 384 390 14
2 135 153 0
12 412 436 12
15 57 77 3
14 20 47 8
11 473 492 9
2 20 34 14
14 500 527 0
14 205 234 0
14 223 239 10
5 33 46 4
12 396 416 10
14 425 443 9
4 75 83 6
13 247 266 11
13 474 500 12
1 447 461 0
8 86 105 13
9 270 282 6
12 78 91 10
13 212 230 1
13 280 302 10
5 430 442 3
14 267 297 0
12 280 293 5
9 63 75 2
12 145 166 8
14 426 444 11
12 248 274 10
14 386 405 3
2 55 64 0
12 482 495 9
1 61 77 10
11 469 493 7
5 262 283 3
14 287 316 10
9 292 306 7
0 306 318 2
3 398 405 0
7 172 189 8
4 148 155 15
7 191 205 12
3 22 41 1
8 235 256 1
9 261 280 10
9 33 55 13
5 364 383 12
3 135 143 7
13 179 199 4
5 45 52 8
1 5 17 9
14 271 297 8
6 341 350 0
8 475 497 13
14 91 116 1
0 319 328 13
5 375 382 10
10 251 264 11
3 497 506 1
2 297 309 9
4 244 258 12
10 231 251 8
0 328 338 0
