400
13 132 150 3
12 223 236 14
9 165 179 12
4 152 160 3
15 219 247 0
14 253 277 9
2 135 149 9
14 377 397 12
11 107 134 7
8 240 255 1
3 75 92 7
1 1 13 0
11 263 276 9
2 27 32 4
0 190 204 14
5 36 52 1
13 106 128 5
8 303 318 11
8 357 368 9
4 45 60 15
2 188 200 4
5 172 187 5
9 23 36 14
9 367 392 6
7 121 140 0
6 323 341 15
6 191 206 10
10 3 24 13
13 132 147 2
14 363 385 7
1 348 356 10
9 358 369 0
13 29 43 4
14 285 303 4
10 172 198 4
14 346 362 11
12 132 159 10
13 150 166 14
0 297 307 9
13 283 307 11
6 363 385 5
6 3 19 0
13 121 140 11
1 199 208 13
9 86 104 7
10 171 187 11
2 143 150 15
8 399 418 15
9 250 264 15
11 350 362 9
6 278 289 7
11 396 413 5
0 350 363 11
7 146 160 9
0 347 356 8
9 20 37 2
12 108 122 8
9 162 173 15
6 86 99 2
1 92 101 1
8 356 377 15
4 83 96 4
13 162 189 6
4 165 178 0
0 362 371 9
11 282 302 1
15 271 290 0
10 299 311 2
13 351 367 2
0 219 226 13
11 212 227 15
8 28 37 8
5 345 352 0
2 138 142 1
7 54 63 1
15 19 39 13
0 247 263 1
0 374 389 12
9 355 376 1
13 380 403 2
4 395 402 6
3 213 224 10
9 249 271 8
10 289 305 11
6 53 72 6
10 155 168 3
12 63 80 10
9 398 420 13
7 352 363 10
3 219 227 12
2 177 184 13
0 235 244 6
14 165 193 8
14 256 282 11
13 368 387 7
12 242 259 3
0 201 215 3
2 147 165 5
2 293 298 3
14 251 275 12
14 151 171 12
6 321 335 3
0 45 56 12
14 320 335 14
7 46 56 9
15 178 208 2
5 305 316 3
10 159 170 8
5 102 113 11
5 381 401 5
9 186 198 7
8 131 145 15
15 184 208 15
9 344 355 14
7 55 65 2
4 51 66 9
7 192 204 12
12 340 355 5
12 5 30 4
6 210 220 5
9 172 186 2
2 278 281 10
11 83 107 0
4 199 213 11
6 271 286 2
1 299 308 13
14 132 148 4
4 277 291 13
15 191 222 2
3 97 113 15
2 201 219 7
14 377 394 4
6 11 24 7
4 222 231 2
0 166 173 5
9 305 317 9
14 83 109 1
2 88 91 4
15 272 299 13
8 175 186 14
8 233 248 13
6 155 177 6
0 311 323 9
6 335 344 4
0 62 68 2
4 199 210 3
5 131 138 13
0 52 65 8
11 179 196 1
12 246 267 12
11 52 70 1
1 25 32 1
6 267 277 10
0 11 26 6
12 352 368 12
2 176 183 13
1 27 44 14
15 184 210 10
10 17 39 12
9 193 216 15
10 82 102 11
11 248 261 7
6 165 175 8
4 120 131 5
1 182 187 0
12 335 358 6
14 358 375 7
5 353 365 0
1 97 110 12
7 397 408 14
0 343 350 4
13 349 373 15
1 190 207 13
11 187 203 10
15 71 88 5
6 345 357 7
8 97 109 15
12 295 321 12
12 133 147 10
0 316 326 2
8 297 321 4
2 308 325 2
10 80 98 0
7 237 253 15
12 92 120 8
2 285 292 14
0 294 303 1
0 242 246 9
10 179 203 12
6 12 33 0
10 182 193 2
1 25 28 13
4 33 43 6
13 59 77 13
15 62 92 0
14 258 282 8
4 87 97 10
1 324 336 11
9 155 178 10
3 336 348 7
15 302 331 12
7 242 260 7
14 217 239 13
10 17 33 14
6 75 90 7
14 323 340 7
12 241 255 15
15 58 80 14
7 116 135 14
5 262 273 3
13 269 283 7
12 327 345 2
0 254 264 14
15 77 98 12
12 344 368 11
0 275 285 7
5 325 337 10
9 220 244 7
8 335 358 4
4 341 353 5
1 1 6 1
12 282 308 8
0 393 397 0
10 382 401 0
1 175 187 11
9 121 133 1
7 385 399 11
4 222 227 6
13 5 26 10
13 21 37 13
12 39 65 7
3 182 193 4
3 2 21 13
10 34 59 1
2 245 260 6
1 334 348 15
1 308 319 14
7 188 207 4
1 377 390 4
14 67 91 1
3 297 315 13
10 158 183 12
1 172 176 3
8 112 123 9
2 300 310 10
6 355 376 8
10 314 337 8
11 342 364 14
14 233 260 8
5 315 325 7
5 71 87 13
5 221 233 8
7 158 168 13
15 193 214 10
9 243 255 4
7 157 167 5
5 127 146 10
9 370 381 14
8 140 161 13
7 163 176 14
0 136 149 15
7 66 83 0
3 381 389 11
8 360 369 13
5 111 125 14
15 90 119 7
5 234 245 12
11 187 210 11
2 360 374 9
8 197 216 12
0 111 119 9
5 40 52 11
5 159 174 5
8 295 316 13
15 66 91 11
12 293 312 14
11 354 373 4
6 18 25 6
0 88 104 5
14 343 358 4
4 43 57 12
0 374 384 0
7 260 279 3
7 338 347 3
3 201 212 9
10 248 274 10
14 272 302 12
5 257 263 9
10 154 171 10
15 64 90 6
2 150 162 10
7 283 304 10
2 69 75 12
11 3 21 9
1 151 158 6
6 103 110 0
15 391 417 14
5 54 64 8
10 366 379 1
7 336 355 10
3 303 313 14
1 238 247 2
3 285 298 9
2 42 54 2
15 52 68 4
8 38 59 3
2 367 374 10
13 177 195 0
14 171 200 15
7 150 160 10
2 300 306 4
4 301 312 3
0 104 112 8
12 21 45 14
2 225 236 0
0 333 334 14
7 128 150 14
4 193 207 6
11 157 180 15
9 210 222 9
8 362 372 4
13 350 367 0
13 348 362 13
8 209 229 15
15 378 407 4
9 311 331 4
3 70 77 12
7 150 163 15
15 71 91 12
3 200 216 0
2 29 45 10
13 330 353 12
2 216 219 12
13 76 90 0
0 389 402 7
9 18 35 8
8 220 234 11
2 18 33 4
14 74 104 11
2 217 227 5
15 57 74 13
3 386 403 3
5 283 300 15
11 275 294 3
13 317 346 15
14 252 270 12
4 83 95 7
11 127 151 10
6 286 300 9
14 102 130 4
15 249 268 10
10 27 52 7
7 270 284 5
8 218 228 12
12 377 393 7
6 224 232 13
12 378 397 11
14 100 130 13
11 291 310 5
12 70 95 3
2 227 238 10
12 106 126 8
1 91 108 8
10 81 97 6
9 236 247 7
15 337 357 10
2 301 304 15
1 253 257 4
15 204 234 11
4 134 142 6
0 275 290 10
2 212 215 12
14 323 341 13
2 361 372 5
4 233 242 5
4 343 357 3
1 169 185 6
13 274 300 13
3 283 294 6
13 185 201 11
10 86 106 12
13 354 369 1
9 342 359 13
12 337 351 13
8 240 252 6
1 240 245 4
9 60 80 6
3 253 259 13
2 92 104 15
12 284 298 5
0 41 44 12
8 148 167 1
3 286 297 4
13 283 305 6
5 52 71 8
15 128 149 1
10 16 28 6
10 179 201 10
10 350 368 2
1 338 343 4
