100
1 1.13 1.65 4.11 2.57
23 89
22 227
28 120
23 294
12 149
22 214
30 297
11 118
11 78
30 224
13 220
29 26
26 140
29 227
18 71
28 246
30 249
12 241
30 145
16 25
13 234
24 103
23 86
18 148
13 104
21 236
13 201
25 102
15 173
27 173
27 226
29 106
17 164
12 191
14 75
25 286
25 87
13 277
29 208
16 200
23 45
12 69
19 260
22 19
21 95
20 48
17 46
29 108
23 61
30 137
23 212
22 257
25 172
28 146
25 166
19 60
11 222
25 210
23 94
18 292
24 145
11 166
10 43
10 121
11 197
13 65
22 284
15 24
12 3
28 277
18 293
26 269
30 1
27 92
23 123
21 79
15 63
21 140
21 49
21 34
16 45
20 105
11 155
25 12
11 190
16 290
10 52
15 257
11 77
10 86
18 258
17 217
21 274
24 181
12 64
25 11
25 290
27 180
13 204
21 34
