400
1 1.15 2.13 2.66 1.56
12 130
11 1182
24 305
23 31
16 205
24 888
11 892
30 273
27 947
13 844
16 593
30 1148
26 289
30 110
26 429
29 337
30 514
21 411
11 1059
21 516
22 921
12 347
11 133
17 491
12 946
15 877
21 137
11 229
15 520
28 143
29 1100
13 885
19 1102
12 611
14 472
21 1173
15 449
16 1100
19 859
24 788
28 1132
21 636
23 13
18 847
25 1092
26 1139
16 866
22 1159
20 398
17 80
17 509
28 118
18 812
11 701
20 421
28 1155
18 297
20 444
18 343
12 768
26 273
13 1045
25 481
17 864
16 1151
30 982
12 1109
22 931
20 979
15 317
27 44
29 570
28 1178
15 837
12 103
13 440
15 344
30 1052
21 1168
26 1151
17 647
27 489
15 151
17 1173
27 709
10 563
24 1119
20 179
23 845
26 579
24 517
19 297
25 608
21 890
14 559
10 13
14 534
18 273
19 946
27 466
22 797
16 344
15 21
10 817
17 1145
17 728
16 158
27 665
25 764
17 948
15 260
23 471
15 332
16 387
28 975
15 332
30 108
29 422
27 696
17 338
23 671
13 701
28 416
28 43
28 459
12 664
20 913
12 612
20 685
12 421
16 334
23 184
13 589
12 319
28 199
22 1104
18 914
15 200
19 103
11 93
10 677
15 1001
12 913
16 323
29 930
25 105
21 220
27 151
20 32
22 659
27 526
18 931
13 201
13 724
17 1126
15 159
14 511
11 826
13 755
30 1066
15 863
11 552
11 46
20 336
10 127
26 876
19 646
12 112
30 6
15 247
15 895
25 194
29 103
25 765
28 979
28 327
10 1049
24 796
17 726
17 199
13 102
26 587
19 1058
11 632
30 901
14 774
25 695
25 332
11 758
27 934
18 613
24 727
29 257
29 463
21 247
15 754
17 186
29 1131
18 1054
14 333
17 87
30 784
12 487
15 19
12 308
22 640
21 1132
24 346
28 694
13 308
13 315
20 441
21 552
28 490
21 83
15 81
20 434
27 803
24 1
21 290
12 1032
24 80
13 1018
20 242
18 157
26 292
13 868
27 210
13 953
23 990
16 293
15 315
18 662
30 871
20 1043
20 583
29 1178
24 1010
19 1112
30 19
17 628
23 1056
27 1191
25 625
27 384
25 760
17 1058
28 975
28 684
17 255
18 891
27 1133
18 633
16 249
25 607
15 210
12 958
10 1030
12 1062
22 1119
29 705
17 729
19 713
26 419
30 967
30 837
27 1017
20 344
28 223
14 672
26 261
15 588
10 1039
10 264
22 915
22 277
16 235
13 950
18 442
26 273
23 165
19 602
19 574
30 1196
18 64
13 683
24 371
22 1111
24 911
13 1174
29 662
14 446
28 29
17 947
25 1156
20 191
24 1071
27 429
11 744
25 197
17 249
26 279
27 682
30 980
13 545
16 109
15 452
19 416
17 837
24 935
14 502
12 819
23 502
24 96
30 670
19 1190
11 248
21 1148
26 701
13 1137
18 713
11 1129
29 415
22 708
27 980
18 699
15 747
30 1066
30 601
16 393
21 582
17 889
26 481
16 301
26 1051
24 932
12 658
25 405
10 1087
26 1013
23 521
12 98
24 569
10 1142
28 999
23 1179
23 97
11 211
20 300
21 1173
27 385
18 218
13 912
10 412
11 368
13 985
18 236
21 1100
25 311
21 713
15 992
21 1140
24 203
28 212
14 576
20 904
26 486
20 1031
14 48
18 23
20 295
14 167
16 214
17 502
30 202
16 206
20 888
13 1103
14 224
20 999
29 424
10 345
26 345
21 888
11 650
10 966
21 581
10 1124
14 540
12 881
22 956
14 192
28 28
18 182
10 674
26 626
18 1160
14 440
19 627
20 700
