500
1 4.79 1.03 2.98 3.73
21 815
23 383
18 589
12 1193
16 1231
19 98
11 903
15 283
19 484
27 423
22 524
11 1115
11 1156
30 117
30 489
18 571
24 594
16 1365
19 140
23 370
11 891
29 574
22 313
22 1336
29 173
26 779
25 292
17 1044
25 1352
29 833
14 197
15 1164
27 1078
26 1435
26 1113
27 860
25 275
12 555
28 534
15 440
20 1483
25 388
28 780
20 1107
24 453
29 665
16 216
18 1348
15 795
26 799
11 113
18 6
13 970
21 358
24 893
23 1043
22 781
15 1301
30 468
14 1327
30 1414
15 372
17 322
17 422
13 1345
22 513
30 1458
23 160
21 1423
21 914
10 386
11 1412
26 1397
23 549
13 364
10 1034
17 749
28 1305
21 966
21 20
10 1093
11 150
27 1151
15 651
20 882
15 345
21 453
25 1129
18 1029
11 1370
30 225
26 1395
19 29
12 1269
14 199
28 648
10 1133
15 281
30 576
15 1287
16 21
14 490
14 1364
26 580
17 1103
18 1084
18 1367
11 649
24 453
11 141
25 290
27 998
25 833
13 409
12 711
16 281
21 1054
25 135
11 1154
20 1425
20 1161
23 1390
25 1279
30 959
29 997
10 191
30 1460
24 1161
23 128
25 1471
22 214
14 789
29 395
28 906
18 385
26 1159
12 921
10 842
23 1287
17 674
16 1155
16 613
13 636
28 1436
16 456
11 689
16 1467
27 175
30 216
18 1029
25 1270
19 41
30 448
22 573
14 609
12 611
19 141
14 392
28 887
29 856
12 1490
12 157
21 494
10 436
21 1303
13 922
13 164
10 981
29 814
24 595
14 932
19 1022
27 562
21 470
22 1212
15 806
15 775
15 1008
13 574
10 649
30 1170
20 414
30 1209
19 828
16 1069
13 842
13 987
19 987
26 1040
15 946
30 156
15 1337
13 86
28 1475
30 485
18 59
22 504
30 25
22 278
21 418
10 1277
28 26
27 538
27 341
10 921
12 1083
17 666
11 1309
22 1309
27 224
16 62
10 1132
19 514
24 697
30 953
29 1058
29 1303
14 628
14 1371
28 1116
13 1338
14 722
20 12
20 473
25 1322
17 1021
27 487
14 103
24 142
22 611
13 1328
26 1043
26 773
13 231
29 375
19 388
21 1076
30 51
23 830
22 961
13 679
11 134
15 1080
19 298
21 508
26 710
22 312
20 993
21 1084
29 1220
10 201
26 92
14 1458
19 1130
25 57
29 476
16 328
12 48
18 1286
23 50
27 233
12 1075
24 984
15 1276
21 631
30 812
26 712
13 167
22 962
22 284
30 79
16 634
28 407
14 1456
20 1116
25 267
12 1427
19 341
22 833
23 880
20 305
28 733
24 485
10 873
27 1139
28 464
13 295
21 312
25 1475
11 724
30 482
21 727
12 1074
10 517
11 1413
10 536
24 109
19 708
26 501
12 1367
19 861
18 1133
16 119
21 295
19 1010
23 139
24 1212
18 369
14 1444
16 469
20 456
13 381
23 768
18 353
25 928
13 311
10 1500
27 813
25 1145
29 858
14 1006
29 1028
30 852
22 514
24 608
24 106
11 1290
13 834
27 30
14 1112
24 782
12 571
11 1002
29 1233
11 1055
22 1312
30 1228
29 667
25 380
23 1349
25 1016
28 394
25 822
12 634
14 921
23 882
23 1237
20 410
26 1425
23 1426
19 821
17 605
25 1371
15 965
26 817
29 1482
22 918
16 55
16 1285
16 761
22 653
14 535
13 1319
25 968
19 1127
23 941
10 806
30 347
28 797
29 1445
24 1201
17 136
25 1108
11 413
12 1351
23 18
27 1425
20 777
23 261
30 639
22 68
17 265
29 588
12 836
30 69
27 111
12 147
14 823
19 337
22 619
10 932
24 448
14 1416
25 1103
16 8
17 211
22 296
10 1180
25 358
26 911
11 706
25 1237
15 226
29 801
28 418
10 1291
30 1428
14 865
18 357
20 136
17 1321
27 1292
19 1204
30 503
25 1093
21 1387
26 526
18 612
15 298
10 791
30 1327
20 128
17 96
20 491
20 427
22 298
30 1011
28 1444
27 419
26 1335
30 802
10 752
13 600
28 599
28 1063
26 849
10 643
11 1039
10 1002
22 853
24 819
29 626
15 1397
28 37
11 1070
19 995
15 1193
21 1265
13 613
27 1060
14 385
16 593
16 818
27 1354
23 200
19 956
22 643
12 436
21 796
17 39
22 718
13 1358
20 567
13 692
20 110
26 79
13 294
25 1036
24 616
21 115
19 56
18 666
24 1295
10 1299
24 1080
23 1081
21 73
24 771
17 546
15 60
20 1261
15 35
10 1120
17 1058
26 1287
18 409
16 617
28 850
14 1330
22 346
14 1025
27 1457
27 1185
19 705
23 327
15 670
23 1029
24 1141
23 327
12 696
