450
1 2.0 2.03 2.78 1.08
25 816
24 161
18 366
30 571
14 362
20 998
20 563
25 978
12 773
25 860
15 608
22 1142
18 606
28 292
17 1188
28 1208
21 494
15 1144
12 395
12 305
24 1078
23 339
11 218
30 231
11 79
20 234
25 609
18 532
19 72
17 1318
23 1053
12 35
24 227
22 1208
27 69
29 258
14 950
16 1295
17 984
11 78
15 484
12 44
10 617
26 632
29 385
18 1121
13 1297
11 1230
11 692
17 848
24 467
14 491
21 1276
11 628
21 1264
12 217
14 784
17 562
19 1238
20 793
22 211
17 769
10 8
24 53
15 1155
21 1329
16 785
26 1292
16 1165
28 696
22 505
16 446
28 304
12 806
26 959
26 52
12 28
16 611
14 561
10 321
10 409
22 45
17 604
20 1144
15 243
14 316
17 963
17 566
17 671
26 1206
21 303
25 116
15 943
16 1113
13 238
16 709
27 796
20 762
29 776
11 1199
26 129
12 1226
30 947
22 771
27 854
12 1329
16 943
15 504
16 1014
10 37
17 862
27 867
10 426
28 644
19 1220
22 475
17 1291
26 1244
21 117
11 1346
25 126
23 1075
15 234
13 382
13 764
14 1299
11 712
26 805
28 841
23 671
28 1244
14 365
21 84
20 758
11 417
19 1291
13 1323
11 1306
11 818
14 8
11 856
15 336
19 798
12 953
29 160
20 1349
29 851
24 766
21 190
29 117
30 22
10 1028
18 763
19 431
18 311
22 871
22 2
21 1222
18 1315
10 684
18 1261
16 1051
22 1279
28 196
11 109
14 177
22 1192
28 1249
21 307
28 585
17 399
30 583
13 1138
23 1345
29 1095
13 492
25 683
24 640
24 703
11 309
23 484
24 786
11 384
19 763
29 704
25 440
29 604
23 589
23 282
20 1106
13 458
13 567
12 460
27 459
28 67
21 499
17 1081
11 1304
21 976
10 659
18 572
15 901
19 474
23 283
28 69
20 523
17 136
23 801
22 637
22 111
18 266
13 1038
23 1292
25 1084
22 786
21 799
17 516
16 454
21 1048
26 190
19 143
27 1278
12 396
16 1251
15 388
11 591
22 689
22 830
13 240
11 559
20 1264
24 1031
25 1320
16 1104
18 1081
16 1208
12 692
10 734
12 902
29 1103
18 206
10 805
14 641
30 642
24 335
17 38
13 334
25 271
13 1076
17 607
21 556
12 1287
18 959
12 519
30 587
28 108
13 591
11 43
23 545
11 928
30 138
15 1172
10 77
22 257
29 170
30 597
28 281
16 342
12 804
22 1126
26 883
11 64
18 1208
30 802
11 1349
10 804
16 918
13 1223
13 329
11 315
28 1344
30 967
25 1012
23 285
11 153
27 124
27 1171
28 244
16 909
11 506
19 1134
29 483
21 511
18 58
13 1259
14 509
27 223
16 520
20 140
22 992
24 215
10 216
24 52
14 158
26 1007
26 115
23 134
17 985
21 904
25 918
19 843
26 27
12 192
12 736
14 258
13 105
19 1010
29 227
16 1324
20 1140
18 50
17 496
30 393
10 994
14 78
17 174
21 359
13 323
24 723
17 216
16 777
12 44
30 837
22 1208
22 790
12 438
27 588
17 895
13 1293
29 375
27 576
22 1255
13 372
13 1021
13 716
15 174
16 1121
30 538
20 989
20 199
26 817
12 1232
28 732
29 8
12 112
14 1046
12 1212
17 903
24 932
10 514
13 439
22 211
12 925
18 222
23 666
30 289
15 113
19 895
20 10
23 886
19 248
15 611
11 626
22 674
28 876
22 1230
13 661
14 567
16 246
29 334
16 1077
19 1314
17 639
26 1155
27 28
29 361
15 1150
23 605
25 323
10 779
13 120
16 1058
13 132
27 114
25 20
22 824
15 681
27 239
12 1147
19 418
23 1269
23 1217
18 471
23 1023
29 457
13 732
11 822
19 992
30 122
19 12
23 626
30 227
20 503
21 709
28 904
22 719
10 179
12 1267
10 645
27 34
30 261
24 680
12 499
18 226
22 1231
21 1155
21 328
10 610
23 618
27 1332
27 957
24 783
26 450
10 853
24 999
15 1329
17 1132
19 379
12 843
27 129
30 123
12 417
19 818
27 104
19 632
22 224
29 1054
25 313
14 452
28 618
