150
1 1.4 3.02 2.78 4.81
25 204
11 412
18 161
15 356
16 303
23 228
30 35
25 55
14 136
30 120
10 13
29 147
14 59
10 403
12 53
28 233
26 111
29 17
16 156
21 55
23 236
22 114
14 50
12 392
20 391
13 159
20 388
13 238
28 111
27 36
23 432
10 402
25 31
20 118
16 43
20 51
12 24
11 126
20 81
28 70
13 255
10 382
20 320
14 122
17 383
27 270
16 348
20 53
29 133
25 149
29 122
24 13
10 439
17 84
16 252
16 19
25 31
23 303
25 242
21 114
13 54
29 329
13 164
30 305
25 213
17 399
25 437
27 183
12 159
29 41
27 38
16 217
24 269
16 282
18 403
11 446
25 30
20 422
25 307
21 324
10 164
28 79
25 366
11 276
30 259
16 313
20 396
28 162
16 33
29 127
22 2
23 231
12 396
29 353
22 106
10 147
11 74
24 431
17 22
13 436
13 173
17 425
10 36
27 420
17 194
23 392
20 128
24 225
20 148
15 449
29 93
11 310
13 396
10 250
16 377
29 310
19 319
24 417
27 106
18 424
18 216
27 250
23 188
19 53
27 226
27 391
22 414
12 132
26 361
24 100
21 2
12 236
28 138
17 427
15 388
19 1
12 25
17 11
15 444
26 72
16 92
26 28
28 399
19 218
23 266
15 148
16 387
26 105
29 99
25 121
