200
1 4.24 3.58 1.01 2.84
21 128
24 208
16 588
25 202
13 138
26 541
25 93
16 471
11 81
27 279
10 412
27 94
11 484
12 57
28 89
19 126
26 582
16 511
29 469
15 224
13 184
16 436
26 32
15 239
30 348
18 89
15 170
14 124
13 357
25 439
14 85
21 89
15 288
30 525
14 411
19 159
21 3
17 584
12 40
30 539
18 452
25 234
13 501
16 540
17 287
18 333
15 386
11 187
21 329
12 148
26 451
10 505
15 149
24 341
14 201
17 310
20 375
24 278
27 108
14 505
14 163
11 142
28 391
23 337
29 315
29 434
28 73
10 535
20 145
21 407
30 489
19 2
15 292
20 553
11 37
30 506
28 574
21 300
28 135
29 454
29 158
24 578
15 434
25 80
30 230
20 457
12 298
15 117
29 418
28 463
18 441
22 219
10 518
19 386
17 127
27 400
19 431
26 110
22 571
16 529
30 474
18 445
25 149
17 466
15 52
15 319
16 85
22 588
15 460
24 15
27 519
26 485
28 214
21 560
24 12
25 525
14 318
10 212
26 375
29 300
29 282
17 400
23 130
10 175
18 130
12 515
29 401
28 246
16 74
26 446
14 280
28 483
17 264
19 314
30 421
29 465
18 579
29 330
30 555
23 175
19 545
15 272
28 33
13 240
19 302
23 263
18 351
13 155
23 424
22 392
17 539
12 1
25 259
11 222
28 121
11 260
29 273
30 253
10 349
23 390
17 529
10 347
29 257
23 531
24 20
19 356
26 43
28 295
13 133
18 366
22 139
19 237
11 49
28 349
14 432
22 201
23 323
22 487
11 267
16 234
24 446
22 70
16 145
13 286
10 248
26 205
12 508
28 86
19 190
26 228
30 33
11 489
17 557
19 340
25 597
19 312
13 8
17 454
16 153
17 169
