250
1 3.26 4.86 2.46 1.99
26 734
21 191
11 448
13 282
30 40
19 247
12 158
16 476
18 599
29 135
17 277
13 698
28 611
19 433
30 3
30 9
28 332
29 127
12 12
18 129
29 213
12 359
18 183
15 673
22 587
10 96
15 692
21 197
25 334
20 326
12 280
23 101
14 422
19 179
17 120
16 242
16 68
30 701
16 343
12 608
30 401
29 168
24 449
20 487
10 575
23 380
15 548
24 115
28 50
21 594
25 734
22 73
15 119
18 534
19 159
30 143
29 638
26 89
14 697
27 470
19 90
23 375
18 69
13 267
27 590
15 279
23 579
24 577
14 102
25 699
23 252
16 287
16 596
27 643
25 283
23 49
27 636
23 484
18 51
15 716
16 31
14 703
12 57
28 38
13 281
18 48
19 440
17 357
27 87
26 233
26 437
26 112
16 238
24 132
15 165
10 371
20 134
17 568
12 716
19 223
22 382
26 448
26 355
17 85
24 580
25 282
29 217
18 108
30 437
14 362
20 706
29 657
24 680
11 302
29 216
12 371
28 192
16 301
16 423
12 14
18 603
25 568
18 334
10 61
30 78
20 681
27 748
21 697
24 352
19 79
10 84
10 268
16 625
17 583
19 51
21 4
12 277
15 264
30 197
14 457
11 672
23 85
15 223
29 485
25 215
24 645
18 302
10 197
22 433
18 645
21 406
15 308
11 290
12 227
11 77
18 20
17 267
22 441
14 613
29 229
19 551
12 368
23 610
16 504
17 468
23 375
23 37
22 540
13 539
26 215
14 607
22 165
17 696
14 60
30 491
28 552
18 597
18 345
30 145
28 636
29 7
16 714
11 34
28 748
29 178
16 505
16 33
11 350
15 635
19 179
30 153
18 251
12 11
19 223
19 592
15 496
16 104
28 187
14 54
12 188
19 737
23 380
19 337
10 375
22 95
27 460
20 464
16 691
29 510
12 360
15 55
27 260
11 261
22 646
16 44
29 247
16 400
25 134
13 731
30 633
23 190
26 476
14 483
13 550
16 123
15 690
25 182
10 174
11 351
10 295
27 138
25 597
25 130
12 344
27 749
22 465
10 140
14 658
25 499
17 219
28 308
11 496
18 334
11 520
15 134
23 217
29 736
11 96
21 665
30 670
