300
1 2.23 1.74 1.12 4.82
13 245
25 852
20 865
23 389
14 434
29 17
27 42
12 615
23 774
18 48
20 661
15 588
26 409
18 537
26 481
11 383
28 836
10 882
23 626
11 371
28 287
29 312
19 761
10 1
22 651
14 900
23 227
27 158
30 585
12 541
28 123
15 92
11 135
12 188
16 717
27 341
25 806
17 108
27 632
20 150
11 700
13 383
12 178
21 86
29 479
24 21
27 88
17 378
12 885
15 900
13 318
16 32
18 291
28 535
12 773
14 159
29 143
10 443
11 581
17 315
26 608
30 77
12 240
15 377
14 601
16 622
30 470
21 161
27 767
25 582
22 188
14 391
24 200
19 873
17 842
15 334
27 665
28 337
15 196
13 194
10 37
24 737
24 502
21 58
28 158
24 413
16 878
13 106
12 858
27 728
28 728
27 95
20 199
18 41
28 177
25 405
19 306
16 580
13 651
22 717
13 808
19 665
22 652
10 153
25 642
30 333
20 426
21 748
23 491
11 717
20 149
22 90
11 431
28 434
25 856
25 482
29 99
28 843
28 361
22 203
28 813
17 581
10 872
11 647
23 704
23 511
28 64
25 271
22 664
15 256
21 484
14 701
12 227
17 613
13 338
22 9
15 191
14 97
24 848
30 425
13 447
10 189
29 762
14 299
21 603
27 561
16 204
30 650
19 30
11 649
18 286
11 412
19 134
11 684
16 98
16 508
22 872
20 141
16 559
19 348
26 176
14 726
26 467
28 255
11 786
17 139
19 6
10 337
15 310
23 590
20 73
18 62
29 334
29 687
18 538
18 626
25 539
11 525
12 241
27 128
24 257
28 207
12 636
16 882
15 135
20 846
19 508
15 458
13 828
27 216
28 840
20 336
15 852
28 201
19 199
17 645
21 788
28 465
18 510
23 183
26 676
24 539
27 199
28 181
13 580
24 450
27 643
25 866
20 676
15 167
17 173
21 509
28 461
29 367
20 603
27 281
13 831
12 652
10 328
26 890
13 658
29 881
12 683
16 614
11 625
23 51
30 735
24 598
25 368
11 797
24 71
24 669
14 633
26 602
10 273
26 709
14 43
10 683
26 519
13 118
12 724
26 810
20 897
28 125
25 368
19 209
21 746
26 745
14 752
15 418
11 2
27 660
21 612
23 589
25 863
29 878
21 614
10 3
11 868
21 751
10 33
25 477
23 158
11 397
23 818
12 420
21 717
11 31
22 256
14 577
14 101
12 636
22 772
30 300
30 272
19 780
13 669
19 177
17 287
26 619
25 538
23 703
19 876
20 506
25 836
17 411
15 427
19 200
11 626
19 37
20 724
10 799
17 461
13 510
17 8
14 59
15 161
27 368
20 282
24 452
