350
1 3.57 2.92 1.53 1.65
10 237
30 957
25 556
20 175
22 647
28 294
12 375
10 145
16 301
26 181
14 1048
28 461
24 125
19 420
26 160
29 1046
16 980
11 917
27 821
25 90
24 168
20 671
10 265
10 7
16 1042
23 129
26 34
18 289
14 262
24 532
10 148
22 71
23 682
14 332
25 1002
29 22
19 164
30 598
23 450
29 562
17 494
22 402
30 535
17 469
30 1015
16 501
10 963
18 1011
12 187
27 1027
30 455
19 994
25 475
19 954
15 519
21 356
15 632
29 236
29 314
12 81
26 586
11 815
28 470
29 922
17 217
30 444
12 807
19 394
10 146
22 684
25 867
28 160
29 354
28 393
13 549
24 639
13 646
17 638
24 40
23 482
18 78
30 916
26 181
10 1034
23 522
19 986
30 23
24 272
15 1050
22 997
16 528
28 331
12 48
30 371
17 927
23 74
15 818
25 626
26 200
21 284
25 772
15 437
17 370
30 805
14 597
24 554
26 420
14 716
26 675
23 402
15 826
10 352
20 790
29 239
30 955
16 624
15 810
15 153
14 808
12 486
22 1007
16 651
29 725
20 764
10 947
17 944
15 371
30 679
11 469
21 775
27 44
12 184
27 947
11 298
24 468
18 41
30 391
24 1016
18 470
26 651
26 517
30 709
25 690
23 150
14 471
19 333
16 840
18 902
21 770
28 225
19 706
14 633
22 577
15 331
28 102
26 218
26 960
11 965
22 105
23 985
13 113
26 259
20 189
12 523
25 497
30 255
22 177
28 858
27 727
24 401
26 730
14 362
19 642
13 919
12 809
22 612
24 934
20 739
29 702
20 408
23 575
21 915
30 149
24 779
11 991
20 180
10 82
18 286
26 112
27 555
25 829
20 724
11 911
13 614
28 956
27 571
10 535
16 1013
15 267
30 926
28 617
25 669
29 108
28 950
29 942
12 135
15 457
20 479
25 1030
12 1002
10 605
25 363
30 293
28 293
18 925
29 592
30 870
14 444
15 499
30 207
13 320
13 37
10 608
30 464
21 609
29 453
20 697
30 238
29 915
13 1009
11 1036
21 638
11 209
14 848
23 1039
15 310
15 872
25 581
29 472
15 610
12 369
16 777
17 808
28 504
30 437
18 142
25 428
30 58
27 836
13 898
29 143
17 646
17 725
26 502
11 581
27 220
21 754
17 736
24 771
21 207
11 384
24 139
16 861
17 563
28 70
29 264
10 673
20 919
27 718
10 636
20 724
13 483
19 664
27 840
24 942
25 59
27 785
23 873
26 996
30 814
15 104
15 954
22 965
15 451
26 912
28 236
30 330
16 162
26 685
21 315
28 969
13 709
18 437
10 324
27 995
17 618
13 321
20 306
27 164
28 927
29 220
28 158
13 34
12 872
20 11
27 523
12 679
22 347
16 577
11 488
12 974
14 654
24 473
15 550
22 368
17 82
14 14
27 550
27 490
27 62
19 303
13 644
22 876
23 772
19 752
14 392
24 580
12 302
23 470
17 624
26 854
29 802
25 275
12 1031
19 301
20 695
22 936
23 763
25 834
15 904
12 145
18 857
19 854
11 1025
16 789
12 1034
28 476
17 919
11 903
26 954
