200
1 194 209 0
13 156 182 13
0 147 160 5
10 30 55 10
13 159 182 4
6 138 150 3
11 117 144 13
15 43 69 1
11 9 22 9
3 142 152 3
7 4 20 1
0 168 180 13
5 197 205 11
13 80 109 8
12 71 90 11
0 193 206 12
8 22 36 11
10 196 221 1
14 200 217 14
14 38 65 3
2 15 33 15
5 127 141 1
12 63 89 12
14 162 185 7
7 182 192 1
9 42 55 7
8 62 77 6
3 35 48 5
0 121 126 5
6 21 35 2
10 29 55 9
13 16 30 4
5 123 135 14
3 82 91 11
14 76 92 1
13 172 192 13
3 140 147 10
7 35 55 2
14 44 70 11
3 28 32 8
13 111 131 1
15 52 80 13
7 87 110 4
9 62 74 12
0 54 61 8
15 84 110 13
14 86 109 1
0 41 51 13
14 144 173 13
11 148 171 2
9 163 179 2
15 121 151 0
13 142 164 12
8 91 109 6
7 131 147 7
10 146 161 9
1 180 188 12
14 154 183 7
11 85 106 11
13 104 129 10
12 4 24 4
5 73 90 12
2 68 74 13
4 64 75 5
10 125 137 8
14 104 134 9
4 41 50 1
0 104 116 12
2 83 87 7
3 37 44 5
15 39 57 3
14 89 113 8
5 163 170 3
10 1 24 14
9 178 203 9
0 139 145 3
13 143 167 0
2 175 183 1
4 25 35 2
0 127 139 5
8 181 198 2
12 166 179 5
6 176 197 6
10 149 169 7
10 165 183 13
2 5 22 6
4 108 122 5
1 37 49 10
0 52 65 12
8 54 65 14
12 97 114 6
4 7 25 15
2 149 164 4
1 11 23 5
14 140 165 15
7 110 127 7
8 15 28 0
3 127 145 15
6 131 144 11
0 180 191 2
8 15 30 9
0 42 57 14
4 106 125 12
14 80 98 6
13 152 172 0
13 5 19 4
6 7 29 7
9 130 149 1
15 161 187 15
1 26 42 5
2 117 121 0
3 198 208 1
12 141 155 10
0 114 129 6
7 110 131 1
6 48 57 5
7 30 42 8
6 19 39 8
14 136 159 2
4 15 23 0
10 173 194 10
6 105 112 13
5 199 219 11
5 42 48 12
14 190 209 4
7 154 174 6
0 101 110 4
2 196 204 12
15 128 150 5
8 159 171 13
4 82 96 9
2 138 146 0
14 170 189 6
11 137 161 11
4 157 162 6
15 150 168 14
4 97 106 12
15 96 122 3
8 12 34 11
12 179 203 11
12 121 135 7
0 198 201 5
1 131 144 0
7 127 149 12
6 11 26 5
9 131 150 2
5 175 194 2
8 81 103 4
8 143 163 9
11 175 201 12
0 162 175 8
7 187 199 14
13 21 38 6
15 53 77 4
2 22 31 11
14 116 146 6
1 20 37 12
9 78 96 9
7 53 62 14
15 38 66 12
2 1 6 1
12 132 150 15
0 101 112 14
15 2 23 1
4 29 47 13
2 127 137 9
10 105 123 9
14 29 49 0
4 153 159 0
3 127 146 3
2 82 87 2
3 56 63 7
11 153 170 13
6 141 154 1
4 71 86 2
2 193 198 6
8 164 179 11
10 79 104 12
15 161 191 2
7 90 108 3
2 32 35 8
11 184 205 15
5 117 125 7
4 157 175 12
8 44 60 2
9 6 30 9
6 102 120 13
14 94 109 0
4 82 96 15
8 147 171 13
6 130 141 10
5 58 70 13
4 166 186 14
3 111 122 9
11 51 69 9
8 64 83 12
8 156 177 0
5 188 207 12
12 66 85 1
2 70 88 6
