400
11 30 60 45
19 77 93 42
56 70 124 66
18 16 76 38
37 96 152 26
17 42 75 4
23 77 111 95
39 54 133 50
36 9 57 55
86 16 114 94
86 4 64 57
73 72 167 10
68 52 140 86
46 21 63 21
99 28 44 90
82 95 187 18
56 40 66 94
56 24 112 95
80 0 52 53
73 47 63 41
51 4 83 49
78 22 92 29
2 39 58 85
86 63 118 43
4 81 170 12
57 78 85 90
30 11 54 3
11 11 108 14
68 76 92 46
50 86 113 53
77 46 136 64
9 97 104 65
79 48 78 88
78 89 167 9
1 74 86 64
37 9 87 5
38 94 97 88
33 30 123 10
76 83 157 38
81 33 88 12
82 85 137 60
75 31 52 28
57 34 126 94
95 22 22 33
69 3 77 2
86 67 131 14
3 91 143 36
24 60 60 58
97 52 123 72
83 92 144 92
78 96 183 74
19 87 146 88
42 85 127 28
53 58 101 8
49 47 91 26
7 44 128 5
96 7 36 32
52 34 58 30
30 11 67 49
50 68 157 45
53 83 108 6
42 68 82 43
68 10 79 27
54 6 90 3
13 66 101 65
0 11 59 30
75 4 36 25
24 21 43 78
57 48 84 51
68 3 97 36
13 16 32 20
22 0 23 87
66 10 15 66
21 53 102 96
9 81 155 34
2 96 160 11
44 0 62 65
3 9 10 17
25 69 158 99
70 12 98 88
22 43 50 95
48 56 148 10
37 18 114 91
14 60 63 11
60 65 141 64
74 29 62 51
99 22 72 21
86 89 98 60
84 16 71 33
24 99 142 61
17 39 92 84
99 56 151 11
73 23 50 0
4 12 63 55
34 2 78 72
43 38 70 27
6 40 100 31
39 55 147 57
46 97 138 97
5 88 97 79
63 36 115 19
49 82 157 35
36 3 63 79
93 92 151 0
32 71 154 24
27 27 108 25
25 74 97 30
14 32 93 77
68 92 140 69
75 23 80 11
79 17 60 72
9 2 26 94
73 7 25 52
87 51 129 64
77 1 47 43
33 8 80 53
0 20 95 27
44 32 71 23
49 82 129 10
84 72 76 9
31 74 88 18
77 92 174 54
45 29 78 30
89 21 104 41
42 10 79 86
42 8 69 91
42 8 10 26
32 58 145 64
85 1 35 62
45 17 86 90
98 18 38 87
40 56 136 82
66 49 69 9
57 33 85 99
93 6 83 26
65 17 107 2
18 76 140 64
93 85 91 43
4 27 109 96
35 63 93 1
12 50 112 22
83 67 88 76
73 51 105 90
68 96 188 38
73 9 63 18
94 61 123 50
40 96 142 75
11 76 152 24
78 91 189 13
58 19 61 31
22 96 170 90
93 66 147 18
75 35 71 22
96 50 122 88
99 19 82 10
47 92 178 26
83 84 175 93
56 33 109 78
82 50 71 75
69 2 47 96
89 81 99 86
32 91 117 31
62 90 183 9
34 80 167 69
64 31 93 72
64 90 141 98
41 24 49 10
78 70 128 67
52 77 82 36
68 32 51 82
74 12 55 8
92 31 108 9
14 91 172 30
81 84 113 22
60 54 138 38
25 43 49 77
72 11 76 40
95 84 158 69
96 17 94 41
48 54 56 14
97 35 80 79
72 74 75 32
28 38 61 53
33 29 111 5
92 47 144 40
31 71 80 80
88 87 160 89
93 27 30 91
62 48 118 34
22 23 42 51
13 42 98 46
23 39 42 67
38 0 7 70
71 17 19 60
56 27 76 1
54 4 48 16
53 66 69 27
90 74 104 55
68 87 141 43
78 57 67 16
58 70 108 81
39 92 133 95
19 42 90 73
47 93 183 52
59 45 124 1
19 10 67 87
49 63 93 27
20 92 187 78
62 34 94 53
26 53 101 46
48 49 68 95
42 61 108 1
6 78 133 77
88 64 80 37
27 98 114 47
91 12 90 5
46 90 149 24
95 59 129 43
60 42 132 2
55 89 145 14
68 11 102 8
75 60 106 54
58 14 15 1
26 31 90 24
21 70 119 17
81 71 83 42
65 3 47 21
92 52 87 60
15 78 99 42
90 19 115 49
33 50 52 60
81 13 49 55
83 37 61 65
9 36 95 26
39 3 50 84
8 34 78 23
65 17 83 55
36 62 118 70
12 59 141 46
72 18 19 8
56 25 50 17
61 84 127 1
39 43 128 47
77 81 104 94
99 89 91 35
51 58 115 16
69 39 101 94
10 63 65 66
88 79 162 1
63 78 132 54
21 91 93 51
25 25 70 24
66 99 110 69
58 21 106 27
60 99 172 22
14 75 163 54
6 23 79 69
2 62 86 75
54 78 104 79
55 24 79 21
23 18 60 33
39 80 93 52
79 86 160 46
14 63 63 20
38 8 98 92
71 66 134 25
96 46 102 3
22 11 87 98
29 18 49 69
98 44 65 30
31 95 171 45
10 28 93 1
89 7 100 60
25 13 50 73
60 93 169 82
4 4 84 85
75 64 118 25
8 27 82 91
75 83 119 37
64 54 92 53
13 84 149 39
97 54 118 57
47 93 185 3
97 24 112 72
40 95 193 49
22 5 97 97
41 29 64 5
35 25 35 48
9 27 66 7
81 4 20 28
97 60 143 94
37 23 42 77
18 69 147 41
26 71 161 67
52 25 49 87
51 86 173 12
13 27 46 94
31 88 162 80
48 57 83 85
81 45 108 51
66 41 133 93
64 83 95 16
60 37 40 63
75 91 167 89
70 95 130 53
83 10 43 84
19 59 128 52
57 84 88 23
78 48 116 42
31 81 140 92
70 14 69 45
57 83 169 27
79 22 102 14
32 65 163 3
25 68 124 82
4 12 69 82
60 26 51 92
59 36 72 29
50 43 69 60
27 13 100 58
87 20 92 19
85 23 97 62
43 30 74 47
94 2 32 55
80 7 106 39
43 35 55 93
30 98 151 57
11 93 160 98
65 92 161 2
15 44 109 58
26 9 14 21
63 87 163 95
94 75 161 37
62 6 89 44
57 88 90 68
33 21 40 50
13 40 93 28
36 18 56 63
79 96 132 95
83 64 154 30
91 29 48 53
87 54 151 44
95 51 64 28
25 84 163 38
76 84 103 13
2 57 85 33
5 64 92 41
28 71 142 19
0 42 66 39
97 73 157 92
77 49 121 2
33 3 95 61
87 11 85 41
21 2 77 78
18 55 74 98
78 90 159 30
85 93 163 82
19 54 80 48
3 50 52 88
54 94 95 93
58 76 111 31
30 62 71 49
69 29 76 48
71 17 95 56
62 0 90 33
6 68 149 61
19 83 132 73
30 3 69 88
79 53 124 61
15 80 142 85
61 10 95 33
79 15 56 93
16 84 163 22
52 60 144 71
96 85 129 26
88 63 129 19
16 37 118 84
17 43 64 31
5 6 70 36
73 57 139 41
41 61 77 94
73 52 117 21
89 62 109 78
25 65 114 93
2 82 111 72
78 50 53 83
8 19 91 82
76 6 81 70
19 91 155 92
43 81 95 33
43 13 76 20
31 12 78 33
47 95 152 25
46 12 72 6
83 84 172 60
90 64 146 9
7 46 100 51
79 20 56 75
85 99 194 16
63 61 63 10
