150
16 45 80 37
12 29 41 91
14 6 105 11
65 62 96 75
61 83 111 7
14 62 90 46
18 9 66 97
77 23 41 93
20 53 136 85
34 47 75 0
54 28 40 19
42 98 144 3
81 27 90 47
89 43 88 60
4 2 59 81
78 27 54 98
32 62 97 67
9 64 131 63
92 31 65 86
29 81 171 62
60 5 67 1
48 7 68 52
62 70 155 92
49 64 106 82
26 78 127 36
42 68 119 86
52 86 158 81
19 14 110 79
19 10 90 67
69 94 165 31
16 9 84 66
73 18 66 52
96 49 89 38
69 91 167 21
77 48 103 48
63 51 78 34
61 60 114 30
6 77 91 22
86 89 129 12
59 40 104 55
89 4 49 59
95 21 53 25
22 87 160 37
38 53 76 51
65 77 111 71
55 0 45 41
41 86 91 1
26 69 125 68
73 54 133 21
27 11 109 49
99 71 109 89
76 62 155 41
91 27 39 46
27 58 98 68
96 45 114 74
15 78 172 40
84 73 86 11
37 11 24 36
35 51 128 11
65 70 123 57
49 65 120 76
75 95 192 23
41 18 68 8
48 44 44 32
18 66 110 7
77 9 52 12
12 72 96 78
43 29 64 92
94 42 63 22
38 70 167 31
40 47 138 41
92 91 164 62
57 69 138 87
78 64 163 91
36 75 96 31
56 8 84 3
50 49 74 88
19 74 145 11
22 62 114 66
54 78 106 63
47 49 99 78
13 2 23 1
29 42 75 86
2 61 150 52
10 66 159 29
40 64 156 62
27 45 125 33
75 8 104 74
57 99 151 22
1 25 49 82
19 9 77 21
70 9 83 80
75 67 128 16
83 5 35 10
2 11 54 77
71 40 92 81
39 56 59 92
82 79 153 1
88 95 118 10
4 49 91 80
68 3 51 51
9 30 92 63
93 57 98 17
49 93 191 40
49 1 33 31
33 59 144 73
54 60 144 58
9 26 116 77
82 38 66 43
21 42 48 66
0 47 130 49
92 81 171 94
35 74 99 68
33 62 155 39
22 77 175 31
56 88 148 90
79 41 74 52
83 91 109 35
91 2 39 83
35 79 156 70
53 55 145 39
69 84 162 92
13 28 103 69
69 88 147 0
29 44 96 64
36 70 70 79
24 37 99 60
16 92 174 21
99 25 85 68
61 91 151 74
19 88 184 40
76 55 95 5
52 92 161 40
15 69 88 91
58 33 36 26
25 86 134 24
63 60 153 24
3 5 103 75
93 94 109 69
2 56 82 6
0 96 142 15
17 65 72 28
98 62 116 76
48 54 54 63
15 45 132 70
51 38 83 96
84 61 127 38
17 92 136 17
40 42 127 58
59 44 130 10
