450
14 277 300 11
5 269 277 10
3 416 423 3
14 385 404 8
7 56 78 1
7 222 242 1
6 120 131 7
4 138 154 2
2 408 425 7
4 135 141 7
15 425 451 13
13 52 71 4
4 434 445 12
12 95 121 2
5 352 368 9
9 168 189 11
9 438 450 13
9 366 380 8
8 136 150 5
14 129 153 2
13 282 310 9
1 187 201 6
13 157 186 6
11 120 133 4
4 268 274 14
7 313 327 15
5 229 239 3
6 94 106 4
13 417 444 14
0 294 300 13
15 363 383 11
15 306 337 4
9 430 442 0
7 37 60 12
4 166 186 11
0 307 323 13
8 39 60 8
6 388 401 5
5 45 51 5
15 285 310 8
1 6 16 8
3 172 180 8
10 380 394 11
7 183 199 0
14 277 300 4
5 265 281 11
8 103 112 8
10 380 391 11
4 24 32 7
0 368 384 11
10 223 240 2
4 417 424 3
3 191 202 8
9 280 293 1
12 32 54 6
12 269 284 0
3 148 160 3
13 118 146 7
10 205 225 14
3 152 157 6
6 212 233 15
10 111 122 6
5 301 320 2
4 32 39 7
4 387 402 1
2 424 436 12
13 167 191 0
14 173 194 4
5 354 363 15
7 336 350 12
13 256 284 1
2 324 335 6
11 120 140 13
12 432 454 9
3 411 425 1
0 447 453 5
5 195 205 12
12 401 423 9
13 446 471 15
8 296 311 4
6 385 393 2
15 164 192 2
15 253 273 15
6 408 419 12
2 169 180 14
3 198 209 0
9 133 143 1
6 43 55 12
4 148 168 3
2 32 40 1
1 84 86 7
3 317 324 5
12 153 169 15
13 93 107 6
13 15 37 3
6 310 332 10
4 301 319 6
9 85 102 10
12 348 363 15
11 286 302 8
1 50 59 15
1 50 57 14
7 48 57 13
11 76 95 15
15 93 115 9
7 340 351 3
5 80 88 0
11 231 251 12
13 271 296 14
7 134 155 15
14 319 346 9
15 275 300 15
8 388 405 15
12 116 131 1
1 267 271 12
10 383 402 7
10 219 236 2
5 202 209 3
1 24 39 1
1 379 381 10
5 79 94 1
3 21 28 4
0 340 341 11
15 426 444 10
13 229 255 2
11 16 33 13
10 259 284 12
8 15 30 13
6 80 102 9
11 19 45 12
7 31 46 6
7 98 106 4
2 265 274 13
9 37 57 4
14 435 450 7
6 271 282 12
5 242 254 1
5 255 274 12
2 15 21 10
13 64 92 15
0 298 312 9
1 164 179 15
0 438 445 6
3 154 161 9
14 268 293 4
13 196 210 15
11 232 253 8
7 97 113 7
13 170 184 14
12 167 193 12
11 23 38 15
15 69 93 13
15 33 50 12
9 263 284 4
5 370 388 12
13 287 304 10
9 359 377 6
2 152 157 13
9 252 274 8
11 273 291 10
6 412 425 15
9 439 452 15
7 151 170 4
4 184 203 14
3 133 141 5
11 59 73 5
12 202 228 7
3 46 52 10
11 217 238 4
10 202 216 1
13 170 189 1
14 330 360 1
9 72 88 5
10 171 192 6
7 278 299 11
11 278 295 6
8 303 322 2
11 229 245 8
13 360 384 11
13 432 458 6
13 71 96 7
10 364 388 2
13 361 388 8
10 1 26 2
0 177 182 12
6 357 368 3
2 67 84 15
8 113 127 5
12 316 341 7
6 320 336 3
3 417 432 13
8 446 470 8
2 249 256 8
12 106 131 14
7 351 372 15
5 246 256 1
4 415 428 10
9 80 104 13
7 360 378 15
3 249 261 5
14 75 103 10
5 354 369 13
4 163 180 9
9 200 220 13
1 356 366 11
4 335 348 12
15 161 188 2
12 236 256 10
0 50 56 5
14 343 360 2
4 218 234 14
0 107 119 1
9 106 128 13
9 257 276 9
7 328 347 3
8 228 251 8
8 206 229 6
1 213 224 5
15 373 392 15
10 262 274 3
2 272 276 12
2 269 277 9
15 193 221 8
3 23 27 11
13 157 173 14
15 270 290 14
15 156 186 10
6 42 62 9
12 1 19 14
9 103 120 8
10 27 38 14
14 420 444 12
15 292 318 14
6 195 215 6
6 412 419 12
10 90 106 6
12 59 77 5
4 155 173 15
0 115 129 15
15 139 166 14
2 172 188 8
4 371 390 10
5 223 235 15
12 299 317 8
6 211 231 11
7 203 221 7
8 100 115 7
13 294 314 15
7 84 100 11
13 61 80 2
5 244 251 1
7 173 190 14
1 323 334 8
0 398 414 9
10 235 246 7
7 15 30 14
9 222 241 6
5 135 149 10
10 64 86 1
0 219 235 1
10 49 69 11
11 83 99 5
14 309 337 6
11 395 411 4
3 425 440 8
12 368 384 6
13 285 307 13
3 144 162 13
0 128 137 11
15 277 294 14
1 123 129 12
2 317 320 5
6 310 330 3
15 305 330 12
15 112 137 2
9 34 59 9
14 57 76 13
4 276 292 5
3 224 229 5
8 161 180 14
13 439 454 12
8 386 403 7
12 50 72 5
8 268 291 6
1 294 300 5
8 20 40 12
15 405 422 7
14 291 311 12
4 214 227 12
2 352 359 14
2 34 41 11
6 259 267 7
5 58 77 14
5 413 429 4
4 384 400 3
7 433 456 11
7 408 424 9
8 85 102 11
9 101 117 0
14 240 262 4
13 37 53 2
12 85 104 1
7 258 270 15
1 424 436 9
10 327 340 3
14 279 308 8
6 411 426 5
11 154 175 8
4 44 59 0
7 423 432 14
1 414 429 3
8 195 216 3
10 143 160 9
9 69 80 15
8 70 83 3
8 398 419 12
8 55 77 15
7 221 243 8
4 216 232 12
3 142 161 14
6 60 74 15
9 137 161 1
1 256 263 9
0 122 129 9
7 110 126 14
1 89 98 5
2 303 308 5
10 294 308 0
7 321 344 0
2 100 105 3
0 138 152 1
8 200 219 15
6 127 148 7
9 318 341 11
7 56 64 1
0 39 41 7
14 283 306 1
14 37 56 14
1 282 299 9
4 158 171 10
12 325 340 5
11 242 254 3
14 313 332 14
4 171 182 3
6 297 308 4
8 163 175 9
10 425 438 14
12 175 197 8
1 302 317 12
10 394 420 8
13 331 351 2
10 199 215 0
10 348 364 2
1 19 32 11
10 140 161 6
8 356 379 9
14 262 282 8
8 64 73 6
9 41 59 3
3 340 347 13
6 449 456 7
0 210 214 11
9 394 405 1
0 277 288 14
11 142 160 4
4 105 120 13
12 279 292 15
15 257 286 5
12 446 471 13
8 166 183 1
12 414 429 12
9 11 31 5
12 225 247 0
6 438 459 3
5 265 273 4
2 244 256 15
12 202 227 5
5 29 41 1
13 34 62 7
5 357 375 1
9 348 360 15
8 175 186 13
14 164 180 1
4 33 38 1
15 237 259 4
0 355 362 13
5 177 187 11
12 319 344 5
5 297 308 13
14 32 57 13
12 242 269 1
5 315 323 5
10 103 123 10
4 402 414 10
3 277 286 0
12 68 86 2
0 371 387 14
2 121 135 14
5 30 51 11
7 212 220 1
9 416 437 14
9 44 62 12
15 104 132 11
14 351 379 14
12 246 272 14
7 431 452 12
2 183 193 9
14 272 298 7
1 65 72 10
9 202 218 8
10 126 141 9
5 226 239 1
14 43 58 5
13 300 316 15
9 294 312 7
1 42 59 2
10 171 194 3
2 377 392 12
5 43 54 10
1 276 290 0
1 303 310 14
9 160 183 2
1 121 133 2
9 254 268 3
13 147 168 15
2 136 151 8
3 340 346 4
14 37 56 0
10 231 256 3
1 211 219 2
2 347 354 11
9 47 72 6
8 255 270 11
9 3 16 12
3 158 162 2
4 66 73 14
15 375 393 0
12 415 431 14
8 204 223 1
0 332 340 8
15 358 377 8
15 267 287 3
12 215 233 0
9 310 334 8
7 443 460 4
8 53 64 0
3 405 410 3
5 166 184 4
6 324 343 6
6 45 61 2
