350
78 86 160 86
61 61 157 92
1 66 67 67
76 12 69 10
27 27 117 86
85 62 83 38
82 90 186 31
8 12 57 87
98 72 145 11
33 22 25 35
40 4 6 68
16 59 137 95
38 68 149 75
30 54 67 64
96 62 157 4
74 93 184 72
65 17 52 50
91 38 123 31
94 39 39 62
98 78 135 88
47 90 154 29
44 77 171 40
39 41 137 13
86 40 77 3
57 72 126 48
62 39 118 56
79 31 101 29
10 27 97 9
17 34 72 13
63 84 89 55
26 2 22 12
42 58 74 51
82 70 169 97
61 30 35 92
62 76 150 24
3 44 77 73
30 23 61 93
8 44 44 34
46 21 119 40
79 66 157 13
88 42 52 50
72 16 110 86
92 20 30 47
64 95 167 46
19 11 103 79
55 92 105 53
13 63 108 44
30 36 94 18
78 68 88 2
36 67 156 80
87 51 79 52
99 52 102 18
63 42 139 70
35 62 85 0
77 20 65 59
56 3 33 86
23 50 91 12
17 82 174 5
33 72 81 32
25 11 13 88
54 51 62 41
65 34 75 43
7 38 40 63
41 32 34 17
35 95 124 4
77 73 82 10
46 70 165 23
82 97 160 88
1 74 103 66
61 22 31 68
61 64 147 54
48 85 108 83
32 52 140 9
26 49 69 24
72 67 114 54
64 10 104 65
85 23 107 46
97 93 159 58
9 49 114 58
87 88 181 19
93 33 62 71
83 1 96 7
68 94 155 84
4 55 57 41
30 86 125 27
31 5 43 41
55 55 106 94
43 44 57 36
30 42 49 13
43 54 74 63
48 33 81 5
40 2 48 22
88 38 39 19
43 39 51 50
94 63 107 90
60 10 88 90
52 86 141 48
92 27 90 41
12 63 109 4
65 44 70 53
82 27 52 78
19 37 117 65
53 77 84 65
87 86 93 91
24 62 101 16
41 55 112 53
18 55 112 84
0 35 72 34
14 14 26 85
52 93 144 57
70 10 32 9
96 29 29 20
43 92 129 84
47 46 135 65
2 46 47 54
33 39 127 47
5 1 34 57
46 36 102 68
46 88 165 43
69 77 92 12
69 4 52 16
51 37 71 5
35 35 94 68
26 47 115 32
0 1 42 98
37 8 74 35
48 95 125 70
73 46 80 94
2 83 146 5
72 97 159 8
84 21 49 11
21 96 191 73
97 36 108 86
96 90 164 97
86 4 71 11
2 1 6 5
84 68 130 57
17 25 42 2
98 45 58 71
42 8 53 91
96 69 99 93
59 56 98 97
60 9 17 63
10 66 86 47
86 34 90 4
59 73 79 10
18 71 152 12
31 26 82 27
47 38 110 7
94 14 70 6
75 17 38 86
83 93 178 69
28 41 114 39
14 31 80 84
54 83 132 85
61 57 122 9
47 89 157 93
4 24 123 31
41 21 38 76
14 54 100 94
95 71 105 61
55 35 81 9
18 47 94 80
4 12 101 3
1 57 153 57
33 95 184 27
68 58 61 83
65 49 126 60
73 63 85 28
99 20 109 17
67 36 85 23
0 38 64 2
47 74 85 33
69 52 112 38
63 63 136 28
65 2 42 38
66 14 32 65
34 7 41 53
96 84 112 96
74 6 56 22
80 14 69 2
66 67 107 81
30 65 126 95
67 2 87 33
16 3 53 3
63 85 141 59
21 37 44 95
43 58 127 24
72 24 50 90
43 18 42 74
35 85 106 2
39 7 95 8
62 90 101 77
27 19 55 48
56 44 88 52
54 13 89 78
90 54 122 33
24 44 103 11
82 33 98 21
40 53 134 54
96 44 76 23
64 20 92 72
16 68 92 70
33 52 100 75
58 69 130 34
13 72 117 95
5 11 80 97
16 50 102 12
47 36 124 11
56 12 47 73
32 12 55 65
64 44 137 75
13 54 63 78
26 55 81 32
18 95 176 34
97 33 132 44
69 87 94 78
99 95 146 31
7 46 94 23
42 41 139 7
47 60 146 26
15 12 70 33
59 39 58 56
25 18 71 46
57 60 84 8
7 27 118 14
26 40 78 20
33 88 116 81
48 66 73 15
78 17 17 89
8 20 65 85
90 50 82 0
11 8 16 18
88 0 85 66
92 75 161 25
63 14 20 64
80 65 144 10
34 80 179 43
52 97 125 94
47 12 106 58
21 3 32 9
55 66 141 47
41 13 37 56
28 83 103 60
48 52 123 83
84 70 148 36
67 6 88 15
19 77 102 92
32 6 59 39
72 80 166 65
93 10 32 21
93 94 176 94
46 5 82 30
75 55 73 95
13 1 63 84
30 87 163 14
46 29 82 70
9 91 127 55
1 10 86 47
4 10 51 3
67 70 155 95
77 4 94 42
57 4 31 39
43 3 56 89
85 6 66 46
49 48 49 50
58 30 79 14
92 42 59 60
64 3 58 93
59 45 81 68
49 15 22 92
18 12 46 55
70 46 100 19
94 55 76 52
85 71 137 78
65 36 126 82
39 45 120 50
42 11 29 91
26 77 112 97
89 21 25 59
67 58 88 61
66 51 116 3
74 84 117 92
20 23 97 11
68 49 110 10
13 31 84 39
8 41 129 49
62 45 53 30
3 90 133 69
41 9 82 68
45 6 66 65
82 34 62 50
83 89 150 96
20 66 154 80
7 28 57 70
73 89 141 29
79 95 145 20
56 75 163 1
34 0 18 16
34 46 112 70
87 79 97 59
46 6 45 53
87 20 95 12
9 79 120 88
27 92 153 83
19 1 38 53
2 7 76 88
6 88 146 93
19 77 130 65
35 44 115 22
65 98 133 74
78 28 43 5
72 76 116 92
29 29 74 31
89 67 87 95
7 30 118 26
7 93 137 43
90 15 80 7
65 52 85 43
81 48 48 53
76 41 138 6
22 43 132 11
62 61 67 69
92 47 142 99
92 39 133 82
6 12 53 72
64 75 142 97
23 68 71 52
61 0 10 83
95 99 146 57
13 53 131 57
52 26 82 97
17 3 34 76
15 73 121 31
48 67 96 71
35 84 159 48
36 85 117 32
37 79 120 50
84 72 79 89
98 15 101 15
18 17 108 85
90 91 108 38
59 98 160 46
34 37 132 70
23 79 133 60
58 96 158 94
68 69 152 18
36 69 154 7
87 29 121 29
72 61 129 31
