500
58 30 92 28
89 95 172 4
0 94 181 71
82 46 145 43
43 87 175 99
51 77 89 42
57 77 130 18
95 38 86 54
68 62 96 57
58 11 25 10
58 1 82 40
99 32 116 42
19 24 65 70
53 5 69 10
83 18 98 78
56 28 112 76
43 19 52 53
30 47 110 40
0 96 129 51
81 69 162 0
93 34 57 46
92 87 95 75
57 88 93 65
69 42 83 64
61 27 44 43
26 32 68 79
80 69 99 61
38 76 138 31
62 37 66 54
76 37 66 34
77 87 138 46
29 45 55 42
24 79 116 2
11 73 106 44
42 64 69 80
40 19 82 2
56 92 149 33
29 38 57 7
77 22 27 58
19 68 68 43
99 38 136 11
63 31 38 6
47 12 50 87
32 2 44 40
94 51 76 76
41 96 131 71
19 40 69 90
60 82 168 60
20 84 107 35
15 30 71 63
42 80 82 26
82 96 163 28
99 44 48 41
41 39 51 12
80 93 95 92
75 88 140 47
72 27 110 40
9 76 131 52
8 9 39 90
6 49 120 57
94 75 173 35
15 62 109 47
8 1 40 83
90 44 75 14
23 66 72 33
42 13 50 51
23 67 160 81
69 64 102 63
40 89 139 7
3 49 103 11
50 45 92 40
41 78 85 17
96 65 115 38
79 39 80 2
58 35 70 27
51 73 163 43
14 92 142 18
41 56 137 92
54 28 112 95
58 43 55 54
9 14 59 88
53 86 128 12
73 77 116 25
2 82 102 17
74 71 158 68
79 68 128 33
49 44 125 7
88 93 107 49
60 59 96 13
97 79 104 23
8 17 17 10
99 20 47 25
43 66 159 23
35 5 61 84
2 37 80 90
83 9 48 43
20 28 36 18
59 34 127 67
3 93 170 2
13 57 136 57
23 25 57 58
30 40 134 32
30 90 164 13
99 65 73 20
93 16 106 52
2 83 102 5
76 49 108 41
6 91 141 29
16 82 122 46
23 86 117 53
28 5 23 28
71 78 78 16
46 42 63 49
77 92 98 5
41 18 64 99
61 49 130 77
31 21 96 6
59 58 117 88
64 29 97 87
7 68 123 54
62 76 131 39
21 13 109 62
83 42 56 44
91 95 168 75
16 1 82 27
59 93 108 75
74 83 97 34
3 22 62 65
98 47 103 71
60 4 90 96
47 0 92 90
95 66 83 63
19 51 141 30
96 6 64 70
41 72 76 45
94 44 106 45
91 71 139 4
75 54 106 74
54 44 61 1
62 34 98 81
37 55 119 33
13 22 26 54
46 60 111 93
57 66 156 48
37 58 62 12
13 56 95 19
1 56 77 63
42 85 182 80
92 61 74 57
83 69 81 81
30 15 89 87
81 64 151 18
75 44 127 88
0 74 81 53
82 80 149 24
66 66 122 10
79 22 90 14
43 32 127 25
47 22 86 29
86 52 151 61
48 34 35 48
60 61 115 42
41 23 90 59
41 75 145 20
49 90 124 93
22 81 99 21
3 83 85 42
87 2 57 35
88 9 44 49
70 89 180 63
64 10 85 57
38 97 174 87
87 63 143 9
97 99 129 0
34 33 127 21
87 50 58 27
59 43 71 81
85 20 116 1
82 71 130 20
68 36 44 7
52 40 108 49
91 51 52 25
36 96 142 23
98 54 56 9
50 31 73 35
3 38 126 85
62 47 105 30
36 18 108 88
58 58 147 2
9 90 117 45
38 26 46 36
32 23 120 82
6 39 108 9
78 58 104 40
5 4 26 41
74 12 93 33
23 70 157 32
13 14 92 51
40 50 90 73
73 89 96 79
29 29 69 59
87 87 138 44
91 73 111 66
38 19 70 61
42 38 83 55
4 23 81 45
26 50 120 99
40 77 108 69
6 71 151 45
58 31 73 2
4 80 148 94
51 71 78 93
61 53 53 65
28 11 73 54
13 32 38 53
62 37 111 20
60 54 72 19
37 60 81 42
40 41 129 43
64 96 185 25
1 41 83 29
52 5 41 66
89 42 113 3
31 98 174 91
4 94 156 42
54 35 71 46
76 24 65 92
72 30 99 25
72 12 19 76
69 43 137 10
37 66 80 68
16 90 101 20
84 74 136 90
9 50 138 38
75 29 59 99
12 0 25 84
64 84 96 85
27 7 102 16
73 9 93 89
99 95 156 35
21 76 153 31
26 17 38 53
47 51 104 11
3 30 125 19
14 7 11 93
66 0 9 39
9 45 125 61
92 42 90 14
18 26 123 44
43 18 116 42
21 3 56 25
85 0 44 51
60 1 97 26
1 57 75 10
2 98 121 94
92 72 132 62
98 57 116 93
27 9 45 49
64 41 67 49
42 22 74 54
23 48 128 24
57 98 185 59
49 10 15 93
82 66 122 32
75 15 93 55
24 66 70 40
7 82 171 1
4 93 148 28
93 88 140 50
38 39 48 39
2 66 99 36
84 89 158 12
56 99 166 32
65 23 95 72
5 13 39 9
6 81 118 99
21 42 43 60
33 10 109 35
28 32 104 13
73 93 118 81
92 92 157 9
15 89 170 72
2 7 88 60
41 71 82 62
13 12 86 98
74 74 108 3
58 58 74 84
3 41 58 47
85 83 139 52
72 89 113 27
49 57 144 42
28 99 155 93
63 31 75 38
57 30 71 15
88 9 60 43
2 69 111 87
52 98 189 76
39 67 70 40
24 91 173 5
42 39 89 5
22 94 189 79
24 36 130 64
97 98 105 99
67 1 39 71
99 29 76 91
48 51 82 73
94 66 96 36
57 80 173 79
27 89 147 3
77 4 72 75
2 27 101 69
29 65 105 80
46 40 111 95
91 55 75 85
73 50 123 30
82 66 127 61
7 19 84 85
75 33 93 78
60 86 185 41
51 92 114 98
32 45 90 75
52 65 77 25
67 37 44 49
55 68 79 63
39 76 124 15
61 60 105 73
98 96 111 50
88 89 89 72
86 97 196 91
62 63 131 29
0 76 106 56
96 93 164 36
69 19 22 82
31 48 104 29
96 23 54 85
12 83 92 50
80 61 102 42
24 10 33 25
86 54 87 34
47 4 26 69
75 25 76 6
25 59 146 22
82 19 78 46
54 68 165 35
29 90 119 6
0 53 84 38
59 16 89 58
20 95 122 47
73 31 36 50
90 92 164 25
63 31 54 18
52 72 125 33
63 34 73 63
87 22 76 98
90 79 136 10
26 36 45 99
67 14 64 10
7 74 161 70
58 10 50 62
83 93 188 46
80 87 148 67
61 67 85 52
46 75 89 73
11 24 96 31
38 74 167 97
49 80 100 7
42 60 81 25
6 68 91 86
55 37 42 69
4 23 96 51
50 39 63 14
63 48 93 54
75 90 93 24
70 23 106 12
84 4 94 90
72 65 141 80
2 81 82 59
57 26 36 7
65 86 107 81
86 18 105 61
60 90 127 30
14 72 167 98
28 37 77 53
2 16 101 57
49 38 54 58
64 26 92 81
64 39 101 50
10 49 113 70
92 53 106 6
26 0 56 6
37 96 155 91
64 44 92 65
82 64 88 98
42 90 170 6
81 94 103 43
44 25 39 88
78 19 113 4
19 2 13 56
98 22 121 62
67 48 75 1
12 3 55 7
93 32 97 27
26 74 144 22
99 36 98 78
55 56 90 74
58 97 179 8
20 34 56 39
82 2 94 46
5 44 97 51
28 71 149 7
45 0 81 97
37 44 71 92
52 61 80 11
11 53 124 31
39 94 164 21
96 62 82 53
59 73 77 87
44 82 128 42
83 28 119 72
72 18 34 76
31 87 126 42
93 11 84 32
57 95 149 53
10 74 132 69
99 63 71 96
45 55 145 80
35 81 133 59
51 21 56 82
8 75 152 1
86 2 36 95
98 40 88 8
14 58 87 65
21 37 98 19
92 3 102 27
84 4 90 35
25 74 144 85
49 99 186 87
1 21 103 51
13 82 93 27
40 40 84 62
78 58 139 22
61 32 34 46
88 40 73 13
14 55 106 63
54 38 40 8
11 84 143 24
66 71 74 59
63 47 68 41
5 54 70 67
86 18 83 75
10 50 90 25
58 91 131 12
81 95 167 92
79 32 100 98
55 71 128 18
71 30 42 76
84 28 123 22
98 60 157 60
63 90 127 21
81 78 163 63
25 58 65 4
42 28 82 97
99 63 130 70
93 79 178 77
59 94 146 9
7 49 119 22
39 7 50 73
37 28 116 62
38 47 66 80
75 73 102 27
37 49 146 30
28 48 108 40
95 12 61 54
13 19 95 5
79 71 101 16
51 18 97 90
17 98 120 93
71 4 24 60
53 69 112 33
18 3 76 65
67 75 94 80
46 95 132 25
66 67 109 17
37 73 132 55
71 82 130 94
86 20 75 91
89 50 74 59
53 50 74 72
77 95 147 23
42 42 91 8
9 91 169 47
64 89 91 87
71 2 35 9
22 40 92 63
90 77 152 95
79 51 118 56
47 72 151 89
14 80 130 23
23 80 102 39
69 76 102 93
