50
13 45 62 2
7 12 26 14
13 15 36 12
5 34 48 6
15 47 68 10
15 43 69 15
5 22 32 12
1 36 48 14
1 12 14 9
4 11 23 2
5 35 55 10
2 21 25 1
12 7 31 12
0 8 20 5
13 30 45 14
15 14 42 0
9 26 45 13
3 13 32 8
15 11 30 1
4 41 48 1
10 3 27 10
3 1 20 0
7 26 48 6
12 30 50 5
8 17 29 11
1 33 39 0
0 40 42 5
11 18 36 5
1 42 59 5
11 1 18 2
15 1 26 12
15 19 36 7
0 13 16 1
7 29 38 7
13 45 71 8
6 49 69 7
5 7 25 0
11 1 16 10
6 27 40 5
12 47 72 12
12 41 68 3
5 44 61 2
2 16 30 8
10 19 45 15
5 9 15 0
14 44 69 4
15 30 55 11
9 10 27 5
3 46 59 8
5 39 56 7
