300
70 20 100 72
55 12 106 51
65 95 166 29
67 74 145 60
26 94 143 5
9 71 131 10
97 63 95 17
92 74 92 62
46 50 137 1
14 33 38 80
28 28 89 47
2 33 92 80
27 8 93 88
31 45 95 28
60 35 132 4
61 16 35 8
66 6 67 33
91 18 31 71
46 74 92 0
59 77 157 39
37 17 44 69
15 30 79 75
65 47 79 26
63 51 137 81
57 48 62 48
66 79 98 65
6 89 154 65
66 46 50 3
15 84 108 30
14 74 132 31
73 90 99 36
41 96 165 50
96 36 86 62
67 21 48 73
10 45 136 76
43 47 78 58
83 56 97 49
82 99 179 55
41 90 133 34
38 64 148 34
52 86 182 20
7 76 121 69
21 88 185 16
36 28 102 19
36 15 84 70
66 1 78 59
43 20 113 81
37 29 44 89
15 64 125 74
92 7 50 65
95 92 173 83
21 55 110 9
23 76 156 41
77 57 58 21
30 46 48 67
28 18 26 95
34 70 140 26
77 65 156 24
58 72 132 31
79 15 107 2
91 24 120 20
34 49 90 16
95 96 179 23
66 91 110 0
61 41 67 90
58 17 84 68
41 27 78 20
94 44 119 85
68 71 76 54
20 99 169 67
47 5 48 13
49 14 79 62
7 43 96 65
60 72 106 53
99 85 158 93
81 48 78 2
19 87 143 91
86 79 90 33
84 54 152 33
68 63 159 75
6 1 93 18
73 78 149 72
64 97 114 97
45 47 146 17
34 8 68 73
87 71 129 71
25 57 114 45
72 53 125 31
54 65 114 79
43 73 124 59
22 20 29 19
19 8 96 53
68 49 127 55
20 37 116 98
46 88 183 18
41 68 117 47
85 51 77 80
76 29 121 98
1 1 70 20
61 58 83 30
7 4 41 79
93 16 93 39
4 73 130 97
93 59 155 78
10 22 80 38
3 50 86 4
51 57 133 13
15 2 97 22
58 32 34 51
49 31 121 5
56 47 102 49
58 51 78 68
26 38 44 29
40 94 180 92
52 62 119 67
64 52 94 22
84 96 169 85
27 15 58 84
15 98 183 73
1 13 55 27
3 0 57 43
95 95 182 99
57 44 62 22
48 60 156 85
8 22 44 36
37 65 137 52
15 9 35 17
74 20 64 77
20 53 74 67
48 8 74 58
5 37 117 5
49 28 118 58
50 13 59 40
30 18 110 98
79 18 33 54
38 11 42 11
17 4 82 65
65 97 172 22
34 55 82 35
36 70 163 38
35 39 117 65
9 71 134 89
41 30 73 32
94 26 69 11
31 21 49 96
70 4 22 56
11 97 189 47
67 85 171 2
77 64 132 86
87 83 110 29
66 70 131 60
97 4 75 80
77 99 175 0
55 46 102 67
43 48 114 11
86 52 117 63
69 33 34 56
69 29 114 35
99 98 145 48
54 18 46 32
69 56 88 25
54 40 132 98
41 58 119 27
63 26 116 32
12 43 83 33
72 78 98 24
76 67 139 31
85 53 68 54
61 99 130 16
39 75 141 80
34 79 138 49
5 1 82 69
45 73 75 17
51 74 115 28
41 66 77 78
71 78 163 32
77 16 16 68
92 66 67 78
45 60 87 3
62 8 32 7
33 79 103 85
53 18 83 95
84 28 101 55
6 58 145 35
27 40 43 19
6 4 101 4
17 24 83 79
84 83 169 17
14 62 116 68
80 19 34 64
47 40 111 5
51 11 51 78
51 96 193 9
0 46 111 17
22 24 72 58
60 86 113 74
49 82 176 81
53 61 159 1
2 69 127 53
80 99 130 83
95 80 173 47
78 58 75 0
35 65 123 47
4 85 158 53
19 68 154 73
29 84 110 83
6 84 120 38
35 19 41 82
99 67 97 77
25 99 128 12
16 39 98 20
25 85 110 96
5 12 81 34
96 95 165 2
80 6 47 15
26 15 113 77
82 80 87 59
79 88 160 47
28 83 151 5
68 93 94 73
5 71 131 54
18 30 86 98
88 49 115 66
64 16 112 46
48 55 61 27
43 30 104 71
65 94 122 34
88 30 89 45
53 71 122 71
53 60 82 42
9 88 148 26
56 56 80 4
63 30 113 7
12 9 39 78
4 59 123 44
41 23 64 46
95 93 110 48
53 91 133 14
79 3 43 87
11 65 156 75
47 74 108 60
36 64 154 40
75 54 90 68
29 77 91 76
22 84 161 75
75 71 161 7
26 30 124 38
47 38 103 95
64 51 58 0
67 49 141 43
3 28 91 84
58 78 91 80
62 90 98 89
61 50 146 88
32 43 121 80
81 95 122 97
46 34 132 65
83 42 50 38
71 24 98 81
2 87 100 16
29 21 26 43
71 54 137 4
97 61 97 30
8 63 90 6
49 77 148 84
20 32 106 43
56 0 76 58
88 89 115 69
63 83 95 86
89 95 137 86
8 78 146 16
93 48 122 42
77 46 124 97
78 52 144 34
53 68 112 93
10 22 84 73
57 27 86 47
22 2 87 83
32 54 153 26
54 74 94 31
72 99 180 2
3 73 161 8
94 84 85 4
6 16 45 63
43 88 98 17
42 96 96 75
2 52 105 56
78 73 112 2
24 20 24 28
46 92 180 92
76 90 138 82
58 77 174 53
65 60 82 60
8 75 110 10
79 40 58 57
13 9 20 90
82 15 85 80
7 58 130 35
0 20 89 58
97 66 129 14
