100
19 80 153 96
38 47 68 81
0 8 73 18
27 24 50 19
18 61 108 0
68 21 85 83
95 32 38 12
29 4 91 48
84 60 105 74
59 18 25 59
26 73 150 53
97 3 28 67
16 24 92 84
97 32 51 92
64 25 30 45
81 44 138 17
56 91 183 15
61 51 126 87
24 4 97 22
60 70 111 76
94 9 70 43
93 80 115 58
58 92 147 39
36 49 106 92
40 1 61 1
52 35 76 29
91 86 89 51
56 44 72 2
6 89 134 99
21 32 41 79
77 65 136 65
14 80 90 7
33 70 130 37
5 53 119 96
39 69 69 47
66 28 77 72
69 46 117 90
31 33 55 8
98 93 166 64
25 83 154 58
53 84 179 10
37 14 73 29
35 59 135 1
39 78 103 8
76 97 147 7
30 24 39 80
69 41 85 94
24 68 120 30
4 0 92 93
66 3 25 1
62 51 106 1
81 80 141 57
29 64 129 11
88 32 123 58
73 88 140 50
56 57 89 60
57 76 81 23
80 28 104 42
31 31 127 12
64 9 30 93
73 38 43 62
71 48 68 96
36 72 170 44
81 30 86 38
7 62 75 39
42 42 75 73
25 29 66 89
39 58 141 64
49 40 66 20
88 98 114 25
71 67 88 4
97 78 173 56
40 8 103 82
2 81 88 28
10 44 61 1
54 52 70 3
92 44 119 33
43 44 54 66
11 31 101 60
9 65 82 49
26 64 147 80
97 90 98 60
86 78 139 41
82 31 127 27
76 24 84 71
68 22 111 79
53 59 150 15
77 60 76 55
77 0 35 74
42 96 130 29
74 48 70 8
79 70 105 55
94 47 125 62
69 67 160 75
79 85 127 56
45 58 69 22
10 98 195 53
94 31 113 20
79 56 85 59
26 16 82 21
