250
21 67 126 88
99 67 111 59
43 33 33 54
12 27 109 56
17 59 93 55
32 7 48 72
21 85 164 37
40 38 60 13
5 81 82 56
0 97 165 44
82 20 70 47
99 32 35 16
43 89 161 75
49 65 65 70
2 79 139 42
70 34 42 27
68 61 145 68
59 52 116 93
72 66 106 71
51 95 135 94
85 12 34 34
29 22 78 32
53 68 94 23
3 86 137 71
48 87 178 59
39 8 60 63
74 93 179 77
40 26 98 25
90 94 105 20
68 68 72 21
36 82 127 91
69 48 62 17
35 6 82 26
66 80 169 92
25 27 97 66
6 42 133 96
88 3 71 8
23 24 53 59
7 26 77 76
74 17 62 61
23 21 108 41
53 28 62 79
56 4 49 62
98 36 46 38
91 31 77 14
55 75 101 14
54 29 71 80
46 87 129 22
60 29 92 14
10 97 190 66
1 38 118 51
26 42 131 18
73 35 119 81
63 62 157 69
91 38 87 90
77 91 103 38
73 27 79 83
25 45 46 78
35 33 63 61
75 71 102 1
59 68 102 22
30 29 72 74
19 92 156 97
84 28 63 9
55 39 131 80
36 45 56 71
78 41 125 5
64 68 126 23
36 92 189 66
22 40 132 93
33 56 146 69
36 77 107 92
16 22 46 4
19 35 62 97
28 12 66 93
80 13 81 16
5 66 100 79
6 79 152 91
35 63 75 24
93 42 58 61
16 92 158 35
80 93 177 8
5 39 92 37
52 22 27 9
40 92 181 98
71 62 152 58
77 2 84 70
45 50 134 61
43 50 99 23
43 33 116 1
24 37 127 76
11 96 182 51
40 27 28 11
89 91 160 18
46 4 45 91
54 25 29 49
75 53 125 70
39 56 79 63
45 14 106 8
62 30 41 2
57 12 77 98
4 86 102 2
90 9 102 97
34 49 95 61
55 19 103 94
27 7 16 24
73 1 33 35
83 95 184 92
7 54 144 63
93 59 124 83
68 10 90 55
12 27 43 67
98 0 13 77
60 74 75 33
76 85 106 11
80 10 14 39
17 94 149 62
5 72 117 26
35 78 159 47
57 49 115 7
50 31 115 62
5 85 180 33
22 68 113 54
31 49 94 48
95 52 62 53
77 7 86 12
37 60 71 94
9 29 30 11
60 37 110 65
74 21 120 96
89 96 98 20
45 48 68 92
0 82 127 77
42 24 65 79
36 4 30 98
33 79 88 45
17 35 46 43
56 62 102 97
58 42 112 3
42 90 137 95
25 45 69 67
21 18 116 58
22 24 80 8
56 17 70 25
52 64 132 60
26 8 18 36
3 80 171 97
22 39 131 47
84 17 83 5
35 17 32 9
93 71 88 49
41 23 97 93
39 43 49 18
3 16 70 58
96 46 102 18
85 0 18 21
69 36 114 56
53 94 160 47
17 35 131 58
58 23 75 50
18 58 126 73
26 22 54 22
68 40 132 53
92 62 88 62
99 5 23 52
51 36 135 68
24 48 75 34
23 31 115 41
41 52 66 67
75 98 139 43
90 33 82 83
96 27 124 95
32 67 166 83
4 51 55 80
51 31 45 74
62 99 166 55
3 33 55 78
84 63 137 74
48 75 84 44
2 6 97 87
74 43 65 30
94 26 36 45
57 24 95 71
75 38 64 79
23 0 9 7
15 35 117 64
10 91 151 65
50 4 56 24
47 74 128 41
1 64 102 10
40 9 43 68
99 12 111 22
13 60 90 80
96 64 160 6
7 57 80 57
61 75 156 60
2 87 88 3
3 91 156 96
0 99 163 51
12 15 40 77
75 7 64 71
71 54 84 31
63 53 141 76
29 22 58 31
61 89 175 65
80 3 64 32
3 77 160 67
92 60 156 67
68 53 144 91
59 21 43 22
74 63 113 55
37 86 124 98
75 76 91 55
80 76 115 35
5 74 128 49
35 50 119 3
55 60 106 15
81 69 158 7
84 40 55 21
78 53 124 6
30 87 100 62
15 53 102 21
27 3 25 62
53 91 108 8
51 64 139 84
85 17 109 69
57 7 49 87
12 13 106 94
0 7 15 68
60 57 98 39
60 63 65 65
55 71 97 58
35 1 44 20
18 87 128 27
46 83 98 58
49 60 65 1
67 13 82 79
71 10 29 31
26 73 122 81
44 75 114 80
76 34 86 47
21 94 168 67
29 41 119 78
2 83 163 69
96 1 2 67
64 20 71 90
93 52 75 37
27 14 83 55
49 74 76 22
20 29 71 1
