200
1.00 2.26 1.93 4.02 3.73
22 218
20 947
8 554
38 913
48 156
40 576
14 158
2 471
33 645
4 308
40 665
27 738
32 32
45 322
44 205
49 946
18 474
2 694
35 560
50 1010
4 400
2 1000
8 294
45 82
33 712
35 359
48 670
45 607
30 948
21 966
34 329
50 771
11 756
28 226
45 695
33 1032
27 84
37 961
21 660
19 648
40 681
13 681
40 175
21 888
29 146
40 365
50 492
32 134
12 278
38 346
7 1044
15 168
27 694
38 351
31 556
20 288
12 661
14 466
6 210
13 855
42 932
20 589
23 558
13 744
21 1022
41 919
17 1050
5 870
50 653
12 220
23 885
31 543
31 21
17 977
11 347
41 756
13 810
38 447
16 994
43 341
36 897
16 555
33 341
42 592
15 994
19 166
23 94
23 391
47 701
26 420
21 388
13 679
32 761
9 873
27 744
20 105
41 114
28 490
50 893
39 259
24 377
46 685
33 511
1 58
15 520
26 479
35 143
11 785
27 12
41 827
8 544
24 200
48 513
13 919
28 985
27 396
37 240
31 998
48 781
2 872
18 844
44 639
8 139
25 248
41 866
10 214
50 809
22 211
40 221
42 234
1 666
35 306
38 580
28 721
20 1023
41 204
34 34
33 284
28 85
40 498
35 19
12 372
46 370
7 941
19 939
47 182
16 148
20 910
32 915
1 356
33 904
11 163
31 736
49 60
21 474
30 771
38 555
8 271
10 229
5 310
27 697
13 994
22 552
36 815
40 186
23 226
37 654
21 853
44 922
38 770
43 356
5 1024
3 937
9 298
18 839
7 478
48 267
2 265
7 368
45 679
45 62
31 966
41 333
39 912
9 381
41 482
5 628
40 518
7 255
40 239
3 708
26 816
23 60
24 831
13 865
22 85
41 853
11 611
17 742
46 694
