250
1.00 2.26 1.93 4.02 3.73
22 1289
20 210
8 884
38 441
48 689
40 356
14 826
2 588
33 257
4 1077
40 1174
27 734
32 694
45 908
44 1258
49 1148
18 1313
2 1089
35 832
50 267
4 1125
2 697
8 28
45 1197
33 427
35 955
48 986
45 559
30 1231
21 436
34 1129
50 676
11 435
28 753
45 1216
33 205
27 118
37 485
21 901
19 530
40 479
13 850
40 949
21 1081
29 931
40 130
50 143
32 612
12 1158
38 325
7 479
15 883
27 644
38 71
31 643
20 603
12 183
14 979
6 16
13 1063
42 662
20 251
23 658
13 1149
21 1242
41 492
17 306
5 1277
50 983
12 1080
23 1053
31 812
31 170
17 313
11 1114
41 262
13 1049
38 261
16 283
43 294
36 810
16 390
33 731
42 895
15 1286
19 261
23 44
23 359
47 106
26 633
21 24
13 465
32 471
9 1174
27 1169
20 235
41 182
28 1133
50 1133
39 431
24 1143
46 199
33 923
1 78
15 597
26 971
35 699
11 337
27 283
41 376
8 887
24 1233
48 678
13 1041
28 236
27 283
37 822
31 1060
48 1157
2 995
18 456
44 1241
8 1165
25 368
41 1032
10 596
50 336
22 326
40 449
42 857
1 81
35 1209
38 419
28 1157
20 473
41 606
34 768
33 654
28 313
40 301
35 863
12 1034
46 74
7 1055
19 1077
47 105
16 1093
20 759
32 918
1 904
33 715
11 438
31 1267
49 173
21 1301
30 1192
38 363
8 568
10 351
5 2
27 628
13 382
22 1197
36 723
40 297
23 974
37 801
21 848
44 553
38 927
43 813
5 173
3 763
9 883
18 108
7 754
48 1163
2 111
7 618
45 923
45 806
31 897
41 708
39 872
9 151
41 949
5 1279
40 244
7 1194
40 582
3 251
26 212
23 312
24 312
13 999
22 492
41 1131
11 667
17 744
46 98
11 619
45 237
27 194
45 1281
8 64
28 547
8 1010
22 401
31 68
15 556
33 12
36 255
2 1287
16 729
10 504
47 1025
23 978
33 311
27 579
50 642
19 1032
47 551
14 990
5 1306
35 684
18 615
33 1166
30 437
46 1178
46 917
16 920
38 518
36 678
11 516
34 322
50 567
5 717
47 718
32 813
31 911
33 1270
33 854
9 180
43 616
8 583
18 1311
25 262
7 915
14 1137
17 1269
