400
1.00 2.26 1.93 4.02 3.73
22 1161
20 701
8 2068
38 283
48 2067
40 1915
14 594
2 913
33 557
4 4
40 1007
27 610
32 1918
45 1165
44 480
49 1549
18 1307
2 1377
35 900
50 1492
4 1342
2 277
8 1220
45 1393
33 173
35 1193
48 1887
45 174
30 981
21 1514
34 1313
50 1435
11 1163
28 1418
45 238
33 1542
27 2028
37 396
21 1901
19 951
40 395
13 344
40 498
21 503
29 1592
40 785
50 1823
32 1060
12 1200
38 159
7 996
15 389
27 313
38 2084
31 101
20 886
12 1618
14 648
6 111
13 895
42 20
20 416
23 2041
13 1173
21 805
41 1668
17 1579
5 509
50 924
12 1062
23 1657
31 902
31 1578
17 2081
11 1118
41 978
13 1902
38 703
16 1938
43 1489
36 1465
16 847
33 1097
42 816
15 525
19 934
23 1139
23 1178
47 1304
26 1474
21 2063
13 1393
32 286
9 1015
27 927
20 2107
41 419
28 1452
50 1796
39 2020
24 1337
46 1327
33 128
1 138
15 627
26 83
35 919
11 361
27 984
41 1225
8 1121
24 900
48 824
13 732
28 1534
27 1294
37 1424
31 1212
48 636
2 2012
18 544
44 392
8 1315
25 1579
41 1106
10 272
50 609
22 576
40 1137
42 1118
1 569
35 434
38 1003
28 2013
20 165
41 131
34 712
33 960
28 198
40 436
35 7
12 783
46 190
7 84
19 363
47 1147
16 554
20 1682
32 1585
1 1771
33 667
11 1334
31 809
49 1923
21 1493
30 938
38 34
8 672
10 1149
5 357
27 1584
13 349
22 1334
36 1966
40 666
23 676
37 1997
21 938
44 557
38 1394
43 575
5 472
3 1027
9 204
18 1989
7 1898
48 201
2 1235
7 1227
45 2054
45 1819
31 1054
41 1095
39 1502
9 461
41 1346
5 1760
40 1174
7 529
40 1333
3 98
26 47
23 1944
24 1964
13 978
22 1781
41 1553
11 336
17 1536
46 1788
11 1277
45 1717
27 1114
45 185
8 1181
28 201
8 311
22 608
31 2075
15 1734
33 734
36 927
2 1586
16 1190
10 640
47 523
23 1363
33 1931
27 1517
50 1416
19 1053
47 817
14 413
5 1351
35 1299
18 534
33 642
30 1169
46 1336
46 202
16 318
38 1976
36 1800
11 1539
34 801
50 101
5 2079
47 907
32 339
31 255
33 1044
33 1131
9 1230
43 909
8 610
18 1289
25 597
7 763
14 1335
17 445
49 411
8 1759
34 930
17 97
27 755
14 445
32 1318
23 1897
10 1007
41 634
46 1660
28 1253
27 1376
36 1866
49 1393
45 859
50 1226
41 39
32 379
11 536
43 582
27 444
2 1615
47 1250
17 387
37 2021
39 1712
22 1615
48 724
17 20
44 2035
27 2005
17 1970
29 903
47 1887
8 696
5 1064
19 1717
35 770
21 361
19 902
33 163
37 2024
42 1805
36 694
6 1928
6 1894
24 1464
44 1612
13 1867
18 44
34 555
25 375
3 804
25 1975
23 2091
7 148
37 1779
1 1851
41 835
26 838
10 1841
26 1162
44 970
48 697
19 1793
12 1420
48 467
39 2074
41 712
40 1918
32 1641
7 1396
12 19
42 1737
11 426
40 524
11 1909
11 568
12 596
32 154
15 261
28 2102
35 990
49 2071
10 1506
2 1648
14 1172
5 1058
25 1936
1 549
18 1388
19 2006
45 2031
45 1625
9 1199
8 1128
44 1047
44 1105
17 1032
44 494
8 1416
36 1487
3 918
23 2046
37 513
27 1291
13 358
11 1170
15 1559
34 1555
47 366
27 1223
40 1228
9 692
11 583
32 1836
41 167
45 993
38 1319
18 157
48 242
44 1528
14 152
40 173
23 548
14 1773
13 1461
18 499
34 559
4 1437
47 1573
17 783
45 1640
18 94
24 869
30 881
26 1195
12 1076
12 1588
34 202
39 1266
3 3
40 1604
41 371
5 175
42 157
29 762
36 1356
34 1057
