500
1.00 1.6 3.54 1.96 4.54
10 711
25 1456
44 1709
14 1179
40 599
16 392
17 1141
37 642
49 1879
45 1311
15 1873
45 1777
47 1568
10 1410
14 87
40 472
17 1449
36 604
12 1633
12 670
27 1695
35 2043
3 955
10 1020
40 352
39 459
25 2006
42 591
31 639
40 429
46 751
32 1594
32 1088
39 883
24 1671
8 873
2 1262
45 519
1 984
4 1305
35 1229
23 1793
45 1459
33 1086
3 1732
39 1181
37 1651
21 114
7 2085
40 1828
7 339
23 333
21 1210
1 1990
18 2070
26 974
23 510
35 707
25 819
2 142
42 699
25 542
7 4
9 1477
49 558
33 264
14 704
9 698
37 2039
6 1552
38 1536
23 920
36 1943
9 333
28 1749
4 2244
40 576
21 2179
8 1629
1 1502
3 1132
5 1907
36 841
41 1113
34 94
23 425
12 393
32 1437
21 1146
48 689
36 355
18 541
21 2028
49 824
12 592
11 696
17 1793
37 5
34 523
20 1453
26 487
29 964
34 383
2 535
3 297
35 1729
38 696
13 881
23 218
14 2169
37 392
2 660
28 1410
24 1653
50 1325
38 1127
40 2003
16 1208
26 1370
26 139
22 2197
32 1574
38 1858
39 1345
20 1185
21 1007
2 1226
37 1113
47 2042
18 1062
37 435
4 580
38 1641
38 167
26 998
24 155
21 1509
34 314
39 820
49 671
36 2034
50 1814
10 1231
8 1314
12 303
35 2013
40 1438
48 369
50 1793
25 1775
21 997
2 589
11 959
8 388
49 1559
44 1218
41 1407
45 1339
32 1662
33 1603
34 520
2 1919
17 1139
6 1490
27 1720
33 2131
15 1329
40 1236
49 646
26 1184
17 1952
6 1715
28 377
27 692
41 412
22 360
23 355
31 562
28 1050
36 1473
31 1873
4 849
37 1618
22 287
47 63
36 2163
43 1926
30 1261
40 906
32 2084
34 1054
26 156
3 977
6 1549
16 156
35 142
34 696
5 2082
31 1898
29 481
21 700
1 205
50 2017
25 628
9 2163
16 1620
25 206
34 259
18 2297
27 1214
22 874
11 857
18 300
46 185
3 2071
30 1995
15 275
45 841
9 1424
42 1854
41 196
35 58
50 328
17 885
42 125
41 1777
3 739
22 1162
11 540
7 274
39 1969
19 611
1 991
49 562
16 784
30 1670
5 1131
13 1003
13 459
32 767
12 1979
9 1692
13 1300
14 2026
10 1225
24 205
9 2191
7 787
4 1821
37 473
20 2193
39 2157
46 644
39 35
39 283
37 636
1 2214
33 1153
33 500
19 359
13 886
4 1377
23 2045
11 2030
39 1544
3 265
10 2205
19 2056
31 1721
23 377
25 877
3 1611
33 389
27 644
31 2214
32 834
22 1086
37 631
7 2000
19 2246
33 1926
46 2251
18 1681
25 60
37 401
50 2108
23 2281
12 951
11 285
30 140
30 1798
23 2287
30 494
45 97
20 2212
9 607
37 1947
2 1611
26 462
8 961
14 335
40 125
27 1373
32 1423
13 1928
17 593
7 1792
20 5
9 136
7 1781
15 1883
14 1563
26 1491
15 583
37 741
17 933
36 1999
49 1962
25 1614
39 1732
31 302
49 1233
8 1779
1 1601
43 887
3 921
24 1101
38 290
8 762
22 1618
46 1188
20 1813
12 173
50 1019
5 1923
43 1793
20 898
37 247
13 464
21 2135
44 349
4 2295
3 818
4 843
15 588
17 247
48 784
15 2243
9 1684
3 1290
24 914
38 2281
28 2298
37 1034
28 650
16 1413
32 676
26 2109
39 529
11 1011
44 1795
19 1490
12 1576
37 834
12 571
46 65
3 1396
26 461
10 1000
44 1247
48 33
49 1741
37 1513
4 1818
45 1378
27 348
46 431
4 939
37 993
27 647
5 120
9 1195
29 937
5 1814
49 695
8 1234
42 1814
25 1453
23 379
40 496
11 1135
44 1097
49 2014
3 1793
28 320
25 1185
42 701
16 2300
43 265
20 521
14 1188
22 331
5 1250
15 417
6 1254
25 1474
2 780
25 498
42 1954
1 305
20 974
29 2063
40 1103
12 2216
6 893
35 621
41 543
8 2104
38 135
4 1677
5 562
28 2247
3 82
21 495
34 128
4 1258
1 2065
34 2056
27 1480
21 205
35 1952
31 462
12 668
18 480
13 1795
34 2100
5 2286
15 526
49 548
25 1547
7 456
18 1333
33 1798
23 77
21 1850
33 1376
4 2336
37 2140
48 881
43 2001
35 635
34 934
28 2153
39 918
16 2291
36 1246
19 250
35 741
32 285
2 2340
25 1750
18 1030
48 1324
22 1765
16 663
40 505
17 1407
23 632
50 413
22 1098
30 674
26 23
10 1544
14 912
48 1197
37 1540
46 442
31 4
1 977
2 1078
1 1264
15 2221
37 1168
35 1776
37 1877
2 1033
3 633
23 2061
3 521
28 533
15 1867
20 1525
33 236
47 551
50 2094
39 1734
21 2315
12 41
7 1749
32 1334
