300
1.00 2.26 1.93 4.02 3.73
22 578
20 1072
8 795
38 86
48 777
40 726
14 223
2 1202
33 19
4 1301
40 811
27 305
32 798
45 1372
44 1492
49 598
18 372
2 1557
35 1214
50 1284
4 1299
2 1010
8 211
45 374
33 1338
35 321
48 1250
45 318
30 342
21 365
34 990
50 465
11 905
28 1104
45 1537
33 316
27 53
37 435
21 131
19 776
40 30
13 567
40 572
21 1418
29 1425
40 282
50 222
32 1379
12 1420
38 527
7 1408
15 248
27 1131
38 93
31 720
20 1189
12 867
14 410
6 350
13 468
42 1057
20 1508
23 843
13 1268
21 289
41 342
17 1016
5 1316
50 1414
12 1202
23 554
31 1531
31 1398
17 451
11 1285
41 712
13 420
38 394
16 557
43 1047
36 97
16 1494
33 514
42 1399
15 578
19 752
23 944
23 804
47 378
26 371
21 1063
13 1259
32 91
9 1283
27 1306
20 130
41 1311
28 920
50 1109
39 1073
24 878
46 522
33 1545
1 218
15 1591
26 1459
35 444
11 690
27 422
41 3
8 775
24 462
48 1436
13 897
28 366
27 1184
37 979
31 1027
48 674
2 1159
18 1010
44 205
8 926
25 1065
41 130
10 916
50 1422
22 133
40 737
42 1132
1 1013
35 1092
38 868
28 1073
20 182
41 1160
34 1528
33 300
28 1434
40 711
35 300
12 261
46 375
7 384
19 1212
47 590
16 1404
20 808
32 899
1 123
33 744
11 296
31 236
49 1563
21 77
30 667
38 1207
8 493
10 84
5 682
27 15
13 316
22 1546
36 877
40 602
23 1273
37 1182
21 383
44 700
38 792
43 1239
5 693
3 1214
9 1585
18 844
7 754
48 1411
2 543
7 1477
45 1122
45 1101
31 636
41 825
39 617
9 400
41 698
5 872
40 883
7 1009
40 1106
3 1580
26 1048
23 218
24 763
13 708
22 1594
41 316
11 1110
17 1382
46 1519
11 1020
45 1002
27 97
45 102
8 477
28 63
8 706
22 272
31 743
15 940
33 837
36 676
2 640
16 554
10 1173
47 967
23 1085
33 915
27 486
50 1483
19 412
47 295
14 994
5 1210
35 838
18 205
33 464
30 434
46 855
46 842
16 428
38 327
36 759
11 1539
34 124
50 98
5 548
47 720
32 149
31 331
33 5
33 586
9 146
43 62
8 277
18 881
25 417
7 1285
14 1212
17 1332
49 499
8 1014
34 610
17 1479
27 1127
14 717
32 26
23 505
10 871
41 265
46 1184
28 262
27 1007
36 1486
49 500
45 504
50 1497
41 702
32 424
11 1071
43 434
27 353
2 780
47 151
17 1508
37 1414
39 152
22 926
48 908
17 1578
44 1374
27 799
17 840
29 1142
47 341
8 1037
5 1336
19 899
35 395
21 1019
19 74
33 36
37 1459
42 1470
36 731
6 1362
6 1198
24 253
44 1145
13 1377
