100
1.00 2.26 1.93 4.02 3.73
22 247
20 476
8 347
38 5
48 143
40 258
14 369
2 117
33 276
4 437
40 72
27 249
32 490
45 124
44 274
49 261
18 390
2 329
35 486
50 15
4 195
2 475
8 85
45 245
33 419
35 101
48 492
45 217
30 408
21 435
34 5
50 342
11 405
28 282
45 192
33 413
27 347
37 327
21 290
19 413
40 348
13 125
40 464
21 63
29 188
40 473
50 152
32 197
12 334
38 4
7 354
15 107
27 315
38 492
31 213
20 316
12 398
14 83
6 106
13 48
42 265
20 136
23 224
13 380
21 419
41 231
17 384
5 221
50 430
12 398
23 450
31 50
31 26
17 88
11 185
41 62
13 511
38 19
16 66
43 446
36 456
16 319
33 416
42 394
15 91
19 427
23 42
23 414
47 65
26 408
21 30
13 273
32 228
9 248
27 134
20 225
41 409
28 105
50 162
39 462
