350
1.00 2.26 1.93 4.02 3.73
22 1607
20 285
8 1317
38 107
48 822
40 1354
14 997
2 475
33 397
4 542
40 1221
27 1730
32 966
45 1435
44 329
49 393
18 1170
2 1516
35 1646
50 1356
4 645
2 1792
8 1631
45 511
33 1462
35 824
48 475
45 453
30 637
21 1223
34 112
50 1689
11 600
28 1627
45 655
33 859
27 1086
37 920
21 442
19 429
40 1212
13 1449
40 105
21 1466
29 1503
40 149
50 1505
32 1058
12 1307
38 1239
7 1021
15 613
27 1787
38 246
31 1816
20 1687
12 519
14 793
6 492
13 3
42 876
20 534
23 1680
13 1032
21 424
41 1355
17 1141
5 1200
50 778
12 1326
23 1160
31 238
31 1052
17 1232
11 153
41 1037
13 1675
38 152
16 862
43 1305
36 1143
16 1272
33 1003
42 1227
15 210
19 1354
23 1772
23 347
47 1635
26 827
21 348
13 300
32 436
9 441
27 1389
20 691
41 1595
28 926
50 1026
39 139
24 862
46 334
33 272
1 1852
15 89
26 771
35 1394
11 566
27 96
41 769
8 18
24 362
48 1756
13 1024
28 699
27 1464
37 1363
31 438
48 806
2 932
18 1449
44 780
8 1393
25 1808
41 960
10 867
50 1627
22 618
40 1669
42 1297
1 1301
35 732
38 954
28 716
20 457
41 805
34 987
33 1022
28 1147
40 1275
35 1786
12 1216
46 248
7 887
19 812
47 1811
16 370
20 1272
32 1579
1 1796
33 1160
11 1177
31 111
49 118
21 545
30 72
38 799
8 316
10 866
5 1088
27 968
13 789
22 728
36 631
40 1328
23 1131
37 1241
21 1062
44 555
38 1724
43 468
5 348
3 1152
9 1389
18 976
7 237
48 531
2 508
7 1008
45 973
45 486
31 379
41 872
39 1744
9 145
41 114
5 630
40 834
7 175
40 380
3 6
26 678
23 167
24 72
13 318
22 1013
41 477
11 1475
17 1392
46 1510
11 588
45 1143
27 706
45 1678
8 1312
28 819
8 30
22 583
31 992
15 310
33 1377
36 301
2 1176
16 1732
10 590
47 582
23 1754
33 813
27 490
50 1207
19 507
47 403
14 892
5 179
35 1720
18 1648
33 176
30 1062
46 1049
46 1788
16 1610
38 915
36 957
11 1329
34 397
50 1167
5 1537
47 1019
32 456
31 1167
33 84
33 41
9 1708
43 1696
8 856
18 1557
25 1365
7 294
14 1343
17 1582
49 1092
8 1526
34 968
17 163
27 1020
14 177
32 268
23 530
10 1829
41 1492
46 635
28 811
27 1367
36 1027
49 547
45 456
50 1172
41 1676
32 1319
11 1259
43 906
27 719
2 363
47 1153
17 1143
37 461
39 557
22 1023
48 1162
17 179
44 274
27 1732
17 1585
29 1331
47 693
8 90
5 1816
19 802
35 295
21 223
19 916
33 986
37 1058
42 792
36 525
6 1132
6 526
24 660
44 1146
13 389
18 364
34 1514
25 814
3 85
25 659
23 387
7 1164
37 1642
1 883
41 552
26 1461
10 1104
26 1200
44 1619
48 1213
19 759
12 1089
48 33
39 329
41 460
40 508
32 386
7 1407
12 1109
42 333
11 1786
40 1491
11 1417
11 644
12 18
32 1784
15 1759
28 1708
35 785
49 1641
10 607
2 931
14 1502
5 682
25 315
1 794
18 143
19 1781
45 1570
45 602
9 1681
8 1652
44 1263
44 1404
17 1626
