150
1.00 2.26 1.93 4.02 3.73
22 523
20 161
8 493
38 757
48 318
40 469
14 600
2 127
33 155
4 73
40 410
27 205
32 337
45 552
44 618
49 352
18 581
2 333
35 679
50 573
4 701
2 79
8 42
45 129
33 272
35 97
48 740
45 29
30 98
21 707
34 701
50 464
11 656
28 618
45 133
33 638
27 64
37 619
21 105
19 629
40 45
13 414
40 346
21 369
29 204
40 334
50 623
32 160
12 263
38 711
7 169
15 725
27 413
38 690
31 120
20 447
12 120
14 355
6 505
13 232
42 501
20 565
23 24
13 253
21 159
41 721
17 361
5 529
50 416
12 799
23 299
31 738
31 218
17 64
11 554
41 269
13 528
38 462
16 732
43 715
36 249
16 607
33 561
42 169
15 545
19 796
23 64
23 741
47 485
26 489
21 528
13 519
32 134
9 685
27 111
20 283
41 375
28 102
50 202
39 261
24 781
46 123
33 523
1 278
15 430
26 218
35 490
11 356
27 156
41 629
8 735
24 446
48 411
13 567
28 771
27 707
37 779
31 643
48 494
2 170
18 677
44 405
8 17
25 737
41 255
10 594
50 589
22 345
40 735
42 257
1 710
35 412
38 257
28 455
20 753
41 122
34 70
33 293
28 542
40 313
35 290
12 519
46 566
7 668
19 570
47 77
16 89
20 375
32 689
1 205
