450
1.00 1.6 3.54 1.96 4.54
10 1439
25 1408
44 1141
14 1616
40 625
16 1494
17 793
37 1421
49 1293
45 80
15 1018
45 731
47 1939
10 894
14 648
40 1615
17 705
36 927
12 2053
12 916
27 1242
35 1072
3 391
10 576
40 1971
39 1514
25 1895
42 1252
31 9
40 51
46 3
32 584
32 1518
39 1406
24 1512
8 47
2 107
45 933
1 84
4 1142
35 589
23 829
45 1346
33 1927
3 2099
39 1587
37 839
21 461
7 286
40 1283
7 639
23 1307
21 1549
1 1065
18 543
26 350
23 1021
35 576
25 1703
2 1199
42 1659
25 1607
7 1432
9 1266
49 76
33 424
14 1302
9 549
37 1449
6 603
38 1512
23 1842
36 844
9 916
28 317
4 418
40 1786
21 535
8 580
1 392
3 687
5 1448
36 974
41 791
34 1492
23 778
12 1128
32 468
21 875
48 1147
36 1101
18 1612
21 1322
49 966
12 1548
11 1072
17 1495
37 102
34 1848
20 1654
26 302
29 298
34 1079
2 1786
3 1871
35 870
38 454
13 640
23 735
14 127
37 628
2 491
28 4
24 1316
50 500
38 236
40 624
16 625
26 1837
26 1380
22 1388
32 822
38 1740
39 294
20 1575
21 1999
2 526
37 1940
47 1436
18 1337
37 1000
4 1713
38 753
38 999
26 85
24 381
21 351
34 1287
39 1019
49 617
36 318
50 478
10 1829
8 753
12 531
35 618
40 1591
48 4
50 465
25 1300
21 438
2 876
11 347
8 479
49 261
44 1543
41 623
45 779
32 195
33 1929
34 352
2 593
17 1271
6 1495
27 1200
33 1012
15 1817
40 1071
49 1216
26 125
17 1975
6 1429
28 1674
27 1212
41 1052
22 903
23 1090
31 1001
28 1847
36 945
31 391
4 521
37 1471
22 150
47 886
36 138
43 1340
30 282
40 735
32 606
34 1825
26 1644
3 1109
6 1181
16 272
35 1805
34 1292
5 337
31 1621
29 1589
21 894
1 529
50 845
25 346
9 1424
16 1106
25 1271
34 1206
18 1500
27 1442
22 468
11 1716
18 1021
46 1312
3 1560
30 1914
15 1192
45 1105
9 590
42 1053
41 1732
35 1518
50 334
17 624
42 369
41 320
3 321
22 506
11 949
7 1339
39 1673
19 757
1 1475
49 254
16 57
30 1945
5 1758
13 1140
13 822
32 1869
12 955
9 141
13 873
14 1385
10 141
24 128
9 631
7 1868
4 1724
37 430
20 628
39 181
46 1811
39 560
39 1914
37 1439
1 186
33 232
33 2046
19 1093
13 787
4 772
23 268
11 168
39 1827
3 1813
10 248
19 763
31 1265
23 1677
25 177
3 53
33 296
27 790
31 112
32 1600
22 658
37 1035
7 485
19 244
33 1770
46 541
18 882
25 510
37 696
50 1483
23 1007
12 900
11 413
30 688
30 1761
23 1509
30 1157
45 1791
20 1094
9 185
37 1941
2 708
26 1618
8 430
14 1973
40 1932
27 582
32 31
13 257
17 576
7 1982
20 1040
9 454
7 324
15 794
14 1230
26 1832
15 1819
37 1386
17 236
36 1955
49 1818
25 1548
39 336
31 785
49 1415
8 353
1 585
43 1973
3 758
24 973
38 566
8 1795
22 2012
46 1716
20 2042
12 1512
50 53
5 365
43 1895
20 2049
37 843
13 255
21 126
44 1602
4 2070
3 449
4 89
15 1990
17 543
48 1736
15 1438
9 418
3 865
24 299
38 112
28 1231
37 1273
28 1718
16 533
32 1590
26 4
39 120
11 1596
44 1666
19 1400
12 1346
37 518
12 672
46 825
3 1820
26 1778
10 1458
44 1549
48 268
49 1104
37 1575
4 1436
45 794
27 817
46 977
4 264
37 675
27 1448
5 1086
9 1635
29 154
5 933
49 1690
8 1634
42 797
25 223
23 414
40 1898
11 317
44 2021
49 718
3 757
28 524
25 220
42 705
16 2012
43 1487
20 1149
14 824
22 2060
5 2084
15 936
6 589
25 1262
2 615
25 1892
42 474
1 912
20 1628
29 1330
40 1396
12 756
6 514
35 58
41 1231
8 417
38 886
4 1139
5 30
28 1576
3 1378
21 1619
34 1242
4 315
1 395
34 831
27 895
21 582
35 106
31 1061
12 847
18 1619
13 633
34 1094
5 1655
15 1309
49 336
25 447
7 1021
18 995
33 1819
23 1594
21 288
33 1059
4 640
37 2043
48 236
43 462
