250
13 16 5 404 5
13 8 14 357 6
13 8 7 348 8
17 5 13 104 6
19 19 18 314 5
1 4 9 272 6
7 9 15 355 7
18 19 10 240 8
10 16 6 153 6
4 17 16 321 7
5 9 17 358 5
16 6 4 410 1
4 1 5 65 9
6 6 6 399 5
9 12 4 424 6
8 1 6 130 2
2 19 19 151 1
1 7 6 443 3
2 9 4 57 7
8 18 7 240 10
8 20 2 125 7
18 1 20 135 6
19 14 19 497 1
4 1 20 362 7
13 19 20 231 4
17 10 11 454 1
14 17 5 212 5
10 12 13 100 2
9 13 1 59 2
2 18 8 191 9
8 8 20 296 2
2 15 19 99 3
7 18 5 523 10
2 15 20 427 4
3 7 12 333 3
16 13 6 94 8
12 10 17 529 9
6 12 17 410 3
6 9 18 211 1
19 10 4 348 2
5 17 2 234 8
17 19 18 314 10
2 17 11 116 9
4 18 19 103 6
17 5 11 417 2
19 3 2 139 4
17 15 16 61 9
14 5 9 268 6
13 6 8 150 9
10 15 3 94 4
20 2 9 377 5
16 10 2 348 3
19 11 14 54 9
17 15 11 486 1
20 15 11 188 8
3 17 17 442 1
4 2 5 164 6
6 20 16 205 2
20 16 19 61 2
8 8 6 396 8
8 17 8 284 6
18 9 7 324 9
13 6 7 494 6
15 10 12 515 5
4 4 17 313 6
1 14 20 361 8
12 14 16 247 7
4 6 20 349 1
8 12 2 80 2
4 8 8 178 8
2 4 1 326 5
11 8 12 395 10
14 18 13 67 7
11 17 15 509 6
9 8 5 369 2
8 15 6 506 4
12 4 11 406 8
5 13 1 204 10
6 7 12 423 2
18 10 2 224 7
1 10 11 451 3
17 1 4 43 4
4 20 20 357 4
4 15 2 197 10
17 11 8 442 7
11 17 8 67 8
19 10 20 468 8
1 3 16 240 4
19 17 19 96 5
7 20 8 42 2
7 10 13 440 8
19 6 8 174 6
20 6 19 463 1
11 18 4 509 7
16 15 5 225 2
3 9 10 323 3
9 20 4 126 8
9 7 6 318 6
11 15 13 356 7
8 12 2 306 6
1 12 18 258 6
9 7 7 419 2
4 2 4 239 7
2 11 18 342 3
5 9 20 440 3
5 1 3 441 9
19 17 20 493 6
18 9 12 78 8
5 11 18 489 2
15 11 20 264 8
4 16 6 158 9
10 9 2 193 2
14 1 12 436 3
15 5 16 277 10
2 13 11 409 10
10 18 5 443 4
10 1 8 260 4
20 20 19 211 2
4 10 15 138 8
11 16 14 183 2
5 12 7 300 8
6 14 4 456 7
16 3 16 495 8
2 18 5 332 9
11 20 12 501 6
10 4 5 311 1
10 18 12 408 6
18 3 19 505 8
8 5 11 73 9
9 10 8 70 5
3 14 14 161 2
14 16 13 420 1
17 6 7 106 6
1 20 10 201 9
1 18 2 153 9
5 9 17 41 5
5 20 9 343 3
20 14 19 340 9
8 5 12 503 2
3 1 16 387 9
11 2 1 399 4
3 14 14 382 6
3 10 12 348 1
12 9 4 228 8
12 12 7 166 6
6 2 17 59 8
19 2 5 117 3
4 17 1 171 4
1 18 12 528 9
17 4 7 488 9
1 13 18 113 3
8 16 14 473 10
9 1 7 367 5
9 9 5 294 3
2 8 20 308 2
20 9 16 218 4
13 13 9 232 9
3 9 8 439 5
10 12 17 335 6
17 11 11 195 3
1 8 13 424 2
19 12 7 331 3
11 17 18 82 4
6 10 13 528 4
13 5 17 103 8
7 19 14 55 10
14 10 17 479 1
13 9 7 95 2
6 6 11 309 3
18 17 13 317 7
17 11 20 370 2
20 17 15 104 2
12 8 13 231 2
20 20 1 313 1
19 7 19 310 4
11 13 10 386 8
17 13 1 445 6
11 20 18 321 3
15 3 8 99 1
15 12 4 418 4
13 19 19 431 6
18 6 2 351 10
15 16 1 317 10
12 20 10 47 6
11 3 9 205 5
9 2 11 221 2
7 4 18 212 2
19 19 6 319 1
1 4 9 472 10
5 2 17 244 5
8 5 15 378 6
3 14 2 286 5
20 6 1 518 5
12 4 5 127 1
4 14 14 89 2
17 4 16 336 10
13 20 8 472 6
13 9 10 458 10
6 14 15 376 2
16 9 9 339 8
11 17 20 518 7
11 10 12 206 8
18 7 15 196 6
14 12 3 286 6
11 18 14 274 5
2 14 14 159 9
16 3 4 122 7
9 3 17 403 4
5 9 16 226 3
2 7 20 80 10
14 11 11 86 1
13 10 1 318 9
15 15 8 506 8
19 19 14 110 1
13 14 18 197 7
6 3 11 269 7
7 7 2 395 1
11 1 5 407 9
8 15 4 48 10
19 4 18 173 5
10 14 5 356 8
12 7 19 389 8
6 18 3 53 2
6 12 15 447 10
13 13 12 492 4
13 7 13 446 1
17 10 13 105 5
20 17 19 209 7
15 19 18 364 8
18 13 19 408 8
4 11 20 277 7
20 6 16 261 2
1 10 17 67 4
6 1 13 260 4
9 16 5 483 8
10 17 14 272 3
19 2 16 125 5
10 13 10 298 9
19 18 5 394 9
13 6 12 143 4
6 2 5 415 3
15 14 15 437 7
13 17 3 484 4
16 10 4 225 1
17 10 16 164 2
5 1 9 370 1
1 17 10 217 8
1 3 18 159 10
12 8 16 341 9
3 1 18 52 7
