200
17 18 4 187 1
19 18 3 172 7
20 10 11 58 10
6 8 18 241 1
7 6 19 231 4
17 12 13 282 2
20 17 13 114 5
16 20 12 385 7
2 17 2 42 6
4 3 9 377 1
10 10 14 98 5
17 1 18 85 4
14 18 1 100 5
16 20 3 174 8
9 20 9 267 6
19 5 13 344 7
18 18 13 191 6
15 6 18 75 8
14 9 9 332 1
15 3 18 353 8
4 14 14 412 2
10 1 16 291 5
7 17 8 253 6
2 16 8 205 8
10 10 19 284 9
14 19 4 424 7
9 8 7 85 3
4 1 5 386 6
10 2 14 146 2
9 17 12 335 6
13 9 5 348 4
5 8 8 79 7
11 18 4 423 3
14 5 18 230 4
11 2 3 408 9
10 18 6 425 2
16 19 11 305 2
8 14 20 223 9
5 13 7 334 9
4 20 10 53 6
5 15 3 387 5
16 9 12 169 9
18 5 18 185 7
20 15 3 156 7
10 10 17 44 10
6 8 11 119 8
10 20 14 50 6
7 20 15 95 9
20 10 11 46 7
11 6 16 72 10
20 6 7 147 5
8 14 10 96 2
10 1 5 190 10
14 19 1 198 4
5 7 1 161 6
15 18 16 371 8
7 10 9 29 1
2 7 17 190 5
15 4 15 358 8
10 11 20 333 10
8 17 1 298 1
11 13 13 55 1
10 16 10 261 7
16 14 8 308 1
16 9 12 160 9
11 18 10 252 9
20 18 2 420 1
7 5 19 231 9
10 2 2 370 5
14 3 10 190 3
1 10 7 153 7
9 19 2 201 8
2 10 10 295 9
9 4 13 76 3
16 8 16 55 2
18 14 4 279 9
9 11 6 140 10
19 16 2 370 10
4 20 6 123 1
13 8 18 433 5
18 18 15 208 4
18 1 11 279 3
1 13 12 195 7
8 20 12 423 10
8 8 13 321 3
19 4 18 52 2
1 20 11 318 9
4 13 11 117 10
15 17 1 172 9
16 8 11 406 1
19 4 17 256 1
12 4 6 60 2
8 8 9 199 5
9 17 19 182 1
5 3 1 333 9
2 15 2 326 2
18 13 8 392 6
6 5 5 263 8
11 4 17 369 5
17 6 1 113 5
16 20 17 336 10
8 10 19 259 1
15 19 7 415 9
12 19 14 345 8
1 17 4 194 2
20 8 17 77 4
16 11 4 204 1
12 12 18 193 6
2 11 12 227 2
9 10 17 330 8
3 7 3 51 5
12 6 7 164 7
7 19 5 348 6
9 7 20 61 5
17 2 15 339 7
19 8 16 170 9
16 11 17 376 5
18 20 2 244 3
16 1 18 206 8
2 9 17 409 6
3 20 14 182 2
17 7 18 262 9
2 1 11 129 3
8 12 2 354 4
15 3 6 389 7
1 16 17 247 10
6 13 14 208 1
14 15 6 217 1
20 11 12 162 8
14 13 6 318 7
3 17 16 428 7
4 20 4 110 3
3 17 1 312 9
6 9 1 379 4
18 6 7 125 10
18 7 5 287 10
15 3 10 278 5
20 3 6 323 10
11 16 4 254 5
18 8 17 172 4
13 5 9 392 9
19 4 3 145 3
6 18 10 100 1
7 6 9 278 2
1 15 7 398 9
5 14 4 384 2
15 11 6 280 3
14 17 15 108 6
14 9 1 381 10
5 18 6 312 4
5 13 16 44 6
19 1 10 61 6
15 14 15 422 3
11 14 11 225 7
13 18 6 356 1
3 5 13 215 10
8 12 13 90 8
15 5 15 49 8
9 13 5 45 3
20 12 16 191 6
3 4 18 33 3
14 10 15 161 4
7 6 19 57 6
13 11 4 414 3
2 6 5 352 10
3 7 14 254 8
8 17 15 322 7
16 3 1 123 1
17 1 14 431 7
5 5 18 391 4
16 9 16 127 5
11 9 15 390 5
19 7 18 217 4
5 19 12 321 1
14 19 12 113 7
5 11 3 294 8
17 4 18 409 8
20 11 1 290 7
11 19 5 433 8
13 17 10 422 10
8 16 1 265 10
2 9 12 242 5
1 2 3 265 8
3 19 18 436 2
19 9 10 213 3
1 3 13 143 9
7 1 12 281 7
7 10 1 306 5
12 1 6 230 2
2 15 12 409 9
7 8 10 90 7
1 14 19 39 1
11 14 18 433 9
17 12 8 319 3
1 6 18 65 8
2 2 1 31 9
2 16 14 262 3
8 17 17 93 1
11 11 15 100 2
6 9 16 410 7
