500
20 19 14 974 6
13 11 4 169 5
18 3 10 947 2
14 8 8 819 5
1 9 16 931 8
9 11 14 279 8
1 7 8 547 3
3 20 2 304 3
17 1 9 302 5
13 3 20 775 10
1 11 5 180 7
3 3 9 908 7
13 12 6 525 1
19 9 20 655 6
19 16 10 713 10
16 20 15 497 5
7 6 14 317 3
10 13 19 940 2
15 8 8 484 6
16 20 5 1041 8
17 9 16 905 8
12 16 2 575 7
20 19 5 584 1
18 7 16 86 10
19 8 11 818 3
9 10 16 358 2
8 5 12 686 3
20 10 15 61 4
16 4 11 767 9
12 18 15 753 5
15 16 12 947 10
13 8 11 265 4
18 20 3 552 10
16 19 13 194 4
14 19 6 679 3
3 15 16 616 9
6 1 6 750 2
9 6 5 132 7
5 20 13 286 10
13 7 3 824 9
16 15 14 227 6
6 4 17 224 3
16 10 4 740 3
15 7 3 610 4
16 16 10 974 2
10 12 15 837 3
20 13 9 286 8
20 11 20 644 3
2 9 12 1000 7
16 20 8 701 7
6 8 10 727 2
8 14 2 239 4
19 8 10 226 1
10 10 20 432 8
13 10 9 543 1
15 13 3 771 4
12 20 5 675 1
17 6 10 877 5
9 8 8 615 6
1 15 17 547 8
11 11 20 365 4
17 5 6 629 7
2 11 2 122 8
10 6 1 661 1
18 17 15 229 6
17 9 17 637 10
16 17 19 730 7
5 7 11 543 6
15 11 2 785 8
16 8 8 682 2
9 4 6 818 1
7 18 7 144 2
1 3 12 548 9
17 17 13 854 6
9 18 11 772 6
18 9 6 104 8
7 10 1 95 8
4 4 15 657 6
15 19 19 390 9
20 15 4 1010 6
7 14 10 497 3
11 1 11 594 2
14 12 4 249 1
10 1 3 762 9
20 16 20 853 3
9 2 5 147 9
1 5 13 840 2
15 11 3 196 10
17 8 15 877 4
14 12 5 864 10
9 6 10 609 4
2 7 1 359 9
13 12 3 684 4
4 5 17 404 8
6 14 20 852 1
5 11 9 510 3
3 16 7 1026 8
20 9 19 983 1
2 6 5 459 4
4 4 1 413 8
10 12 7 264 3
11 3 4 256 4
3 20 20 392 9
6 9 15 890 1
20 20 7 654 6
19 8 7 438 3
4 13 16 440 4
5 8 8 323 3
20 19 2 910 1
13 6 6 1019 1
20 20 18 607 10
1 11 13 223 10
17 16 8 108 4
7 15 5 194 2
11 4 19 498 3
9 11 8 382 5
17 18 17 351 3
19 9 2 977 3
9 12 6 523 6
8 9 18 465 7
2 9 19 796 1
10 3 15 114 3
11 20 19 791 9
13 16 8 155 4
7 14 6 743 5
11 12 4 565 9
11 12 11 220 5
3 13 13 417 8
6 3 4 403 9
7 4 12 67 10
7 9 12 972 1
15 6 18 424 10
20 1 17 761 1
2 12 2 201 5
12 19 14 777 5
6 16 11 646 8
1 9 10 729 4
13 11 17 925 2
14 18 9 898 3
19 6 1 588 9
10 15 14 480 4
19 19 13 215 10
16 16 3 995 10
5 14 18 268 7
1 20 2 758 8
5 8 12 666 5
8 12 8 987 9
6 15 11 324 6
13 14 18 172 10
12 2 14 499 2
12 1 13 960 9
19 19 8 937 8
2 4 7 404 2
9 2 3 794 2
8 12 16 348 4
19 13 1 842 9
9 2 1 742 1
3 16 11 978 6
19 9 2 482 7
13 20 3 642 3
19 2 8 92 4
16 12 7 170 9
6 14 8 800 2
18 7 5 617 9
9 17 19 342 9
9 9 6 292 9
15 8 20 338 10
12 17 19 674 9
13 9 1 810 5
2 4 16 341 10
18 10 17 630 9
20 13 15 379 5
5 13 7 387 3
16 7 16 872 6
20 7 17 379 7
7 16 17 427 3
9 7 4 365 8
4 11 4 885 8
7 16 19 607 5
1 8 16 824 1
10 12 13 720 7
11 3 2 386 10
13 15 10 536 7
11 9 4 1001 4
11 13 8 897 10
5 5 16 182 1
11 17 3 906 8
8 15 5 485 1
8 20 20 253 9
7 17 17 223 6
1 13 1 939 6
11 19 19 918 9
16 14 5 150 7
16 13 7 89 6
15 16 5 183 1
12 12 11 346 8
6 10 20 929 5
11 20 9 1005 4
9 11 9 898 1
16 19 19 648 4
8 17 19 848 7
7 11 20 890 4
5 9 13 1003 9
20 8 16 423 7
1 19 2 568 2
5 2 3 969 1
2 13 10 658 4
9 20 5 89 6
20 19 18 649 5
19 15 18 585 4
20 18 19 638 9
1 10 1 372 9
7 12 5 957 6
16 18 5 1034 1
12 16 5 238 10
13 11 14 844 2
7 9 18 522 6
17 13 4 840 6
13 6 10 40 9
19 13 4 1011 6
3 1 10 775 2
2 16 16 448 8
18 1 17 595 10
2 17 18 988 7
14 19 14 766 8
20 14 12 192 10
3 5 10 791 10
18 16 4 934 1
15 2 7 876 7
16 4 16 692 9
19 10 17 58 4
3 11 12 544 9
15 3 9 295 6
10 8 3 657 5
20 14 9 117 6
19 4 2 938 1
2 3 8 393 9
17 17 6 680 3
6 16 10 1002 7
1 5 10 298 10
20 6 7 115 9
11 14 15 780 6
20 10 20 272 9
17 9 14 346 1
7 15 20 404 3
16 8 9 1007 10
3 9 2 441 8
6 16 19 1006 8
5 5 10 376 4
12 7 17 445 5
5 19 19 475 6
2 6 13 596 2
19 10 20 1036 2
19 5 18 83 10
2 8 18 747 3
16 8 6 201 8
18 8 17 728 9
1 3 12 425 9
9 6 7 833 6
6 4 3 218 2
18 3 2 541 9
1 9 6 824 3
1 13 8 534 8
15 9 3 832 1
17 19 18 76 5
15 14 17 933 4
14 17 20 138 7
16 7 7 231 9
12 20 11 135 9
1 1 14 278 1
15 16 1 318 7
11 10 16 296 10
3 14 7 382 4
3 1 9 225 8
9 15 12 1023 4
11 4 5 988 5
17 3 1 44 2
10 20 4 753 10
6 15 12 230 7
20 8 1 539 1
15 8 13 143 8
7 1 3 399 3
19 19 12 82 9
20 16 8 213 7
7 19 3 415 5
2 4 16 133 7
18 14 6 825 5
19 10 16 832 3
7 6 10 24 7
19 5 7 945 4
7 3 10 165 10
20 20 20 571 5
15 7 13 549 2
8 14 2 145 6
10 17 11 152 2
8 11 7 716 10
4 16 9 213 9
16 3 4 872 1
16 20 12 682 7
15 17 18 225 3
18 1 11 728 9
16 18 19 90 6
20 5 15 180 7
4 11 13 278 2
15 1 10 112 1
14 10 5 732 6
8 13 15 135 9
10 10 16 63 1
5 9 2 914 7
18 20 15 953 7
11 3 7 991 4
13 10 6 395 10
6 13 7 547 8
10 18 6 364 8
11 11 3 525 7
7 16 16 492 9
9 20 16 808 3
14 9 5 235 7
2 12 15 218 9
11 7 18 455 5
6 2 10 1017 4
3 18 19 522 5
10 3 18 1023 3
14 16 11 991 9
20 10 19 1022 5
12 5 3 848 10
9 3 20 305 6
2 15 14 691 2
3 14 15 727 2
4 15 14 91 4
17 8 9 359 10
13 15 8 202 1
9 2 1 598 9
3 15 12 991 6
1 8 18 360 7
15 17 8 384 4
13 11 18 95 1
2 4 9 491 10
18 5 7 61 9
9 12 12 513 6
3 12 13 770 10
15 19 4 944 1
11 13 11 1022 2
12 17 10 443 9
12 16 12 415 10
18 13 9 982 2
5 1 9 61 2
11 8 17 547 5
10 13 7 944 5
11 12 15 82 5
5 2 13 935 7
16 6 10 988 10
5 4 12 358 6
7 9 2 556 7
5 20 3 73 9
18 13 8 688 8
8 12 18 359 1
14 3 10 276 10
1 7 8 543 5
17 13 7 835 1
12 4 8 232 6
20 20 13 77 2
6 9 12 339 4
2 11 18 860 6
15 6 12 70 9
11 8 3 701 3
19 13 9 662 5
17 4 3 955 9
16 3 16 730 3
11 9 2 528 9
12 10 17 739 7
13 4 8 1008 1
10 15 16 146 6
10 18 7 562 8
11 18 6 843 1
13 5 18 431 4
13 9 4 344 2
14 9 5 749 10
15 13 19 274 4
7 11 1 65 6
2 8 10 29 1
12 5 2 547 7
17 15 11 370 6
13 1 16 380 7
5 10 15 763 7
13 14 15 278 5
9 14 9 634 4
4 11 11 669 4
13 9 7 632 3
16 12 19 1000 10
4 7 4 762 5
19 5 10 889 6
12 13 17 431 9
11 4 2 629 4
20 2 1 539 9
20 16 12 363 7
20 10 17 529 2
15 13 12 855 10
13 19 8 657 6
20 2 3 852 7
11 2 10 903 9
16 16 17 626 3
10 7 6 531 1
19 17 11 417 1
8 1 7 435 6
5 15 16 498 6
10 14 20 613 9
16 4 4 884 2
12 17 14 538 8
1 15 20 343 4
10 10 2 316 3
15 10 5 386 9
15 5 2 405 3
17 7 14 620 5
8 7 16 788 7
12 13 15 487 6
8 19 10 241 10
17 10 11 896 9
5 2 3 497 4
13 3 15 677 2
18 7 6 934 2
2 10 10 921 8
1 19 1 694 3
11 15 20 60 6
17 10 2 202 9
11 4 10 782 9
19 2 7 411 9
2 1 3 149 1
12 5 14 990 5
19 6 6 430 5
15 17 10 846 7
15 12 8 780 9
11 14 18 968 4
5 4 11 820 3
12 8 9 496 8
7 13 16 383 7
16 5 17 313 5
1 12 15 120 6
1 14 13 827 3
2 2 1 293 7
3 3 9 693 7
14 14 6 709 1
15 13 17 915 3
10 4 10 93 7
8 3 20 178 9
17 19 1 787 7
15 10 6 749 3
14 6 8 958 6
1 18 20 284 7
3 20 12 565 4
3 10 6 456 3
17 3 19 82 1
11 1 18 93 5
12 4 12 466 7
6 5 11 749 9
14 20 16 302 5
1 15 9 166 4
5 16 16 54 3
15 14 19 94 8
13 7 9 84 4
6 17 11 372 3
4 13 18 65 5
5 20 5 562 8
15 7 4 195 6
20 14 9 494 4
12 16 16 521 7
1 4 9 150 1
19 2 15 737 4
1 13 7 932 2
4 15 4 313 4
6 6 13 406 9
5 11 1 591 10
9 7 3 690 5
4 18 4 537 7
8 11 16 849 7
1 6 13 285 6
10 1 15 191 1
18 6 8 969 3
3 5 10 480 5
5 19 15 191 6
2 8 4 347 4
15 1 3 911 9
6 6 6 562 5
19 10 4 862 2
1 6 15 937 5
15 13 6 751 3
7 8 7 74 8
4 5 12 916 8
2 8 5 611 4
3 1 10 168 4
10 12 9 266 6
13 1 12 107 3
13 19 7 47 4
2 19 2 609 5
11 17 11 593 4
5 15 6 538 5
11 5 5 394 6
1 9 20 395 1
12 6 13 488 10
9 18 11 1017 7
