350
17 1 3 75 8
6 11 6 503 2
7 17 20 437 4
7 8 6 224 5
12 6 11 159 7
2 13 5 332 1
20 4 1 554 7
19 9 14 82 4
18 6 1 106 5
2 13 17 626 2
20 7 17 498 4
11 2 7 435 1
16 18 15 401 3
1 5 10 196 7
3 4 19 304 4
14 15 3 549 10
10 2 3 410 8
17 19 18 666 7
15 7 5 622 2
16 3 11 45 1
3 16 13 272 6
19 5 14 653 3
16 6 2 484 8
12 7 8 628 4
8 16 19 101 7
20 3 2 408 3
18 6 4 395 2
13 11 11 551 1
8 12 19 727 3
7 9 10 180 4
5 8 14 426 6
13 2 10 625 3
14 18 16 656 1
17 5 19 345 2
16 14 15 606 7
20 3 11 313 9
11 14 8 110 8
16 2 3 700 3
7 3 5 268 9
7 9 9 716 8
13 18 11 316 5
6 4 19 564 4
8 19 18 255 7
1 8 2 280 4
9 4 17 306 8
2 2 2 410 2
10 19 5 440 6
19 4 4 150 9
19 8 13 699 10
2 7 17 280 5
5 13 1 30 10
4 1 18 252 9
19 12 6 73 9
2 6 7 262 9
10 16 4 271 9
20 9 19 198 2
13 3 16 192 3
10 15 7 222 7
10 9 9 454 9
19 16 19 491 2
7 5 6 61 6
14 1 14 581 10
3 17 13 684 8
18 13 13 383 6
5 16 20 544 7
16 1 2 627 8
3 11 19 502 7
8 13 13 264 9
13 2 1 543 8
1 15 13 628 7
1 3 17 509 3
9 7 4 107 1
15 14 19 554 7
18 4 20 500 7
20 11 15 552 7
17 7 11 199 7
12 15 5 546 10
3 7 10 56 10
20 2 8 518 7
5 13 11 536 1
20 1 8 431 5
8 1 4 396 5
15 17 8 684 7
15 3 18 73 4
1 16 8 490 4
12 9 18 83 7
16 1 14 44 6
6 17 16 329 3
7 8 15 654 7
18 13 2 522 3
6 19 4 488 2
10 11 16 556 9
17 19 16 679 7
15 3 1 287 4
19 12 3 158 7
18 13 16 450 3
5 17 4 291 2
6 16 10 371 6
2 10 3 111 3
9 17 8 427 1
6 5 10 246 10
9 5 10 44 4
3 4 4 70 5
16 2 19 144 9
5 19 16 655 6
12 12 17 455 2
10 9 17 216 6
14 20 20 170 1
2 5 8 564 9
20 1 18 550 6
8 14 6 692 7
8 20 15 372 1
14 5 12 724 1
19 13 20 248 5
20 6 13 63 9
15 13 18 480 5
8 13 3 555 10
4 13 2 148 2
14 3 6 634 5
1 10 6 276 10
17 12 20 639 9
19 6 13 528 1
7 14 4 555 8
8 2 20 293 10
6 1 2 193 4
5 15 17 584 3
20 15 11 680 8
18 8 19 110 7
13 18 10 545 4
14 20 13 638 3
5 8 15 190 6
4 9 14 175 5
1 17 7 373 3
4 4 13 470 7
8 9 12 660 2
2 4 11 565 6
4 5 18 592 2
10 16 6 142 5
2 14 14 678 2
6 11 8 413 10
20 15 1 468 9
17 2 4 224 5
19 4 11 405 1
5 19 17 675 10
20 6 20 195 7
4 4 13 34 9
3 13 14 461 8
18 15 6 738 9
1 3 9 155 9
5 13 13 75 10
14 3 18 393 2
19 3 9 470 8
3 2 12 595 3
5 10 8 66 1
11 4 9 651 4
5 17 3 413 6
9 2 8 60 10
17 7 7 644 8
13 11 10 173 3
12 2 15 641 2
19 8 1 357 10
12 10 18 556 6
9 6 15 133 4
15 13 11 263 6
7 15 5 697 8
13 20 7 503 2
20 19 17 415 8
11 19 7 343 7
15 19 10 680 5
5 6 14 471 7
16 15 4 353 3
4 10 11 708 7
8 17 2 231 7
20 11 16 405 1
1 3 15 452 8
13 18 3 462 7
2 1 4 171 8
20 5 15 84 1
1 8 16 661 3
7 2 17 553 6
14 14 12 563 5
12 15 12 75 8
6 7 17 239 2
18 3 12 539 5
9 19 16 733 3
11 9 3 329 7
20 2 9 584 7
12 12 14 128 3
14 5 5 517 4
2 18 9 165 10
9 8 5 365 3
16 19 6 168 5
8 7 1 623 2
2 6 14 182 9
4 11 6 696 6
19 19 7 420 4
16 7 13 144 7
8 20 15 509 5
6 8 12 474 10
9 4 7 249 2
13 4 3 303 9
2 13 7 504 2
11 12 4 78 3
15 9 11 131 3
1 13 17 447 9
10 2 18 387 4
11 14 15 225 5
9 13 6 365 3
14 20 1 597 8
15 4 12 173 8
13 9 12 701 4
2 16 12 477 5
10 9 5 240 2
19 2 4 87 8
13 9 16 284 10
9 6 13 409 2
2 10 7 228 4
9 1 11 147 7
13 2 10 647 4
5 9 17 77 8
6 3 1 555 6
2 13 5 470 3
5 19 11 141 9
11 16 20 119 5
11 10 8 702 8
11 13 20 211 6
9 8 9 395 10
1 2 6 584 5
15 18 13 54 3
9 12 12 222 3
7 1 17 88 4
2 9 10 336 4
13 20 11 465 5
10 19 12 543 7
7 4 19 141 10
13 17 8 98 4
7 10 11 727 2
17 9 3 158 5
19 5 4 267 3
2 16 18 284 3
10 6 11 697 6
10 4 2 437 5
10 4 18 134 6
15 12 16 348 7
17 2 9 448 9
4 17 8 515 6
15 18 7 327 10
3 11 12 675 3
8 9 4 696 7
16 2 4 230 2
16 7 17 61 8
16 14 5 44 8
3 2 7 660 6
8 19 1 49 7
18 15 20 546 2
12 9 11 395 3
1 15 7 520 9
18 14 4 317 4
13 2 20 82 2
17 4 6 164 1
2 15 20 568 2
9 9 11 655 4
6 17 7 184 7
2 10 5 43 4
17 7 1 538 4
6 17 2 452 9
6 15 20 338 9
13 15 11 83 6
6 4 12 228 9
2 17 11 109 6
3 10 12 621 8
8 18 7 68 1
18 20 8 467 8
18 3 7 348 1
16 12 4 445 10
8 15 3 65 5
7 1 15 175 3
18 3 17 547 6
12 1 11 38 10
13 16 16 468 8
17 15 1 108 9
20 18 20 266 4
6 11 19 64 7
20 10 13 301 5
5 17 1 544 6
6 14 8 685 7
12 14 1 192 8
17 17 9 374 4
2 10 12 248 8
16 19 8 505 10
2 4 10 79 4
13 2 11 583 2
11 6 14 66 6
12 8 11 309 2
7 11 12 55 3
8 20 10 314 6
9 1 15 557 7
4 1 9 707 1
9 8 5 385 6
3 8 10 325 3
2 13 7 424 1
16 5 10 254 9
6 6 3 460 6
16 10 13 408 2
14 17 12 219 6
1 20 13 167 1
9 14 5 230 1
9 17 5 181 6
19 19 15 232 1
15 19 20 625 10
7 3 4 478 7
6 7 20 238 6
20 19 5 553 5
13 9 11 46 8
2 7 15 551 10
9 5 3 592 6
5 14 2 313 10
12 10 4 322 1
1 7 17 529 10
2 3 18 336 8
13 1 4 71 8
15 10 9 112 1
4 13 7 190 10
20 17 14 464 6
17 1 11 67 5
13 3 11 126 6
11 11 12 97 7
7 6 7 568 3
17 15 14 237 6
19 3 8 234 8
3 2 15 105 6
1 1 12 211 2
8 19 12 161 5
17 12 1 99 2
15 1 13 162 1
6 9 16 215 2
20 15 18 124 10
11 7 18 464 1
7 17 20 486 9
13 20 8 297 1
7 9 20 233 7
11 2 12 448 6
5 8 18 479 5
10 2 12 51 7
12 4 15 150 5
3 1 18 239 7
13 20 6 161 4
1 17 6 404 2
4 7 20 438 8
13 14 5 266 6
