450
11 5 16 524 7
5 5 19 628 8
10 6 18 181 1
16 5 9 527 2
17 6 15 169 7
20 13 8 504 8
9 6 20 540 4
15 3 20 566 7
15 5 20 176 2
16 5 13 601 3
14 18 12 459 8
7 9 7 387 6
7 18 20 147 4
20 11 14 139 1
15 13 8 283 1
9 20 17 278 6
17 5 19 546 3
10 8 19 584 4
5 5 13 733 10
6 18 20 124 7
2 11 4 307 4
19 12 14 96 3
16 2 8 29 5
16 18 7 57 6
9 20 9 275 4
9 4 13 402 10
17 15 5 483 2
17 16 7 476 6
13 12 19 608 7
4 14 14 377 2
12 16 7 796 5
20 8 13 893 7
3 6 12 28 9
17 14 14 821 6
12 2 4 637 2
16 10 19 227 5
11 19 19 613 2
20 5 9 62 5
18 3 20 138 4
13 5 20 146 9
15 20 20 222 3
13 19 5 420 2
14 17 9 483 8
12 2 13 598 5
9 9 20 80 4
20 19 13 720 3
20 13 16 360 8
10 5 16 83 5
20 19 20 119 2
19 7 14 689 9
7 5 14 377 7
19 7 14 504 6
17 14 8 579 5
11 2 10 851 10
4 20 10 144 7
16 12 20 666 9
3 17 12 96 5
12 7 14 365 7
5 12 3 655 3
9 4 7 416 7
6 13 18 120 8
1 18 18 235 10
5 4 3 212 8
8 11 4 150 7
8 5 18 271 8
10 4 11 599 3
1 19 18 803 1
20 9 13 409 6
3 6 13 250 9
19 7 11 507 7
2 19 3 26 7
10 20 5 817 2
18 18 17 260 8
7 12 2 387 2
10 13 3 197 10
20 15 16 806 8
16 13 11 41 9
18 2 2 383 4
13 18 10 904 4
5 14 17 518 5
13 12 3 755 6
4 18 9 239 6
2 14 10 275 6
16 15 3 108 1
16 17 19 149 7
19 11 3 518 10
7 16 19 394 2
7 10 4 682 3
15 13 5 601 10
11 10 18 102 8
5 13 5 67 4
12 8 20 570 5
15 14 6 133 6
15 19 16 310 1
1 3 2 816 10
17 2 9 741 5
15 7 15 260 3
8 6 10 680 3
17 1 4 594 2
11 17 2 423 5
9 14 18 342 4
17 19 19 179 2
2 3 18 849 10
15 18 2 385 10
3 7 12 265 5
14 9 9 834 4
5 10 11 313 9
4 8 20 209 10
11 13 6 154 9
6 13 9 565 3
13 2 18 207 9
18 1 7 141 3
16 19 15 285 4
14 9 6 593 3
20 6 2 423 4
12 17 11 630 4
5 9 6 103 5
17 8 4 636 7
16 15 20 187 1
10 12 17 632 10
5 11 7 885 1
4 6 10 629 10
12 6 13 300 4
13 13 18 165 1
6 7 6 410 6
5 9 12 772 5
18 20 16 533 4
20 15 1 746 9
18 1 15 114 3
16 19 13 147 10
19 17 8 455 7
10 12 4 571 7
9 6 15 398 9
18 20 2 553 5
5 7 13 238 3
17 18 3 725 8
4 8 10 389 8
3 11 20 589 5
13 19 6 184 5
12 5 13 926 9
11 12 19 695 8
9 6 20 120 8
4 15 5 722 9
2 13 12 517 8
1 19 19 421 1
11 14 1 135 9
18 11 20 925 7
6 19 2 68 6
12 17 7 266 4
8 17 1 824 1
3 7 13 104 2
11 6 10 781 4
14 17 13 675 10
13 16 1 745 5
10 15 7 718 8
13 8 13 39 2
10 6 18 827 1
10 11 12 425 8
10 14 20 295 4
19 12 18 434 2
6 12 9 851 4
10 16 12 459 7
7 15 8 259 9
7 4 2 747 2
16 9 8 283 2
7 12 6 427 7
3 10 3 191 9
16 8 20 391 3
2 19 6 588 9
14 20 15 284 6
9 1 10 208 7
9 1 6 96 10
6 15 10 310 3
19 1 17 542 4
8 4 4 684 4
12 10 16 806 1
8 3 5 423 4
3 9 19 38 7
17 4 14 546 8
8 2 5 182 9
4 11 11 66 5
5 2 15 298 8
8 11 5 503 8
18 17 20 238 3
18 6 20 447 6
7 4 3 606 5
7 18 15 267 3
18 5 4 120 4
20 8 20 611 5
3 13 20 582 5
5 18 1 774 2
12 18 14 819 5
17 7 7 178 4
18 11 16 197 7
4 14 16 419 8
8 10 16 626 1
7 17 14 572 8
12 6 19 277 6
16 11 7 287 9
6 7 17 83 4
4 11 16 830 6
5 19 5 741 5
16 1 2 371 4
7 4 13 890 1
5 17 1 55 1
14 1 9 239 5
13 13 4 556 1
11 13 4 141 5
20 20 2 621 7
6 4 15 908 8
17 18 7 860 8
1 19 12 920 2
16 12 9 173 10
18 20 10 500 9
14 2 9 536 5
9 1 19 401 5
3 14 12 594 8
13 3 16 676 5
2 15 9 332 5
10 14 7 535 5
5 2 1 354 1
16 9 8 880 1
4 1 6 401 6
15 11 10 771 10
17 4 3 653 3
18 7 13 656 9
15 7 8 433 5
14 10 8 64 1
10 6 2 531 4
17 2 1 141 8
16 14 12 352 3
16 18 9 364 8
10 14 17 716 6
1 5 9 876 1
18 3 19 386 9
9 12 17 705 9
5 19 8 261 8
6 19 5 561 1
7 16 11 806 10
11 20 3 702 10
12 14 11 748 7
11 17 6 57 10
17 18 8 330 6
8 15 20 664 3
3 3 19 546 1
18 14 12 745 4
7 6 19 236 2
18 5 19 600 3
1 6 4 833 4
2 7 20 332 7
20 14 10 89 7
15 8 5 859 9
1 3 11 171 2
8 2 9 791 3
15 17 6 471 7
4 15 5 250 3
1 10 10 819 2
13 14 15 286 5
20 6 20 522 1
5 18 4 229 6
20 12 13 114 4
13 12 20 527 2
10 2 8 831 8
20 1 6 287 10
14 6 15 543 4
10 3 8 578 5
4 10 17 167 1
11 11 13 579 2
9 14 3 793 7
19 5 18 407 8
12 1 15 340 7
6 8 5 690 9
17 19 13 391 10
10 1 8 838 7
15 4 16 862 1
19 3 18 441 1
14 16 7 863 7
4 19 17 158 9
7 12 15 875 6
16 14 1 119 5
14 3 20 622 1
17 7 9 180 4
6 7 5 813 2
19 14 18 109 3
2 12 5 519 8
19 3 13 723 9
1 20 5 194 1
8 16 1 510 4
10 16 1 287 10
8 9 19 868 1
5 4 13 695 4
10 20 6 631 3
6 13 16 175 10
18 7 9 125 10
18 1 9 325 1
12 4 6 732 2
9 7 20 210 6
7 15 19 155 2
20 7 2 245 9
17 5 12 370 6
12 15 8 657 1
16 5 11 377 5
6 4 3 731 5
18 9 5 299 7
7 13 4 584 4
14 20 19 122 8
14 12 18 582 10
7 12 10 330 2
4 20 6 886 6
4 8 10 840 8
1 10 12 358 7
4 10 15 333 1
2 6 9 884 3
9 4 16 773 9
14 16 10 843 5
4 4 11 578 3
19 4 13 420 7
8 13 20 353 6
18 19 13 567 3
18 19 11 755 5
18 13 19 892 8
13 7 19 141 5
7 15 7 688 6
2 5 18 187 6
5 18 20 883 4
13 13 9 665 1
10 12 9 878 7
14 5 2 322 9
5 13 4 869 7
18 6 4 365 2
20 10 3 825 2
3 9 2 27 9
8 16 19 658 9
11 15 3 174 5
19 17 15 939 2
4 11 14 220 9
12 5 14 198 1
19 3 1 258 2
17 18 13 52 1
7 2 7 83 10
20 1 7 386 5
8 8 2 162 8
20 8 1 677 6
18 12 20 462 7
13 7 3 726 7
13 20 8 65 5
14 8 4 700 2
14 1 7 692 8
3 20 13 896 9
14 20 1 474 9
10 19 1 296 5
15 20 1 554 1
13 4 7 279 7
12 5 4 510 4
12 10 9 584 5
12 12 15 233 3
8 7 20 122 10
9 14 19 402 1
6 3 13 579 2
3 5 4 184 10
18 8 7 41 9
6 17 15 304 8
9 7 2 534 6
13 9 13 446 3
8 12 8 896 5
16 9 16 524 4
17 13 10 590 4
15 18 19 499 7
14 3 3 335 5
17 18 12 329 8
13 20 5 122 5
14 20 2 226 4
12 10 11 446 4
10 17 20 372 7
20 10 15 647 10
17 6 12 836 6
4 6 17 592 4
11 15 10 688 5
5 16 15 849 10
19 5 15 367 5
5 20 17 910 3
2 13 19 761 2
4 10 3 762 2
4 10 15 445 1
8 17 11 783 6
13 10 12 764 4
9 20 10 138 7
15 13 12 721 1
15 2 8 30 7
11 19 16 49 5
1 14 15 753 6
13 4 16 844 5
13 15 6 264 9
8 16 8 363 7
17 12 6 737 10
4 11 16 797 2
17 16 1 884 4
16 4 7 672 8
7 14 7 653 5
16 2 12 382 7
1 15 19 846 3
13 14 19 352 2
2 5 6 848 3
18 5 6 380 3
14 10 9 213 10
20 13 3 637 3
17 8 8 596 7
11 12 14 759 9
2 20 3 124 8
18 14 8 185 5
9 8 12 429 7
15 13 7 629 9
7 6 6 291 5
4 7 7 229 2
11 18 3 772 3
15 14 11 655 9
11 10 5 227 7
10 8 20 573 6
4 1 12 890 4
2 6 12 707 8
6 12 15 599 10
18 17 4 421 10
11 16 12 894 2
11 3 13 202 9
2 14 9 203 3
7 6 20 616 2
16 10 9 151 8
20 13 14 256 9
19 13 18 373 7
2 15 9 201 10
16 18 14 855 5
17 18 5 790 9
10 19 16 164 4
8 1 14 800 3
20 19 4 160 5
17 8 6 736 7
5 11 14 480 1
19 6 5 38 1
2 18 20 307 1
2 6 3 336 2
1 5 7 786 4
2 14 7 497 10
4 20 17 118 4
7 15 14 752 2
5 20 16 706 10
20 15 10 231 9
4 18 15 709 3
8 10 17 443 10
2 17 2 830 3
20 15 6 583 8
