100
7 7 2 85 1
7 4 9 26 1
19 19 18 201 6
12 15 8 73 8
1 16 17 138 3
7 5 7 132 6
4 10 7 134 7
15 18 2 66 9
15 3 14 60 7
3 4 10 166 7
15 1 12 99 10
9 13 1 29 6
4 17 9 172 10
2 2 13 211 10
14 6 2 57 5
17 8 4 42 1
4 13 4 193 5
5 4 14 40 9
5 9 11 57 3
20 1 10 172 9
8 18 9 54 2
10 10 11 34 4
20 2 1 185 5
14 13 2 169 4
9 1 12 94 3
1 10 8 90 3
15 10 18 153 1
5 18 5 217 8
6 3 2 170 6
7 2 1 138 2
15 11 17 52 7
14 8 4 143 1
10 10 4 71 10
7 16 11 136 7
19 11 10 237 9
8 6 4 45 9
17 14 1 185 3
9 20 18 115 10
13 3 11 121 4
19 19 2 67 6
3 9 6 68 6
16 3 11 71 4
4 2 14 146 7
9 20 9 182 1
4 12 12 203 10
6 13 10 117 2
5 16 18 48 1
12 6 4 175 3
6 8 7 66 8
6 5 18 227 9
2 9 18 196 1
3 6 13 78 10
7 19 13 68 10
6 18 6 64 5
15 19 19 72 7
6 4 14 41 7
15 16 20 187 10
14 3 16 193 8
17 13 15 107 6
20 10 19 202 2
7 3 4 77 2
12 12 16 77 2
18 11 7 229 2
15 18 5 237 10
1 5 5 190 3
19 15 13 150 6
19 4 1 79 3
10 20 10 177 3
8 6 19 196 10
18 15 15 100 7
3 4 16 185 7
8 10 5 53 6
7 8 20 102 1
9 13 17 203 9
16 9 10 158 9
20 10 8 130 2
14 3 18 88 1
7 4 2 128 7
4 11 10 120 4
8 11 12 104 7
12 1 16 127 7
8 1 2 116 1
4 5 12 151 6
15 13 11 236 1
16 9 19 204 4
3 15 7 186 5
18 14 4 72 9
4 5 7 154 10
19 20 14 76 10
18 16 6 122 7
5 5 2 43 1
5 2 6 162 3
11 11 1 198 2
8 15 17 188 7
10 20 3 122 10
3 16 12 166 5
20 20 13 141 5
18 16 7 138 6
10 14 4 31 4
6 8 10 122 6
