50
6 5 6 60 9
5 19 14 44 1
9 14 15 55 4
11 12 15 125 9
17 8 18 128 1
17 5 6 107 5
18 2 14 98 8
19 18 16 143 3
10 20 7 84 8
17 2 2 55 1
9 19 20 139 4
3 20 20 104 1
18 15 1 126 6
5 3 19 100 7
11 3 6 101 7
18 4 15 47 3
9 17 7 74 10
19 16 13 129 3
17 16 10 101 3
17 12 1 71 7
18 4 11 70 2
5 9 18 37 5
5 6 4 109 5
15 17 11 96 8
11 15 8 89 10
17 2 6 125 1
13 19 17 113 6
2 5 9 66 3
12 8 2 43 7
12 5 6 77 9
16 17 1 98 10
2 1 7 26 4
14 10 2 105 10
10 17 7 41 9
7 14 7 62 8
1 14 5 67 3
13 1 1 52 4
11 20 4 111 1
10 15 5 92 2
7 14 14 124 3
17 12 17 88 4
20 13 3 77 7
10 2 9 47 4
17 4 9 70 6
1 16 13 70 9
7 3 13 90 9
11 1 10 81 5
3 5 19 47 8
12 15 8 89 10
10 17 5 117 5
