150
6 5 16 211 10
8 13 4 275 8
5 3 15 266 5
19 9 17 280 2
9 5 8 219 5
13 20 11 156 9
10 4 7 198 9
15 6 4 66 4
9 5 1 221 9
13 16 17 278 7
5 15 20 275 6
19 11 18 336 7
2 17 10 149 4
19 20 10 211 8
5 17 13 147 5
3 5 17 263 6
14 13 10 313 6
16 1 7 207 7
12 18 14 80 5
10 2 4 92 7
9 2 5 210 5
4 9 3 303 10
15 3 20 135 1
7 6 19 196 6
20 16 16 120 10
5 9 6 132 4
18 18 12 58 5
4 14 16 107 8
1 7 2 21 1
18 11 6 100 7
1 7 13 212 3
17 8 20 57 4
2 10 5 159 2
4 11 3 133 7
15 16 1 118 8
5 18 14 228 3
13 8 8 298 8
8 13 9 172 6
10 4 8 43 8
2 19 6 79 2
20 6 20 293 6
8 12 5 206 10
16 4 9 273 10
1 11 20 319 5
6 14 20 277 9
9 7 9 189 10
20 8 7 58 2
9 19 8 162 7
19 18 16 344 9
12 12 8 220 6
9 18 17 318 6
20 9 9 185 6
16 16 6 158 8
19 20 12 277 3
15 17 19 205 1
7 4 5 224 6
10 12 1 308 3
4 16 20 325 1
1 16 18 266 10
19 14 7 60 3
14 18 12 268 4
15 10 18 331 9
11 19 15 65 1
9 12 2 139 3
12 4 19 333 3
11 3 14 94 1
14 16 15 234 6
8 6 1 89 5
16 4 18 333 4
20 2 4 104 10
2 8 8 267 3
16 10 3 65 9
10 2 13 225 7
8 8 12 305 6
13 2 16 191 1
15 1 8 43 10
19 16 3 138 4
19 1 2 299 10
2 20 11 293 4
1 4 1 257 3
2 11 1 209 9
19 13 2 208 3
15 7 12 200 4
19 15 7 223 4
18 15 14 127 7
5 11 8 311 2
11 19 10 218 5
3 14 20 196 4
1 9 17 304 2
15 11 14 308 3
15 13 14 166 6
13 9 17 66 5
10 9 1 198 9
10 13 3 130 10
7 20 12 323 1
18 20 7 187 4
14 5 18 313 3
17 5 9 119 4
6 4 6 76 8
14 5 20 301 8
2 16 9 171 5
7 19 9 256 5
8 19 19 332 10
13 18 8 78 3
2 8 19 58 8
6 3 5 240 9
12 12 19 61 7
9 1 10 233 5
18 6 11 293 10
15 17 3 314 2
8 9 4 97 1
13 5 4 167 9
5 7 8 157 10
13 4 16 175 6
17 19 12 73 4
5 19 16 316 9
3 2 2 124 9
14 1 19 238 8
18 15 5 78 3
11 14 12 335 1
6 6 6 73 3
16 10 14 238 5
4 11 14 117 2
20 8 9 101 2
15 18 20 263 2
3 7 20 274 4
13 15 8 85 7
10 12 6 62 10
11 14 5 206 3
9 8 4 296 1
19 16 13 251 2
13 8 9 60 1
5 20 15 173 1
16 9 14 68 6
1 8 1 152 4
19 4 7 310 9
1 12 8 34 10
17 3 15 149 8
16 10 7 171 4
3 10 7 211 6
4 17 13 301 2
11 11 5 75 2
11 11 2 319 5
14 16 14 337 7
9 4 10 188 9
20 11 9 190 7
14 8 16 199 9
18 9 9 60 9
14 7 11 52 5
13 15 2 322 3
