300
18 14 14 337 8
4 7 14 498 8
15 20 1 291 8
12 6 14 394 1
18 14 15 618 2
8 8 13 505 2
14 6 13 186 10
6 14 7 198 6
7 13 3 285 10
6 2 2 368 2
19 19 12 298 10
2 13 7 325 2
5 14 11 323 1
16 14 20 182 5
16 2 20 59 1
10 8 1 70 5
20 18 2 279 6
12 15 10 237 9
9 18 12 615 1
14 2 20 167 9
17 1 1 581 4
16 7 7 627 9
5 11 6 401 2
2 20 6 420 10
13 10 11 176 10
8 18 9 487 1
20 15 2 167 7
4 9 14 203 7
16 19 16 543 3
2 6 16 570 7
12 10 8 83 10
5 1 10 58 6
8 2 5 241 2
13 3 3 568 3
12 7 16 354 7
14 19 6 543 4
18 12 20 543 10
19 11 10 572 2
4 14 1 520 1
18 11 13 352 1
8 14 17 101 4
11 13 9 599 1
4 19 15 88 9
5 10 19 466 1
15 16 2 280 1
3 19 9 229 6
18 16 11 240 5
3 14 9 211 9
14 13 6 604 6
9 13 7 83 9
13 18 20 281 4
19 5 7 236 1
15 19 20 620 10
4 19 20 437 7
18 7 3 329 7
14 8 8 160 8
8 16 5 515 2
19 16 11 448 1
15 2 18 438 2
2 12 20 113 1
12 2 14 520 5
1 4 12 322 6
19 15 5 571 9
1 19 14 128 7
18 1 16 511 5
7 6 10 588 2
20 20 10 332 5
7 12 3 220 9
3 19 13 165 2
4 5 15 136 5
1 8 18 231 4
18 7 20 473 7
5 20 2 219 8
6 15 13 588 10
4 13 4 301 2
12 12 7 50 9
14 19 3 163 3
15 1 15 132 1
3 7 18 189 3
3 3 17 488 3
1 10 20 530 1
19 9 17 344 9
4 18 6 515 5
8 12 12 333 3
17 9 8 45 5
1 8 16 434 2
5 1 20 158 7
9 17 6 493 5
10 17 3 57 3
1 3 5 63 10
15 6 16 69 3
17 8 14 370 3
6 6 16 178 3
15 9 20 552 10
9 20 11 344 10
9 11 7 94 9
12 3 16 345 3
10 19 6 246 2
9 5 12 259 4
13 12 13 626 1
13 15 7 371 4
6 9 12 517 1
4 9 16 78 10
13 7 12 41 4
14 12 15 91 3
4 20 4 587 8
4 8 15 181 1
7 18 15 103 5
19 6 17 280 5
5 2 12 142 8
15 19 15 560 2
8 15 5 350 5
1 14 9 571 10
8 2 11 292 1
14 11 9 530 5
3 12 3 500 9
10 13 16 165 10
10 11 13 280 2
3 12 17 483 6
11 4 19 487 6
17 3 18 79 10
2 15 2 219 7
19 1 2 367 8
20 3 15 86 4
19 15 8 75 2
3 2 7 129 7
3 8 13 614 6
10 15 7 352 9
13 1 8 599 6
11 6 7 222 7
1 2 4 338 3
14 3 15 204 10
18 10 8 333 5
1 9 5 100 3
20 18 2 115 6
10 20 15 203 8
10 2 16 472 8
15 6 1 226 4
7 2 13 150 9
1 9 18 101 6
4 10 5 84 6
3 4 8 232 9
16 9 10 423 5
11 9 18 371 4
2 5 12 405 9
14 20 18 511 7
19 7 2 80 10
8 1 19 290 3
12 5 15 85 5
12 20 18 164 9
7 6 2 111 3
13 11 14 632 1
8 8 18 272 2
1 15 13 482 7
19 15 7 519 8
11 6 3 309 6
19 7 6 575 6
19 14 17 566 3
3 2 8 226 1
10 13 3 30 10
4 18 4 45 9
13 10 12 574 7
3 10 2 426 1
1 19 12 95 4
10 14 14 589 5
11 5 2 219 5
16 19 12 589 1
12 8 9 512 7
8 15 12 252 10
20 15 2 601 9
12 4 20 530 2
8 6 13 622 3
6 14 14 208 9
15 6 7 424 9
12 16 13 105 8
14 3 11 514 1
14 12 8 109 1
14 9 15 452 3
17 19 1 450 1
5 8 20 58 4
4 2 15 71 1
10 7 18 62 9
15 14 16 223 2
11 3 1 70 9
12 19 16 479 8
11 6 3 73 3
2 3 17 486 7
17 13 6 478 10
5 14 8 259 7
4 9 20 551 3
5 15 14 602 2
6 4 5 290 1
8 6 13 392 10
10 3 18 134 4
6 5 11 265 9
8 13 17 105 9
13 18 8 634 6
8 17 15 420 3
7 4 14 155 7
2 1 17 317 3
11 13 20 391 2
14 11 15 561 9
19 1 3 554 5
15 15 6 62 8
3 18 12 112 6
15 14 18 575 3
8 8 15 450 10
2 8 3 46 2
11 18 20 417 7
5 2 13 595 3
1 12 6 394 3
1 4 14 25 6
14 15 11 120 7
9 19 12 379 5
3 7 18 149 2
13 18 6 201 7
11 9 6 594 6
18 1 17 514 5
15 15 12 564 10
12 2 8 326 4
15 6 15 516 5
6 19 1 561 10
13 8 7 72 9
16 3 14 228 1
9 15 3 170 5
9 2 3 121 7
19 10 10 589 4
7 11 19 89 4
14 3 15 347 5
12 13 18 415 1
12 8 4 231 1
9 20 16 490 2
3 1 19 497 6
3 8 20 177 8
13 8 18 49 3
14 17 3 604 6
5 13 8 129 5
6 2 20 168 4
13 13 5 308 9
16 19 4 553 3
9 19 18 530 1
14 6 8 601 9
2 18 18 408 6
8 10 20 364 4
20 17 4 411 1
8 18 19 189 10
13 13 11 222 4
5 20 19 274 3
3 4 4 92 1
11 11 18 102 3
16 8 8 442 7
3 18 2 69 4
7 18 14 145 3
9 20 19 116 1
1 6 15 398 8
6 18 7 212 10
16 9 19 605 9
16 10 12 398 1
8 8 11 189 3
20 6 20 253 1
8 12 17 154 7
5 11 1 501 5
13 6 17 352 6
5 20 6 625 6
7 15 10 343 2
7 12 12 346 4
11 8 18 615 2
11 18 16 206 3
7 1 9 219 2
6 19 17 138 1
2 6 8 407 3
13 9 17 167 2
6 10 12 313 10
1 13 16 385 1
11 17 14 601 7
18 18 14 147 5
6 20 8 633 4
5 14 11 540 1
2 14 9 379 3
5 6 20 320 4
19 13 10 565 7
15 13 20 648 1
2 10 12 485 9
2 12 10 283 6
11 13 12 300 9
9 20 18 292 4
4 8 18 563 6
17 1 20 265 3
9 7 6 136 4
9 8 11 565 4
7 16 9 291 2
5 7 4 578 7
7 12 19 131 6
4 7 15 548 7
4 2 10 440 8
9 11 14 362 10
19 1 3 409 7
4 4 8 433 1
16 7 16 346 7
19 6 18 399 5
