400
13 19 20 499 4
16 6 9 780 5
11 19 2 363 1
13 8 19 460 4
11 18 9 516 3
15 15 2 578 10
19 11 4 444 6
3 8 12 621 3
4 16 11 331 3
19 10 11 589 2
10 7 6 694 4
9 20 15 76 3
8 20 18 291 9
13 2 14 663 3
13 20 8 539 2
16 15 13 502 3
8 4 2 378 3
1 12 4 378 7
16 7 15 838 6
11 9 11 464 6
16 9 13 437 1
12 2 9 601 8
3 19 19 590 1
12 18 14 775 5
11 5 11 299 9
8 3 13 712 3
18 7 15 45 1
13 19 20 254 7
2 3 5 716 7
10 18 8 814 2
13 10 5 38 3
15 19 14 233 5
11 14 12 507 4
13 5 1 577 9
6 17 7 248 5
2 4 12 756 6
3 5 18 582 4
3 3 13 495 3
2 11 18 331 7
8 4 15 711 7
15 8 3 184 5
3 8 15 646 5
19 5 1 734 4
17 7 14 820 1
20 3 19 79 9
6 18 15 679 7
5 7 12 685 7
2 5 18 805 2
8 4 4 537 2
20 6 10 240 6
12 12 5 795 4
18 17 18 558 1
13 8 5 306 9
14 19 18 557 4
7 13 9 596 6
5 14 18 817 1
13 6 4 413 2
1 10 11 613 1
20 5 13 126 4
13 11 12 219 4
16 16 9 180 1
12 11 9 565 9
7 20 10 214 5
4 6 10 118 8
3 6 18 575 5
5 17 1 540 5
14 6 9 723 8
20 17 9 314 5
13 5 17 565 4
19 18 4 683 6
7 18 14 808 4
20 15 12 730 2
18 14 18 265 3
15 7 15 229 2
14 7 19 834 6
20 13 19 443 6
9 1 2 796 3
8 18 5 240 2
5 15 15 63 7
6 16 6 168 6
4 11 13 514 8
11 14 1 413 10
18 1 1 312 7
14 4 1 441 10
19 9 3 605 4
16 1 3 100 5
13 9 13 278 1
16 12 19 76 4
1 16 11 405 5
5 19 17 261 5
11 7 17 517 6
9 4 16 248 9
17 15 3 222 4
10 20 17 78 2
3 8 7 543 2
16 18 20 711 2
5 4 11 613 10
7 14 3 816 10
5 6 7 730 1
14 1 1 748 2
18 8 11 837 8
3 14 8 124 1
7 15 7 382 4
17 8 9 472 10
9 3 15 661 6
12 12 8 493 8
6 7 6 69 8
18 15 20 240 10
10 15 11 426 9
6 15 10 539 5
19 10 14 55 10
19 4 16 806 4
6 8 18 79 6
14 11 6 139 4
3 1 3 553 7
8 10 4 434 4
6 15 5 32 2
14 5 12 394 9
9 10 2 634 10
12 12 11 828 8
10 16 18 652 5
19 13 4 100 1
20 6 12 298 9
18 7 7 698 10
20 18 20 554 1
5 11 6 188 2
11 19 15 259 9
18 18 2 595 1
9 3 20 64 3
18 9 15 763 3
15 15 15 572 4
10 19 12 723 10
17 17 20 581 9
20 20 3 810 9
12 4 10 723 7
6 1 6 245 5
7 19 10 242 8
18 10 19 679 7
19 1 1 167 2
9 5 6 167 1
8 18 19 138 4
14 19 13 513 5
15 16 1 236 9
19 16 12 141 10
6 9 6 109 5
16 9 2 185 4
15 5 1 326 10
6 15 6 362 5
4 6 19 686 4
6 14 5 213 2
17 10 3 736 5
6 11 15 83 2
17 17 9 602 6
8 19 6 339 8
10 4 2 706 3
11 3 14 743 10
4 15 12 597 8
3 11 12 435 9
20 3 4 320 7
9 19 12 781 1
19 6 4 263 5
10 18 4 718 1
20 4 14 703 2
2 4 9 180 10
3 7 14 575 9
12 18 14 563 4
15 11 3 568 5
9 6 3 410 4
1 18 9 320 4
6 13 2 707 6
16 2 3 85 9
2 4 12 582 6
1 15 13 765 8
16 20 3 77 1
7 13 4 547 8
15 7 5 165 8
14 6 12 686 1
2 11 15 233 3
19 10 7 808 2
8 16 20 673 1
14 19 8 264 6
14 19 16 423 5
19 14 16 261 1
18 5 8 763 4
1 6 6 134 1
9 15 8 82 6
20 4 8 108 4
10 19 14 621 7
9 9 1 386 1
8 8 3 795 2
17 19 11 577 8
6 10 1 558 2
18 16 17 423 8
17 18 1 775 8
8 4 8 111 10
9 9 2 71 4
13 5 3 748 9
11 10 10 594 4
10 16 13 126 7
17 15 6 130 4
19 20 1 533 9
18 4 14 804 10
11 4 9 774 9
2 14 3 173 3
2 4 13 690 5
10 19 3 251 5
1 8 1 401 8
6 16 11 307 9
8 20 2 44 3
17 16 17 801 5
11 1 7 594 8
11 15 7 693 8
1 17 7 232 7
14 12 13 589 2
8 4 9 117 1
14 6 11 680 1
10 2 8 37 4
3 19 5 336 5
20 9 20 561 4
17 8 6 50 1
1 16 20 600 2
19 15 11 449 10
19 20 4 317 8
10 10 16 780 3
17 19 2 502 4
11 14 7 690 7
7 18 20 203 6
18 19 1 581 8
8 5 13 553 7
2 19 6 63 8
20 13 16 617 10
6 16 2 411 2
17 7 7 51 2
18 6 16 170 10
10 18 5 149 7
12 14 5 708 3
10 18 13 43 6
4 6 17 191 4
10 15 20 642 6
15 12 6 453 7
12 8 13 549 8
11 8 4 222 4
16 14 15 661 4
4 2 14 294 8
7 5 2 97 1
17 4 10 775 2
8 4 20 761 9
6 11 20 295 3
1 1 20 425 7
20 10 10 659 5
15 6 10 376 10
8 19 4 698 4
12 14 14 644 8
14 18 20 523 1
10 2 3 304 9
16 12 20 345 7
5 19 20 341 9
6 18 18 229 2
12 11 8 78 1
20 20 11 737 5
18 7 7 638 10
20 20 4 786 4
2 20 14 244 1
11 15 3 295 3
11 18 16 724 10
5 18 20 326 9
1 6 18 301 6
5 5 1 306 9
11 16 12 483 4
5 2 5 217 5
10 14 17 220 6
12 16 13 772 3
7 8 4 212 6
11 12 3 198 3
20 12 17 118 3
1 8 12 103 5
10 20 7 517 6
7 20 14 242 4
17 18 15 273 6
6 2 1 397 4
19 6 1 605 5
10 7 3 413 3
15 1 20 774 5
12 14 20 97 3
3 3 7 76 9
6 15 8 729 7
3 13 17 433 3
7 18 15 710 2
20 15 8 393 4
13 20 1 395 8
18 14 3 424 7
16 8 18 135 4
11 9 19 316 9
19 20 12 509 7
6 5 1 311 5
10 5 10 117 7
14 18 6 544 9
4 4 15 619 4
3 7 16 703 3
20 16 1 153 8
10 6 17 176 7
17 16 19 691 1
5 12 8 157 7
4 5 3 616 2
7 16 1 340 9
9 13 5 41 5
12 1 4 650 1
18 19 18 346 8
18 4 12 674 1
12 15 1 108 10
15 15 20 220 4
17 12 17 158 9
17 12 14 547 10
5 8 18 761 10
16 10 3 168 8
13 7 8 410 1
4 9 3 71 4
17 5 8 255 5
1 19 10 638 9
6 6 13 435 2
4 17 4 90 1
20 7 5 272 9
6 13 7 645 8
6 17 1 99 6
1 15 11 392 10
17 1 2 360 7
2 19 19 696 2
13 5 7 299 1
3 14 14 245 7
2 10 13 699 5
17 12 16 215 9
9 14 1 579 7
18 17 2 822 4
17 16 9 327 2
2 8 14 613 4
16 19 7 728 2
17 1 3 323 10
14 2 8 212 4
18 15 5 203 9
19 14 11 68 6
1 6 15 364 4
5 17 7 247 8
7 5 13 222 4
2 2 6 300 5
3 13 19 278 5
3 18 7 593 6
6 11 12 612 10
1 3 4 313 4
19 14 6 489 4
18 16 19 245 1
20 7 6 366 2
15 7 8 688 8
8 4 2 305 3
3 9 15 292 8
20 14 6 445 7
11 8 3 335 1
4 13 19 772 8
7 3 15 158 4
8 20 4 227 1
5 6 12 340 3
9 15 3 359 9
15 3 13 229 3
1 3 11 737 10
4 14 1 596 6
18 3 13 129 1
15 8 3 230 8
8 7 18 548 4
15 18 19 453 7
2 12 1 444 5
2 9 11 524 6
1 4 9 714 4
3 5 4 424 5
11 20 6 137 3
15 10 2 729 5
2 9 1 115 1
18 17 17 127 5
7 5 20 568 6
10 10 4 269 9
6 10 2 271 8
20 6 10 768 6
7 5 19 497 2
3 6 12 294 9
9 16 18 619 8
20 7 4 406 5
19 20 20 489 5
5 11 13 93 8
15 16 9 559 1
11 18 5 179 4
11 4 2 336 6
7 12 10 216 9
6 17 19 319 9
16 3 8 694 9
5 8 8 178 5
4 20 9 260 10
11 16 17 468 7
18 13 10 298 3
17 4 16 263 3
19 11 9 668 5
17 4 11 183 5
15 5 10 618 8
