400
14 5 6 374 10
11 7 13 1949 9
14 7 6 1370 5
2 5 13 430 2
4 5 6 1490 15
14 6 7 655 12
11 6 11 819 10
4 14 13 1033 10
10 4 10 525 19
13 6 5 1598 12
11 2 8 916 18
9 11 14 836 3
11 2 13 895 3
10 4 4 870 10
12 5 5 291 5
5 2 4 403 1
14 10 13 669 4
4 3 6 228 6
7 11 11 1934 6
11 13 5 659 17
3 6 5 391 11
8 14 11 1668 19
7 6 10 1909 1
8 12 10 1933 2
6 4 10 146 12
4 12 11 1724 7
13 13 8 1629 15
2 8 2 1980 12
12 13 9 169 13
4 4 3 1617 10
7 9 10 1802 11
3 2 6 265 15
11 10 14 1487 14
2 14 9 1461 9
10 7 2 1319 15
5 2 13 510 18
14 2 13 1629 8
11 13 11 807 7
8 12 8 1197 18
10 14 10 874 16
7 9 9 782 6
14 13 7 636 7
13 9 9 1940 16
8 12 13 524 2
4 9 6 868 6
4 5 4 1267 13
8 10 3 1677 2
9 14 11 1262 3
2 4 11 1292 5
12 8 12 511 8
6 7 8 334 6
3 7 14 833 8
8 13 13 1046 3
12 11 9 1956 7
6 2 8 1251 10
9 9 14 1868 4
14 5 7 1471 11
7 7 5 1797 8
4 10 12 47 4
13 2 11 724 14
13 3 13 297 16
13 14 7 1219 3
13 2 2 1312 13
8 12 10 146 2
10 12 14 217 4
3 8 4 1485 19
13 7 11 1397 16
7 12 2 177 8
11 2 14 864 2
12 14 14 434 8
2 7 5 1608 16
7 13 6 1952 11
3 4 12 854 2
3 8 3 1176 16
6 4 2 440 7
4 11 2 1660 18
7 7 5 1083 5
8 11 8 524 4
8 6 10 710 17
6 6 6 1514 12
3 9 3 1470 6
14 3 10 195 13
8 5 3 1470 14
12 10 11 939 11
6 12 14 255 12
14 5 14 1088 17
12 14 14 1667 5
5 6 4 840 4
2 5 12 1287 18
6 12 6 1953 15
6 8 6 1302 14
10 7 14 526 10
5 6 5 855 19
13 12 13 1136 12
7 8 11 113 2
2 11 8 599 7
13 7 2 208 2
4 13 10 1097 15
6 4 13 1608 18
4 7 2 449 13
7 12 4 842 3
13 13 9 712 5
6 2 2 1259 4
12 12 11 1577 3
6 7 9 1570 10
5 5 13 1421 19
5 4 6 1383 11
5 9 10 1312 15
14 13 13 500 14
10 5 6 1333 11
14 5 6 826 9
6 12 2 165 1
14 3 4 705 17
12 10 9 1523 4
9 5 13 1146 10
9 7 6 157 13
8 9 7 750 8
14 4 10 1992 9
11 9 7 1707 8
9 5 5 41 6
9 11 10 323 14
10 14 3 547 1
3 14 5 406 16
12 7 12 540 6
4 3 2 560 1
12 7 7 433 9
10 8 11 1824 9
5 4 8 1615 18
7 10 11 786 18
4 7 2 1926 14
13 3 11 192 12
12 3 2 712 5
14 14 2 1965 12
11 3 12 1230 16
13 7 13 584 5
4 2 3 838 16
12 14 7 209 6
14 6 9 280 5
12 7 6 1777 1
12 3 9 1599 7
3 3 2 1807 12
13 6 8 1753 15
10 2 4 1027 7
11 4 11 446 14
10 12 12 1866 7
12 9 7 631 10
11 4 5 1799 15
6 11 13 869 16
3 4 11 1504 8
10 3 14 995 11
4 5 2 957 4
11 11 6 516 1
10 4 14 502 19
4 14 10 55 2
14 12 11 557 16
3 3 7 1331 3
9 14 4 913 18
6 7 6 98 16
5 7 6 1624 11
3 12 7 294 16
9 2 7 660 14
3 12 6 1546 10
5 12 9 1824 1
14 8 12 1639 2
7 2 6 1452 19
3 2 6 1784 3
2 2 11 1296 16
5 9 9 1965 8
8 3 4 368 18
5 3 5 708 18
14 4 7 1386 2
6 9 14 907 9
14 8 7 1682 14
5 9 4 421 3
10 12 4 1704 6
2 5 14 703 10
8 5 13 1866 11
13 7 8 47 13
3 5 6 852 18
10 10 7 184 3
9 2 12 1464 7
6 8 3 1601 1
2 14 7 856 15
6 10 13 271 19
4 8 10 692 6
9 6 6 444 2
13 2 8 566 18
10 13 2 1994 17
5 10 14 1439 13
7 7 11 1063 16
2 4 6 1945 6
9 14 5 1979 13
11 2 14 1506 9
7 3 8 1758 13
14 5 12 430 19
13 11 11 1968 5
2 2 11 64 12
6 14 9 699 4
4 9 7 1199 17
2 10 3 989 14
10 3 2 924 6
10 10 10 244 8
3 12 7 319 13
6 12 6 1612 19
11 6 11 96 3
14 13 11 1646 6
9 12 5 1471 3
4 7 6 1251 2
6 3 11 734 15
7 10 7 477 14
6 13 9 777 11
7 14 13 360 2
4 9 14 1403 12
9 6 12 231 14
10 4 2 1500 9
8 8 14 377 2
12 13 6 1179 7
8 4 10 1347 11
3 5 8 1594 18
12 14 8 851 11
14 13 7 1168 19
13 8 11 1651 1
3 12 10 1041 9
7 12 7 1111 10
11 6 12 1727 3
4 8 2 769 3
11 11 2 935 2
6 6 10 1180 11
12 3 5 913 4
3 14 14 1975 11
10 8 5 1351 7
4 3 9 808 14
10 8 2 93 4
8 14 12 1805 18
4 8 6 1486 17
4 12 2 1152 14
3 6 8 1237 2
6 7 3 1294 10
11 12 2 710 5
2 6 6 299 6
8 3 6 1780 8
7 13 9 1664 8
13 8 6 330 12
5 6 10 986 5
13 10 9 1855 16
11 9 5 1914 6
8 11 2 577 12
4 7 11 603 13
4 7 10 954 11
14 8 4 1297 10
5 3 12 1437 17
13 13 8 1372 14
3 4 7 1800 8
5 11 7 91 3
13 11 4 755 8
12 8 7 1538 5
8 11 8 1359 2
4 11 10 938 1
6 12 10 968 17
9 4 2 269 17
11 6 12 447 17
2 7 13 56 18
12 11 8 1707 1
3 13 9 460 6
3 10 2 496 16
4 8 14 400 17
10 7 9 802 10
9 9 7 1853 12
6 10 5 241 9
3 14 9 1383 14
11 12 2 466 11
11 6 11 582 7
14 9 11 1607 5
7 13 9 1580 3
4 3 12 35 18
11 3 5 1627 3
9 2 2 1768 8
12 10 6 386 6
7 3 2 181 8
11 8 12 1330 14
6 10 8 1043 15
9 4 12 412 10
4 6 8 1614 14
13 10 8 373 5
14 6 2 1970 2
14 5 9 112 18
12 14 2 323 3
3 8 14 766 4
7 9 4 1921 14
9 7 8 1258 12
10 6 8 121 2
4 12 12 649 10
7 9 6 1161 16
11 11 8 773 4
7 13 4 541 8
9 6 3 374 1
4 12 7 1067 1
6 3 2 249 1
6 7 10 1612 8
13 13 3 1865 19
5 2 13 1648 6
10 10 14 1975 17
9 12 5 1190 2
10 13 10 377 8
9 4 6 1537 1
14 11 12 407 10
9 11 6 1963 7
10 8 4 260 19
6 13 2 1844 16
3 11 13 820 8
3 13 9 1603 11
14 4 8 719 12
13 13 12 1565 16
7 5 8 522 12
10 12 4 1028 15
3 3 8 590 13
8 13 9 239 19
2 9 8 1481 16
5 12 13 335 15
3 8 13 57 11
7 5 14 1916 1
8 2 6 913 1
8 12 6 910 14
13 5 8 449 7
10 6 9 1023 5
5 6 8 925 11
11 14 3 1322 5
5 5 8 1137 8
7 10 6 1588 19
3 11 14 245 17
14 5 5 814 9
6 14 2 327 16
7 14 14 432 4
14 6 13 1223 17
3 7 12 44 13
12 3 4 1984 12
5 3 2 1451 8
9 11 10 1044 16
11 6 5 695 11
6 6 7 1173 17
5 11 12 1247 16
14 14 3 1686 6
3 5 13 935 1
4 14 8 935 9
14 3 14 1438 15
12 12 7 1851 17
14 5 5 1067 11
7 8 12 1352 18
8 5 9 215 2
9 8 9 511 16
7 5 3 876 16
7 3 7 1991 18
3 3 14 573 6
7 12 9 414 10
13 9 14 1635 8
7 11 10 1783 19
4 4 12 1802 9
6 5 12 785 10
12 12 10 1980 3
12 12 10 1843 8
9 4 5 1107 18
7 14 6 1572 8
9 7 11 869 2
6 8 3 1222 5
12 9 9 804 7
9 7 2 54 11
2 2 12 634 15
14 12 9 241 8
11 3 6 1254 17
9 4 13 1192 17
4 7 13 440 3
4 12 4 87 18
12 12 10 1289 8
9 9 6 825 2
2 7 10 1898 2
13 9 7 1987 13
4 6 13 364 3
2 5 9 1079 14
11 12 11 175 5
6 2 11 1607 9
8 8 10 1551 15
9 10 11 984 6
8 13 2 1841 8
7 7 14 1029 3
4 6 11 1775 13
9 8 8 1875 1
2 5 8 1345 15
7 14 3 904 11
14 14 5 1825 16
3 4 3 145 13
6 4 9 1222 9
14 11 2 526 1
4 11 12 220 13
3 4 7 445 6
11 4 5 1801 11
3 6 4 202 12
3 2 7 457 6
12 12 13 1875 8
13 3 5 534 7
14 2 6 104 6
