500
4 14 4 751 14
11 8 12 499 10
4 5 10 2125 5
2 2 2 1391 4
5 13 7 704 6
2 14 12 497 10
2 5 12 2207 19
11 5 6 495 13
3 13 8 480 6
8 8 7 1785 17
8 13 11 1450 3
7 11 13 2073 4
3 5 13 1122 9
14 4 12 159 9
9 14 9 180 3
14 11 6 1902 11
5 10 13 872 17
8 7 2 1513 11
14 4 6 188 9
3 10 13 96 12
3 8 6 1368 14
5 10 8 1812 7
5 11 5 817 14
8 4 11 1095 7
2 3 8 2370 16
14 14 4 540 4
10 4 3 829 8
8 6 12 1292 8
6 3 14 1199 14
4 13 6 1975 12
6 11 8 111 7
11 8 11 1080 17
13 12 11 2196 4
13 8 13 1414 11
9 5 3 442 5
10 4 4 634 2
10 10 5 1625 12
10 13 8 322 2
8 12 3 629 16
7 9 2 2163 6
12 4 8 756 14
9 5 4 2411 19
5 3 12 1659 5
6 4 2 1867 7
9 3 9 2125 8
11 2 11 932 2
6 5 9 403 4
8 4 6 176 14
4 9 4 2214 15
4 11 11 2121 12
8 9 9 382 11
9 14 14 1600 5
8 10 6 2078 16
10 8 14 2380 16
14 4 6 2206 6
4 6 14 1010 13
8 3 12 402 15
9 3 8 404 13
3 11 14 814 16
4 5 9 249 17
4 4 4 372 7
8 7 12 951 6
11 3 7 107 17
13 11 3 169 5
2 9 3 1918 1
12 11 7 1582 10
8 9 6 530 6
2 4 8 246 11
2 3 14 467 3
12 2 14 415 15
9 5 12 643 4
5 14 4 627 11
6 5 14 1828 14
5 8 5 657 16
4 14 2 2441 4
4 13 11 1142 10
5 3 11 63 15
13 12 3 44 4
13 2 13 1219 12
6 10 10 309 14
9 8 10 317 17
13 14 3 553 19
13 3 4 556 10
4 2 9 416 1
10 14 5 1365 11
6 11 4 1460 11
9 5 7 685 13
14 4 6 1912 4
3 8 3 354 6
3 10 13 2019 13
8 13 7 426 4
7 10 8 451 9
7 3 7 323 8
5 4 5 27 3
2 8 11 116 6
5 2 6 1586 11
12 12 3 2448 5
2 5 13 1101 2
12 3 9 724 3
6 7 3 1335 17
11 8 7 912 6
2 3 2 1943 8
8 11 9 1315 15
13 5 4 2026 19
6 3 11 1113 17
7 3 11 800 12
5 2 6 157 14
14 3 7 711 2
7 13 3 746 4
11 12 10 1009 7
5 11 9 941 6
5 14 5 751 4
12 14 10 452 5
4 14 5 2374 8
6 10 2 1951 6
13 14 13 1489 3
10 11 6 661 5
6 6 3 1687 6
11 8 2 562 15
5 8 8 2052 12
5 8 9 1766 19
11 5 12 668 13
4 12 9 914 19
6 4 4 585 1
8 5 6 353 19
10 3 10 202 17
2 4 8 2172 10
4 11 10 2324 1
3 7 3 409 3
4 6 14 1124 2
7 2 8 834 15
4 7 5 43 12
13 13 6 375 16
12 12 14 2024 10
13 5 2 2246 18
3 4 5 379 12
3 2 11 1706 1
11 13 2 43 7
8 8 11 1621 3
5 9 7 535 1
14 4 3 2240 15
7 6 11 438 14
14 13 8 47 14
3 10 14 612 12
5 3 12 1029 4
7 13 7 1801 2
4 11 7 1728 5
10 6 8 1592 13
12 8 12 586 3
2 13 5 1085 10
8 7 2 1731 16
4 13 13 2492 16
7 6 9 187 6
6 5 13 800 17
13 14 14 791 2
10 7 2 1476 17
14 3 10 872 17
14 2 12 871 3
6 2 5 1190 6
5 8 13 164 3
14 7 13 240 5
2 14 2 1059 5
6 12 13 2329 3
14 8 14 570 5
5 3 7 1025 12
10 6 2 98 13
14 12 14 2395 3
13 4 9 1173 2
13 4 6 1215 3
8 13 12 564 18
5 2 9 215 14
13 3 2 811 12
14 2 10 2336 5
7 8 4 1360 13
2 11 11 176 13
9 13 6 759 19
9 8 10 1906 5
7 12 6 1689 9
7 2 14 601 4
7 3 2 1783 14
9 12 4 737 2
2 13 8 1410 16
11 3 5 1461 6
10 7 3 946 16
12 5 12 95 12
6 6 3 2123 15
3 12 10 1677 2
14 8 10 2338 5
6 10 2 205 16
14 10 12 314 2
14 5 6 69 8
3 11 7 1994 4
8 9 14 2365 17
2 11 6 1799 15
10 13 12 727 9
9 5 7 711 10
13 6 5 2007 6
7 6 4 688 6
5 14 7 1504 10
14 2 3 2167 13
4 6 2 2042 3
7 11 5 282 11
9 11 11 1441 4
13 2 8 406 8
4 12 10 369 11
10 6 11 611 8
13 6 11 1678 15
2 12 7 1500 14
14 11 14 2106 16
2 2 4 195 19
6 7 7 1297 13
14 6 11 2401 3
14 10 3 549 14
6 2 3 1727 3
2 7 7 452 11
12 14 8 1233 6
6 11 7 1414 5
8 9 5 447 9
3 13 2 2178 10
5 11 5 2498 3
7 9 14 1182 2
12 7 11 1559 19
13 11 8 719 18
5 14 6 1848 6
9 2 3 275 13
3 13 6 972 11
6 2 9 1202 5
3 11 5 1536 15
10 12 6 1180 9
8 4 7 404 10
7 9 9 807 17
4 13 7 1497 11
6 4 11 1193 5
2 10 6 2442 4
6 12 5 783 12
3 9 14 2097 12
2 14 2 2167 5
9 6 14 1327 11
11 12 5 1144 10
5 7 7 919 1
14 9 2 922 19
9 9 13 768 19
11 8 2 2451 9
13 13 12 242 10
13 9 7 900 19
2 7 13 668 19
12 11 9 831 10
5 14 12 1796 14
5 4 4 511 18
2 9 2 1304 3
6 2 11 1459 12
3 11 7 2251 19
7 13 6 1578 1
12 9 4 901 10
10 10 4 931 9
10 2 2 2152 6
10 4 12 359 11
4 9 10 499 1
13 10 11 1488 5
5 9 14 1174 10
4 6 4 2228 5
3 7 10 1301 10
5 9 11 563 17
5 9 11 1631 3
14 14 7 1949 13
10 14 11 1985 11
6 6 10 1463 18
5 13 5 1114 10
6 3 6 2246 12
12 3 3 1850 19
8 9 11 211 7
12 3 6 2174 1
13 7 6 1600 3
13 10 10 356 19
3 2 7 117 19
13 10 11 987 12
4 10 3 514 3
12 11 4 2234 10
5 7 11 320 7
9 8 14 1609 8
2 11 2 1148 4
3 6 8 1108 4
4 7 9 1751 19
12 5 9 597 15
12 9 12 1799 17
14 3 9 156 5
7 9 2 1139 12
11 10 12 682 13
11 4 3 2322 10
7 6 6 1486 1
5 7 14 1390 5
10 9 11 1867 6
2 12 13 2396 13
10 2 9 168 6
2 3 11 2142 5
8 3 2 1910 16
2 7 10 2204 3
7 2 7 2247 12
13 5 10 376 10
8 10 9 2474 5
14 8 7 463 1
3 2 10 707 18
2 2 9 1515 11
9 6 12 2087 5
14 5 6 1608 4
13 12 6 665 10
12 5 12 414 4
3 3 10 282 2
11 6 13 2371 9
4 12 2 314 6
8 12 2 1462 13
6 6 4 1988 16
14 12 14 793 12
13 10 5 1706 1
11 9 10 1638 18
7 12 8 824 5
8 5 9 807 3
9 7 12 1611 5
5 9 11 1443 15
8 2 13 2178 4
3 5 6 2399 12
3 9 6 1027 19
8 5 6 2480 1
13 2 9 1317 11
14 4 5 158 18
6 14 10 254 5
14 10 9 1350 1
8 11 14 1815 4
8 3 3 412 14
13 6 7 731 2
10 8 12 1351 10
6 9 9 2142 1
4 13 6 877 6
13 5 5 2402 17
2 11 13 2131 8
13 12 9 1412 2
6 8 5 342 8
10 2 11 274 3
13 7 13 117 18
14 3 13 611 1
12 14 11 158 18
8 4 7 349 1
8 9 14 777 9
2 5 5 719 3
6 6 2 1075 8
3 3 14 2035 6
7 3 9 2007 5
11 7 10 2294 7
2 8 7 326 11
5 12 12 118 19
6 5 12 546 5
13 6 14 2009 13
14 7 13 1237 14
13 11 5 2477 19
11 4 4 1354 9
8 7 8 1437 18
9 8 4 2482 13
12 7 8 1530 10
12 5 10 1616 6
5 13 3 1606 15
12 8 6 626 12
11 10 11 787 4
8 11 6 2256 14
10 9 14 984 1
6 8 8 1548 5
13 3 14 1248 7
8 2 9 1902 11
2 7 10 1577 19
11 11 14 2374 3
2 13 3 710 6
9 7 12 2257 6
3 7 12 824 13
5 14 3 1682 16
8 5 3 275 18
3 14 8 1958 12
11 5 4 319 5
6 2 8 359 12
13 12 6 2430 4
6 2 5 934 13
11 5 5 1616 1
8 5 8 2019 19
9 12 2 275 15
3 10 8 2148 18
9 5 13 433 3
10 10 9 1119 11
10 6 9 2026 15
8 7 2 1148 10
7 9 6 93 15
6 9 8 2162 9
3 5 13 1139 13
9 6 2 1558 5
14 10 14 1580 6
3 13 14 1429 5
14 2 7 1932 19
5 9 8 2470 2
5 9 5 1985 6
7 7 4 168 15
10 13 9 2239 3
5 14 8 696 16
10 7 13 105 19
5 9 7 1185 8
9 3 9 1792 4
3 9 11 788 17
8 8 11 162 14
13 13 4 2345 3
8 13 11 629 6
13 3 6 2039 1
11 4 5 1988 5
3 3 6 1161 12
3 13 8 311 5
8 8 7 350 15
13 9 11 453 14
10 11 12 1959 1
10 14 11 1326 9
7 2 13 947 14
7 9 7 1445 5
7 4 7 1410 2
7 7 4 1767 2
8 3 2 784 9
10 4 4 28 4
6 8 7 283 6
13 5 3 367 16
6 5 11 216 12
3 2 8 1182 19
8 3 10 2396 6
10 4 10 276 16
7 7 5 108 18
7 7 9 1233 7
12 8 9 797 17
14 3 7 405 15
10 12 12 624 7
6 14 3 2009 9
11 5 5 1622 19
11 12 6 2229 11
10 13 7 249 4
8 3 13 1110 13
12 2 3 2144 11
5 9 6 1449 14
8 4 4 271 4
7 8 3 2200 19
13 11 9 1971 4
6 4 12 1920 4
3 4 13 1318 2
8 9 13 842 4
8 6 8 1666 15
8 6 2 1306 12
5 3 6 1973 2
10 5 4 2091 16
6 13 13 1542 7
6 13 12 1877 4
4 3 12 2318 2
9 11 11 1897 1
5 3 14 323 13
4 7 9 2360 11
11 6 2 710 4
4 2 2 1845 13
9 3 8 178 8
12 6 2 683 4
9 10 8 1289 5
2 11 2 139 4
6 11 13 436 16
9 5 2 2344 4
6 5 2 2247 12
5 13 7 82 1
9 5 2 2259 7
2 8 7 989 16
14 10 11 1621 15
6 6 13 2363 3
13 5 9 2303 4
4 14 2 100 15
2 10 14 1401 15
2 14 11 1592 4
2 6 8 666 11
8 13 3 2493 18
7 4 9 1607 19
7 8 9 2096 2
13 13 6 1788 16
10 13 6 2090 8
8 3 4 720 15
7 12 14 2164 17
11 6 5 338 1
12 6 8 2032 16
13 2 4 1905 10
8 12 13 287 19
7 11 12 2221 1
11 12 8 860 10
11 12 9 124 3
2 3 12 1774 6
2 14 3 942 12
9 11 7 480 9
6 6 8 2372 11
3 14 12 486 13
12 2 5 670 9
13 3 4 159 7
7 5 13 2458 19
11 12 5 2233 17
2 11 6 2117 10
4 4 6 1354 10
2 8 6 1621 9
3 5 12 377 2
