300
8 14 9 1279 5
10 7 6 1339 4
14 14 9 226 2
2 7 2 931 8
12 14 12 1488 4
2 7 8 779 10
2 5 14 832 9
6 8 7 653 18
5 3 6 87 1
11 7 6 811 10
8 6 6 301 8
9 2 14 1284 6
3 2 11 559 6
7 9 10 1041 2
2 5 10 748 3
4 9 14 1074 12
11 4 4 1229 11
3 6 3 1487 17
2 4 12 1410 16
7 7 7 154 3
10 5 12 474 10
13 11 10 1486 10
14 14 9 1482 17
5 10 5 673 13
8 6 4 740 18
5 5 12 808 5
5 9 14 861 11
12 12 3 1084 17
7 10 12 571 7
9 10 2 134 13
13 11 13 471 3
13 2 3 1205 12
3 5 3 832 7
4 5 8 85 11
10 5 14 142 6
5 8 5 877 14
12 8 14 1446 10
2 10 5 953 7
3 9 8 1096 17
13 7 10 464 13
3 8 9 451 13
2 2 8 1048 7
13 8 6 834 17
13 3 14 1034 13
3 11 12 1437 15
13 9 9 140 6
8 13 9 326 15
10 10 4 654 1
7 6 2 1338 15
14 14 10 949 2
8 12 9 630 3
5 10 5 456 7
14 13 5 135 6
9 9 7 560 12
9 6 11 962 13
14 14 5 978 7
10 7 9 1371 10
3 5 13 806 11
3 6 7 842 16
4 2 14 534 18
10 11 6 1110 16
13 7 6 727 8
3 11 14 700 4
14 10 7 845 16
6 7 5 1481 10
4 14 6 1268 13
14 10 5 181 12
11 10 14 1088 13
12 3 5 307 16
4 10 14 1015 8
11 10 2 1024 13
13 2 7 216 2
13 2 2 1497 15
14 3 2 1391 2
3 11 11 1095 2
7 4 10 219 16
8 12 2 845 4
14 9 9 688 18
6 6 14 1175 16
12 12 11 1225 12
2 4 5 1319 5
5 9 4 741 15
8 7 14 782 4
12 10 10 1293 14
11 2 6 519 8
3 6 12 575 14
11 8 2 1429 16
3 12 2 572 1
12 8 8 671 16
2 10 6 461 4
10 13 4 1097 3
2 12 5 1009 6
7 4 10 338 3
7 6 6 876 5
7 10 14 1044 17
7 3 7 394 5
5 10 4 702 10
9 10 5 135 4
11 9 2 74 12
5 8 8 619 19
12 10 5 1142 1
5 13 14 1158 13
4 2 5 1103 9
7 14 11 524 2
3 9 2 853 6
3 12 8 621 5
14 8 7 992 15
6 13 13 148 1
3 11 6 517 9
7 4 4 254 3
10 5 6 1421 17
6 14 13 563 3
4 7 7 1449 16
14 13 10 1226 14
4 13 3 795 5
2 14 6 489 11
9 10 5 770 14
13 8 14 1252 13
3 7 5 1277 11
2 13 7 368 16
12 11 7 690 4
14 14 6 1471 2
3 9 3 124 6
7 5 4 1408 6
7 14 3 950 14
2 14 3 649 10
4 12 13 979 16
14 2 6 806 9
2 11 8 999 16
5 13 2 1067 2
2 10 5 391 10
5 13 10 858 5
14 3 8 1098 14
5 14 9 1338 7
14 3 8 1498 11
14 8 4 872 7
8 10 2 1462 17
3 5 12 774 4
7 3 10 521 14
3 10 9 351 17
9 11 14 1287 10
4 6 3 1387 15
13 11 2 812 11
11 6 9 253 13
8 8 6 201 14
5 8 14 626 19
11 11 4 1222 7
14 5 13 1461 17
5 8 7 244 19
4 3 14 1426 17
5 6 2 92 9
13 8 6 706 17
10 7 5 1211 6
9 4 7 87 9
13 4 12 495 18
13 5 12 411 8
11 13 2 696 8
13 4 9 835 13
4 4 14 629 18
14 10 6 1039 13
9 3 3 117 10
2 4 13 773 1
11 13 6 1484 13
7 12 10 1236 15
14 9 4 433 12
12 6 8 846 10
3 13 2 514 13
8 13 11 942 15
10 8 11 505 16
11 12 7 103 11
6 14 10 157 4
9 14 2 1182 16
9 13 9 700 7
11 13 2 1022 5
13 5 10 108 14
3 3 11 930 14
6 8 14 513 17
6 7 13 250 1
2 11 14 1315 18
13 6 14 326 4
2 3 10 445 14
10 4 10 119 10
12 9 9 1094 10
2 4 5 976 10
7 9 13 1424 16
5 13 7 529 15
3 14 7 206 12
2 13 14 1173 8
11 8 12 183 19
2 10 8 1358 6
11 13 5 98 8
2 7 10 1221 10
10 6 9 87 2
6 7 3 1101 7
14 9 9 1351 14
7 9 11 785 14
4 8 13 35 19
8 4 13 198 14
10 5 13 1397 11
2 7 12 274 10
13 2 6 686 5
14 14 9 1164 17
8 2 3 1397 3
2 8 4 1342 8
9 10 9 1146 9
6 5 14 122 4
2 12 11 1407 1
6 3 5 1403 18
2 8 5 449 8
10 12 13 376 16
4 9 12 880 16
14 3 14 523 16
12 10 11 415 16
12 9 10 792 3
12 4 7 1167 15
2 3 4 947 4
4 8 7 44 16
3 12 4 1301 15
6 9 10 1133 18
6 7 12 121 12
4 5 2 1403 9
10 3 8 664 16
6 6 6 301 18
9 11 12 33 17
2 8 11 302 1
8 11 6 404 12
6 10 6 1472 12
10 5 4 1064 9
11 11 5 1328 3
9 3 4 160 16
2 2 4 586 7
10 4 6 852 10
13 8 11 90 7
8 5 3 298 2
5 5 5 851 10
5 9 6 1465 1
14 8 6 99 4
13 13 10 1142 4
12 12 6 458 15
6 2 14 1471 1
2 6 9 374 12
5 5 2 867 14
3 14 7 868 6
7 10 4 1207 17
13 8 12 484 14
10 10 11 895 18
2 9 5 569 6
8 2 6 890 7
6 5 2 766 19
11 7 11 748 9
10 12 13 588 14
6 13 6 562 13
6 6 8 1275 5
10 12 7 1305 7
9 12 8 1036 7
5 8 3 386 12
6 3 8 819 15
2 14 14 1204 8
12 6 2 23 6
9 10 6 91 10
4 6 7 1231 13
10 4 14 810 9
13 12 2 134 5
4 4 2 446 12
10 13 4 394 16
7 4 2 192 8
6 14 5 372 2
10 11 12 1394 18
8 6 8 1036 3
2 3 9 1066 2
9 4 10 1282 11
13 10 6 175 8
8 10 5 1407 1
4 14 11 579 14
12 10 8 394 5
13 12 10 1096 2
13 2 10 672 6
9 2 10 983 5
8 3 12 179 6
14 6 7 776 4
4 4 2 1255 14
12 2 2 760 9
9 7 12 848 15
6 7 3 263 9
11 7 8 1149 12
4 4 14 113 9
8 2 11 147 15
5 12 6 674 5
2 3 3 865 2
10 4 6 226 14
10 2 13 513 10
13 8 11 998 7
9 9 9 666 14
12 4 3 595 4
10 2 9 499 1
11 4 10 1324 14
14 8 14 1014 18
2 13 8 1332 11
14 14 12 89 13
6 6 7 1328 16
