50
13 3 3 211 5
11 14 6 114 2
9 8 8 128 12
3 2 14 246 19
7 3 7 43 10
10 5 5 128 15
4 12 14 183 6
7 7 11 104 11
6 7 5 114 15
13 13 2 188 11
5 6 4 76 3
9 14 14 73 7
5 7 8 219 12
9 5 6 153 5
13 2 8 161 12
11 14 8 152 12
3 6 8 208 19
8 11 4 112 6
4 14 10 136 16
11 8 13 65 16
9 3 9 137 6
4 10 11 40 2
13 10 13 159 19
9 14 4 214 14
7 8 7 198 8
13 14 3 126 19
9 2 10 129 19
11 8 5 106 7
2 2 7 114 3
12 4 12 170 13
12 2 14 157 12
12 7 3 117 16
6 10 11 75 11
9 8 11 226 10
13 5 7 118 15
13 8 9 90 16
4 13 5 82 9
14 12 10 172 1
3 12 4 96 7
4 6 4 16 10
14 10 14 231 4
8 13 6 162 18
3 10 8 116 10
10 6 4 157 1
4 13 10 128 16
13 13 9 69 15
13 11 7 247 15
2 7 14 247 6
8 2 5 50 6
5 11 5 182 13
