200
2 14 8 341 16
4 5 9 287 17
11 2 10 443 9
10 12 5 282 12
9 5 5 423 18
6 3 8 749 16
13 3 9 761 17
8 7 10 319 12
12 8 14 758 4
9 10 8 453 15
8 8 10 161 9
11 2 2 556 18
9 13 14 431 16
11 8 2 907 19
12 6 7 326 15
11 12 12 774 7
11 6 6 949 18
5 12 5 331 9
5 13 10 697 13
12 4 10 473 18
14 10 11 791 2
6 8 4 59 18
13 2 3 662 17
4 6 9 598 16
6 7 6 353 12
7 14 11 629 13
8 2 11 874 12
9 2 3 314 1
13 13 3 568 16
9 14 10 67 17
13 10 2 263 11
10 4 12 101 19
3 13 6 443 7
14 13 14 971 8
11 2 6 296 12
6 3 14 473 5
13 11 8 325 1
10 12 4 52 18
13 10 13 227 17
12 7 9 900 6
7 8 14 753 14
8 10 7 269 6
11 5 13 984 8
8 13 13 109 17
13 8 7 909 6
3 4 12 767 15
14 14 8 140 17
3 3 6 583 13
9 3 9 105 12
6 13 3 725 16
6 4 6 975 2
11 7 10 455 14
14 4 6 63 7
14 10 11 439 10
8 2 7 871 14
4 4 11 48 8
5 12 7 113 10
14 11 6 700 3
6 3 4 930 11
9 13 7 80 9
9 3 2 92 8
7 4 10 270 3
14 2 9 803 11
2 2 8 833 2
3 3 8 769 19
11 7 9 438 1
2 8 12 663 4
2 11 6 943 2
12 5 3 989 8
5 13 8 812 14
2 12 7 226 10
5 4 6 706 9
13 5 3 237 2
5 11 10 215 3
6 13 14 440 8
4 9 12 197 15
12 14 5 722 17
10 7 11 875 8
4 8 11 712 7
4 2 2 304 12
4 13 4 424 13
13 12 14 330 16
7 13 9 819 19
14 9 10 469 16
14 11 2 251 12
6 10 9 498 9
5 8 14 586 10
6 14 11 382 1
14 4 11 451 7
10 5 8 414 15
14 9 7 215 9
14 9 13 207 11
9 12 6 845 3
12 5 10 785 3
8 4 5 807 15
7 10 4 816 10
13 4 10 458 18
9 2 7 73 1
5 12 10 477 8
9 5 4 583 2
13 10 9 319 2
14 13 7 97 9
5 3 14 853 12
9 8 11 724 11
3 3 5 596 15
9 7 5 339 16
8 8 2 111 13
4 14 3 459 5
8 11 12 591 8
10 11 6 608 4
6 14 10 433 7
8 5 9 686 13
13 2 11 334 19
7 12 2 219 2
2 3 6 609 15
12 2 3 543 17
11 6 13 781 11
3 6 2 980 1
13 5 4 785 11
14 11 4 284 1
9 3 4 290 13
8 2 6 120 18
9 4 11 24 15
4 12 10 953 1
2 14 13 376 6
11 11 3 589 15
12 5 5 197 4
7 5 11 991 7
2 5 10 684 2
12 10 6 691 7
11 5 6 79 6
4 4 11 737 11
3 6 8 440 8
12 9 3 810 14
5 3 8 905 3
4 4 4 989 18
11 2 13 617 9
13 9 3 951 14
11 12 12 108 8
14 10 11 117 5
7 8 2 238 4
9 11 11 135 2
14 8 9 751 11
13 7 11 207 8
9 3 7 62 7
7 9 9 577 7
14 14 11 88 19
11 8 7 727 6
13 12 14 769 14
8 10 6 632 13
6 12 7 185 7
10 11 4 791 11
8 7 5 759 14
2 2 5 757 2
2 12 4 825 10
12 9 8 607 12
3 3 4 897 5
4 2 10 944 2
13 11 2 436 17
6 2 3 652 18
14 7 13 982 4
8 14 3 245 16
6 10 7 841 4
3 8 4 372 15
14 13 10 588 11
2 4 7 71 3
8 12 14 134 6
10 4 13 506 12
9 10 11 909 2
2 10 11 684 11
7 11 7 86 13
3 5 11 109 17
13 11 3 517 5
6 13 5 606 5
3 11 14 518 8
5 6 8 420 8
6 2 5 960 9
11 4 14 72 14
14 13 3 796 3
5 13 4 140 10
10 11 8 770 18
2 10 6 169 9
5 12 13 130 14
14 12 4 901 2
12 9 4 953 2
9 5 7 68 4
6 9 5 471 1
8 8 11 235 10
11 7 9 61 16
6 5 9 696 13
13 8 11 871 14
13 8 2 242 5
12 5 10 858 6
13 4 9 395 14
13 10 14 989 12
14 9 8 675 5
2 7 8 767 19
5 9 13 317 10
8 13 3 24 16
8 13 5 897 19
