250
12 13 3 572 13
10 11 10 1077 18
8 12 8 151 16
6 12 6 657 17
3 12 5 549 6
2 5 2 262 1
13 2 13 1084 15
10 14 14 215 5
13 9 8 613 7
6 14 9 65 10
13 7 4 1054 1
4 5 8 181 13
8 9 7 253 17
13 3 2 921 16
14 11 2 309 3
6 11 7 116 13
5 13 2 1088 2
12 2 5 1029 6
14 8 14 569 14
13 6 2 1011 8
2 14 10 604 9
5 5 5 20 11
8 7 14 450 5
13 10 2 466 16
14 11 2 493 6
9 3 11 400 3
3 7 12 954 1
3 4 12 832 13
4 13 2 81 6
7 9 4 205 8
9 14 2 867 8
11 3 11 610 12
8 13 7 153 2
7 13 2 569 8
12 11 14 265 18
13 7 6 462 5
2 13 13 103 15
10 12 4 455 7
4 12 7 612 7
11 10 5 875 8
5 12 7 768 3
7 2 2 126 2
2 10 14 723 10
12 5 5 464 5
2 5 4 82 11
13 14 8 66 18
3 13 5 293 11
11 11 2 1171 18
11 14 12 695 10
5 6 10 481 13
12 10 2 566 13
6 6 7 39 15
4 14 10 36 15
3 9 5 640 11
6 3 7 475 9
14 11 8 154 19
4 3 13 323 6
13 7 10 869 11
4 10 12 278 19
2 2 9 299 16
9 3 14 190 7
7 5 8 1040 7
9 4 3 720 5
3 13 7 989 10
9 8 12 333 8
7 13 4 864 1
3 8 14 975 5
2 8 8 103 13
2 8 8 504 4
2 9 2 623 10
6 10 12 823 12
2 9 3 508 15
6 4 9 749 18
10 3 12 1081 7
5 8 13 347 17
13 14 7 127 8
13 7 14 838 14
3 14 12 894 13
14 8 14 860 1
12 5 4 1195 2
3 10 2 234 2
14 13 5 426 15
2 11 5 949 10
8 7 10 944 14
9 4 7 342 2
8 13 2 358 2
5 6 11 49 1
12 8 8 969 5
7 8 8 91 6
9 11 14 477 11
6 8 7 802 9
9 8 13 1167 6
12 6 3 1028 14
14 7 8 695 9
9 7 2 488 10
7 12 10 195 6
11 9 3 545 6
5 12 2 1100 12
6 7 12 904 4
10 9 7 868 1
14 3 12 547 18
13 8 3 137 19
3 11 13 645 2
13 3 12 1204 1
3 6 3 1054 13
14 8 4 932 19
11 9 3 121 2
14 11 4 880 17
2 12 12 175 4
6 9 10 635 3
7 7 3 340 12
5 3 9 1146 6
13 13 2 1011 8
9 3 11 594 14
7 14 10 567 9
8 11 12 997 4
5 4 7 53 2
7 9 5 133 15
11 14 5 772 6
5 11 9 578 16
7 11 5 565 18
12 11 6 966 16
9 4 10 367 16
14 7 8 767 4
6 5 8 41 5
10 3 4 809 5
6 9 3 1077 3
14 10 3 815 17
7 13 9 811 14
4 3 13 893 19
11 13 5 56 17
5 12 7 1029 1
3 4 9 345 8
12 14 9 731 2
7 5 2 1186 10
6 3 14 1142 2
14 10 7 1135 17
14 9 10 609 11
12 12 12 817 18
4 4 13 510 15
11 9 9 856 3
3 5 6 199 4
11 11 8 1073 2
6 3 2 1114 13
13 7 12 487 12
12 7 2 333 5
6 10 3 236 10
6 6 11 729 7
2 8 6 1197 11
11 2 10 1102 3
8 6 5 1046 11
12 14 9 1206 19
8 9 4 114 12
12 3 7 565 3
10 8 8 828 15
10 3 8 278 2
7 12 10 233 19
8 4 7 854 15
10 10 12 205 16
6 4 10 958 9
8 12 11 863 13
14 7 2 870 17
11 5 9 893 11
5 13 2 583 7
9 3 14 1246 4
14 12 9 747 4
14 3 12 688 15
14 6 14 867 12
3 2 6 615 7
2 3 5 879 14
3 10 2 382 3
11 7 2 121 14
5 9 2 702 16
10 12 9 368 11
7 6 10 958 13
14 4 12 529 2
6 7 11 767 16
8 14 5 82 4
12 8 5 310 13
9 11 8 355 15
4 6 8 232 12
9 6 6 1013 1
3 11 2 858 17
13 12 2 303 16
9 10 11 1062 16
2 4 13 420 10
2 6 8 1184 6
6 6 6 1227 19
7 5 12 54 19
14 2 12 631 10
3 12 3 98 5
5 13 2 664 11
14 9 5 623 6
11 12 8 119 7
3 5 10 976 7
10 10 5 176 1
10 9 11 744 19
4 2 2 221 14
6 3 6 346 8
4 4 9 1041 3
6 12 14 1009 1
8 9 13 582 13
8 13 6 454 5
8 7 10 476 16
2 8 14 1233 7
4 13 8 1158 6
7 7 8 721 5
2 12 4 384 6
10 11 2 624 19
2 2 2 602 15
2 7 4 450 2
12 3 14 943 3
6 14 5 655 10
11 4 7 999 11
2 9 14 569 6
10 11 8 398 11
3 5 6 333 13
10 13 14 497 3
5 4 14 71 16
3 4 9 659 3
6 5 14 1026 11
6 8 10 506 3
14 13 5 897 4
4 6 7 1220 8
14 7 9 190 19
14 5 14 468 3
4 3 5 811 3
12 2 4 496 4
11 3 14 616 13
7 11 11 281 10
8 11 6 1049 13
10 4 2 856 5
12 11 6 234 3
7 14 14 726 17
7 11 10 409 10
8 13 3 211 2
9 11 7 809 17
9 3 7 209 9
9 8 8 552 10
9 7 10 1114 2
6 10 12 1063 13
9 13 12 1101 10
14 12 2 842 13
2 12 7 556 9
13 6 10 1094 15
2 8 5 416 12
8 6 9 236 8
9 13 4 584 11
6 3 6 140 3
10 7 4 159 5
