150
10 14 4 397 11
8 8 4 77 1
13 9 6 298 10
4 14 6 619 16
2 14 3 49 5
14 9 12 540 13
2 6 6 598 14
14 12 3 684 4
9 12 9 336 10
10 7 6 385 2
9 13 12 296 3
8 13 13 613 18
4 13 12 472 11
8 6 2 257 14
3 7 2 318 2
7 11 8 68 18
6 8 11 229 13
13 2 4 89 6
6 4 2 153 15
4 12 7 739 8
6 10 10 394 17
12 13 7 364 13
8 6 5 76 19
6 6 11 181 15
13 2 8 422 4
3 3 11 339 7
5 4 3 32 10
13 3 6 427 4
12 12 9 539 3
13 13 3 622 17
6 3 14 664 11
10 10 9 343 17
11 13 3 388 3
5 5 9 406 17
8 2 13 235 14
13 10 2 472 19
6 10 8 688 7
3 6 10 688 9
5 3 12 331 14
10 6 14 561 4
5 2 11 742 8
8 14 2 341 7
3 3 13 527 3
6 10 3 662 2
11 4 10 729 11
5 11 6 470 14
10 6 8 68 12
5 12 4 664 18
8 4 6 203 17
3 2 4 396 1
3 9 12 483 18
13 2 4 543 15
7 5 9 184 12
12 14 13 172 10
6 14 6 654 18
12 14 10 448 10
8 11 2 315 8
8 7 5 613 17
12 7 7 126 12
7 6 8 700 3
9 3 14 271 4
6 4 9 159 17
14 13 10 455 12
11 3 13 96 10
5 6 12 551 9
5 2 5 350 13
3 13 5 192 6
14 9 9 109 11
4 8 4 85 9
14 2 8 230 2
5 14 7 565 4
9 2 10 538 6
5 7 5 460 1
4 13 3 510 1
10 4 8 434 2
7 2 6 150 17
11 10 11 170 13
12 12 13 144 6
3 8 9 740 19
5 12 6 63 13
4 9 7 545 17
13 7 6 736 14
6 11 9 164 3
6 3 13 308 19
3 11 8 160 10
3 10 14 589 16
6 5 14 341 7
4 13 12 534 8
10 6 12 568 19
9 14 2 264 15
10 10 10 273 8
7 6 12 302 3
8 8 14 671 5
13 10 6 243 10
13 11 14 149 13
13 9 12 322 3
10 9 9 685 13
12 8 3 170 16
10 9 3 695 14
13 5 12 548 5
6 10 7 334 6
8 13 11 496 13
10 10 5 240 4
8 11 11 194 3
11 10 10 374 12
14 6 11 427 4
10 13 11 105 5
7 6 6 606 8
7 13 12 389 5
11 10 7 204 15
4 9 10 505 1
10 6 11 81 14
2 4 2 516 10
10 4 11 670 11
5 2 13 723 10
6 8 13 647 19
8 11 2 308 8
4 14 13 309 5
4 8 12 96 16
12 2 4 319 4
8 10 2 531 4
3 4 4 444 15
2 6 3 63 18
13 11 2 341 15
4 2 12 76 16
2 13 11 693 14
7 4 6 370 12
6 14 5 551 6
3 8 6 115 16
6 4 10 460 1
9 8 11 490 7
12 2 12 569 6
10 13 14 436 5
12 10 12 178 10
8 6 11 49 15
11 6 12 224 9
2 3 9 597 18
5 6 12 254 14
5 5 6 423 19
11 8 14 185 12
7 5 13 217 1
11 12 8 168 6
10 13 9 57 2
12 9 10 427 17
10 14 4 300 14
9 2 5 260 6
3 13 13 596 6
4 7 7 583 3
11 10 14 395 6
6 8 10 46 12
