100
11 2 8 341 3
14 9 8 123 7
6 6 13 362 14
7 3 4 123 2
14 7 13 167 11
3 4 4 378 2
12 13 12 44 1
7 12 7 344 12
12 8 4 461 10
7 5 5 199 8
2 7 2 39 10
12 3 6 222 19
13 2 3 432 13
9 11 14 476 8
10 5 7 355 1
13 8 2 146 3
11 14 10 160 14
8 9 4 267 9
9 8 14 119 18
3 8 11 126 9
5 7 12 379 4
13 4 10 114 7
6 13 5 386 6
13 4 3 362 14
6 11 9 383 15
13 14 2 405 17
11 5 5 424 11
9 13 3 319 16
3 8 7 202 15
4 14 14 425 14
14 10 12 380 19
9 13 3 368 17
3 4 12 188 18
9 2 6 71 13
6 2 14 349 16
6 3 13 467 17
3 7 6 111 6
7 9 10 46 8
13 2 12 381 8
12 14 12 310 7
7 12 11 466 4
11 6 3 293 5
7 13 7 441 4
4 5 9 486 4
12 3 9 368 16
14 9 10 100 16
8 7 10 276 5
8 8 11 470 8
14 8 11 133 4
6 14 4 142 4
5 6 14 156 6
14 5 3 237 3
9 3 8 430 1
6 3 3 233 10
8 4 3 93 18
6 5 14 78 8
3 8 6 482 16
9 3 11 260 16
5 14 5 433 8
11 7 14 424 11
3 3 9 236 8
6 11 9 46 8
9 2 12 377 11
13 2 7 494 10
4 6 5 481 18
9 11 10 439 3
11 2 9 88 16
13 12 7 498 9
2 13 10 53 10
4 11 9 297 3
14 2 9 427 2
8 8 7 463 4
2 7 6 92 10
7 5 4 249 9
3 7 13 155 13
8 8 11 402 4
10 4 5 432 14
2 14 2 246 6
4 9 6 70 5
11 2 12 428 2
6 10 8 462 18
12 5 6 79 8
14 5 14 405 6
7 13 11 119 4
6 2 8 432 12
10 6 11 445 11
3 5 9 335 2
8 7 5 246 12
9 13 5 46 8
4 4 11 78 7
4 4 9 246 4
10 8 13 459 5
3 13 9 475 8
5 11 8 318 3
11 2 5 114 1
11 6 4 41 11
5 2 10 139 10
13 9 6 290 4
2 7 6 58 5
8 5 2 59 13
