450
2 6 14 467 12
12 10 13 527 4
13 12 6 724 17
11 13 9 1456 12
6 14 13 1487 11
4 12 7 738 16
11 6 7 1131 13
9 8 11 2009 14
11 2 12 690 8
14 10 5 1115 15
2 7 5 1920 9
3 10 2 1346 8
12 14 12 328 10
5 3 9 1154 19
13 5 9 343 3
11 2 7 1492 9
4 11 3 372 16
4 10 6 974 4
12 13 7 2029 11
3 5 14 889 14
7 14 8 1640 9
7 9 3 254 10
13 12 10 2193 17
14 5 10 1462 17
14 12 12 1419 15
10 11 4 1832 13
6 8 9 933 8
8 4 3 185 3
11 12 7 467 10
11 12 13 1445 19
2 5 13 1163 7
12 2 3 758 19
2 3 13 1102 4
13 10 13 671 13
13 2 11 2157 16
7 5 11 708 9
11 12 7 467 19
2 6 10 832 7
12 14 7 665 17
13 3 10 1728 11
12 13 3 1265 7
5 5 8 1550 8
9 3 13 1109 9
3 12 9 871 4
9 11 8 476 9
7 8 13 918 2
6 4 9 2050 3
9 12 3 46 12
11 12 6 1078 2
11 10 2 271 6
8 6 2 1438 14
4 4 14 853 3
6 6 5 761 10
6 4 13 262 9
4 10 9 1078 11
2 13 8 458 18
9 10 3 743 4
11 7 10 987 14
5 5 3 1541 15
9 12 11 1661 7
14 9 11 461 7
6 9 6 264 14
8 14 12 573 16
11 14 9 1985 12
14 7 12 1710 4
4 4 12 1945 11
12 3 13 2224 12
8 9 5 342 6
8 4 13 1120 2
2 4 6 1647 1
4 5 6 312 17
9 4 12 1817 19
2 6 10 1151 17
4 11 14 210 6
13 6 8 1941 18
12 3 10 1479 14
13 2 3 1586 17
14 6 7 1639 13
5 8 14 1356 7
6 13 3 1654 10
10 11 11 692 19
14 3 12 1788 15
14 5 6 2091 2
13 12 5 1714 7
3 8 9 1916 4
12 4 3 79 7
4 7 13 1532 16
3 7 8 1110 15
10 8 5 1637 9
14 6 7 2198 11
13 12 14 1403 4
6 2 9 1541 7
13 8 14 2167 16
2 5 5 1589 8
3 4 10 53 17
4 12 8 308 3
14 2 5 1273 2
9 2 2 1824 16
12 13 3 103 1
9 10 2 550 2
10 10 13 182 15
5 14 4 1776 4
3 13 2 1032 17
5 8 11 1871 4
3 7 10 1118 4
6 12 11 1392 8
6 3 8 83 1
14 12 12 646 18
11 8 4 2217 14
11 3 2 1590 6
5 11 9 1657 6
5 5 12 1027 3
4 9 11 1246 3
2 12 14 1761 1
14 9 4 263 6
3 13 11 1588 4
2 6 3 1975 3
3 12 14 895 19
13 14 8 1557 2
13 6 4 790 14
11 3 12 1292 7
3 4 8 1599 14
8 8 13 257 7
11 9 14 1885 2
12 10 14 922 7
8 5 7 335 8
13 2 9 737 6
6 13 7 1380 1
3 13 2 1390 11
9 12 8 1978 18
11 12 2 268 5
2 13 12 183 13
11 9 6 649 4
14 12 3 340 14
7 7 9 1348 8
14 11 11 969 13
8 6 5 685 13
4 3 12 559 13
10 8 11 1230 11
4 14 14 60 19
3 8 2 1186 8
3 7 2 870 16
12 4 6 1841 16
4 6 11 1378 3
4 11 13 1406 17
5 13 11 163 2
9 3 4 1053 11
10 12 4 1531 14
3 4 12 219 11
13 10 2 1934 14
6 9 9 529 17
13 14 4 1533 16
8 5 11 1656 18
11 3 11 1400 3
8 10 14 1202 17
8 13 8 593 18
11 10 14 697 14
5 10 4 2065 6
13 6 12 1813 6
13 14 14 253 17
5 13 8 458 3
11 4 6 1362 13
7 6 11 798 8
3 8 5 1182 17
13 2 11 69 13
13 12 10 1637 18
14 10 11 1950 16
8 14 8 101 16
8 4 12 1805 19
7 8 13 1517 1
5 11 6 322 13
5 3 14 1699 17
6 14 2 471 18
13 5 13 807 6
11 4 10 925 3
12 9 6 1632 8
12 6 9 445 3
11 10 8 1501 4
13 7 9 1985 3
8 13 4 403 6
7 2 11 1487 15
9 9 11 944 12
10 8 6 1837 12
12 4 13 716 9
10 2 12 1552 9
6 6 6 1748 9
12 2 13 655 18
4 12 12 118 14
11 4 12 306 17
6 8 14 1151 13
4 8 8 1252 18
5 14 12 1250 8
10 3 5 973 7
8 11 5 1630 14
11 14 14 261 16
7 6 3 956 17
2 8 12 733 3
10 6 11 442 5
7 2 14 1448 10
12 10 5 766 3
4 13 14 1913 18
7 7 8 269 13
8 8 4 1641 2
7 8 14 1075 13
4 10 2 1694 6
11 6 3 666 10
2 7 4 871 12
4 11 3 1536 3
3 6 6 1579 5
2 2 6 398 15
2 4 8 1623 14
4 5 14 319 3
4 6 7 1777 1
3 5 5 767 9
4 2 3 518 12
2 12 9 512 2
11 3 6 455 13
9 2 12 222 11
8 5 7 1193 12
5 11 13 1051 10
10 10 7 933 2
9 13 9 2126 18
13 11 12 60 2
14 4 10 1315 10
11 7 14 1342 10
9 9 5 1865 7
11 14 13 116 3
7 13 11 2113 8
2 9 10 964 16
6 13 11 1489 17
4 11 12 1049 18
4 8 2 404 9
12 7 10 1573 12
13 4 3 253 16
4 5 3 2129 16
13 9 8 58 5
13 4 5 636 4
14 8 12 1158 19
2 2 10 1599 13
11 10 5 1835 17
10 2 2 1064 5
7 12 5 870 8
2 8 11 1024 3
6 4 12 1819 14
2 14 12 1546 19
5 8 10 110 10
5 14 10 302 7
12 14 14 1345 16
3 5 12 672 12
14 13 7 1449 11
12 13 3 792 16
2 12 5 65 15
8 7 14 941 5
3 9 11 1313 3
14 13 2 560 12
7 11 3 1069 4
10 9 8 273 18
8 3 13 994 9
7 12 11 554 15
3 4 6 77 1
13 5 13 60 16
11 5 4 1460 9
11 2 8 1325 5
14 3 13 204 1
2 14 7 206 7
13 9 3 2083 14
11 6 6 57 17
14 8 10 763 9
2 10 12 1856 8
14 5 3 2144 5
6 6 5 1154 18
8 5 10 1907 9
7 3 3 216 12
4 6 13 550 14
8 10 9 1096 3
9 11 7 1885 6
6 5 8 689 9
12 12 6 1255 3
8 4 4 522 17
11 4 11 363 16
13 6 11 251 19
2 5 5 175 9
11 13 3 1036 4
4 4 12 1326 9
2 4 4 460 18
8 5 11 1888 11
7 11 8 305 11
5 4 2 1891 19
10 14 9 788 7
9 9 3 280 15
3 2 14 1802 16
12 8 13 673 19
5 3 8 37 6
9 7 7 596 8
8 11 9 849 13
5 2 13 668 6
11 12 2 350 15
14 7 6 548 4
2 11 13 295 3
3 9 11 1916 14
2 5 8 608 16
14 3 5 1056 15
4 8 5 521 13
11 12 11 1454 4
11 2 12 1932 4
13 13 7 2154 18
7 6 4 706 17
9 10 12 986 19
7 7 11 1944 5
9 12 14 1898 14
10 4 10 1577 17
10 5 6 1845 18
4 2 10 1722 16
9 3 2 1915 18
4 8 4 216 7
9 10 8 740 14
12 13 12 1180 2
12 7 10 1527 17
3 10 12 98 9
14 13 14 2051 17
4 4 4 806 5
10 11 8 738 7
13 14 14 338 16
10 7 13 1602 12
5 12 4 1431 4
14 3 7 2100 16
12 8 12 849 10
2 7 7 696 12
4 8 5 1569 17
14 3 7 1081 1
9 14 3 453 3
7 11 3 785 3
7 10 13 871 12
8 2 5 167 13
10 9 7 2183 10
11 2 5 287 14
3 14 5 1151 6
13 13 11 1494 13
5 3 3 213 10
2 13 13 2111 18
12 6 6 777 5
13 10 5 1449 2
14 8 7 1299 18
7 5 2 466 4
3 7 3 1609 18
4 14 6 2243 11
7 2 12 2118 14
11 11 11 1114 2
12 3 7 891 14
10 5 3 1230 6
3 5 13 137 19
6 12 12 1434 13
13 6 13 1532 11
13 13 13 1293 13
7 13 4 443 8
3 13 9 1140 13
6 4 4 770 11
14 3 8 1409 17
7 4 7 202 9
2 3 9 378 1
5 6 3 1625 15
8 6 6 1585 2
11 13 10 66 7
8 12 2 1811 3
8 2 11 2231 10
8 4 11 90 2
12 9 3 149 19
2 2 2 956 11
5 9 14 1546 9
4 7 10 1969 14
13 7 13 2239 8
13 6 2 1577 6
9 11 7 85 1
10 5 5 243 18
10 6 12 2033 5
8 8 3 2019 1
4 11 14 1639 17
12 14 8 736 15
3 9 5 1895 15
4 12 5 2168 8
9 4 6 467 13
6 13 12 1177 16
11 14 6 659 15
8 12 5 1183 12
2 3 2 1279 2
12 3 2 537 12
12 14 6 1722 9
14 7 14 298 1
11 11 5 108 8
5 12 10 1070 19
3 2 14 434 12
12 7 13 1166 2
4 11 10 1724 5
6 11 14 1499 2
12 2 10 2062 18
2 8 7 80 9
11 8 2 1536 3
2 13 13 1648 10
7 14 8 597 2
3 6 3 1628 9
10 9 8 1421 3
8 6 2 295 13
2 6 6 1794 4
9 9 14 1594 9
14 9 6 558 13
11 10 13 491 16
9 5 14 31 19
6 10 5 1818 3
7 14 9 1851 12
8 9 12 1757 18
14 7 4 103 13
5 11 4 2213 9
12 10 10 1365 12
7 3 13 1924 14
3 14 11 615 10
8 10 9 211 11
4 8 10 878 12
5 4 4 164 19
5 6 13 39 15
6 9 12 1796 19
6 13 5 2214 12
8 8 10 1931 10
3 8 4 2092 4
14 11 14 873 4
9 7 9 35 11
5 4 5 398 9
7 5 7 466 4
10 14 7 272 3
8 10 12 2047 12
5 8 4 1044 3
14 2 14 1744 19
5 7 10 1696 10
11 14 13 773 8
4 10 3 1737 19
5 10 6 1679 1
13 2 8 448 17
13 8 10 272 10
14 9 3 1554 12
13 11 9 395 14
2 14 11 1407 11
8 10 2 1100 8
3 7 4 1158 18
6 13 12 707 7
8 10 2 562 19
7 10 5 2209 12
4 8 3 1138 4
10 2 9 1298 19
8 5 6 348 19
2 6 10 63 2
4 2 14 483 15
