350
7 5 6 1583 17
12 9 2 1384 15
11 3 5 72 5
6 8 12 1198 13
9 11 14 1587 16
13 7 6 982 9
14 13 6 1250 19
14 10 13 1532 3
9 10 6 577 2
4 8 10 1555 5
4 3 10 455 7
11 11 11 731 14
12 6 8 519 3
14 10 6 441 11
12 14 5 1380 3
14 13 3 1207 14
2 7 2 1032 14
12 10 6 1138 19
9 9 10 223 7
9 7 2 1157 4
10 5 10 52 6
13 10 12 1410 18
3 7 11 1076 10
6 9 12 142 9
9 5 11 47 3
7 9 13 52 14
8 4 9 536 16
5 7 9 98 18
5 4 8 195 13
14 4 12 496 10
14 2 3 1714 13
10 5 6 1315 4
11 9 10 1639 9
7 2 9 388 14
12 9 12 511 17
6 4 7 1061 4
13 5 13 955 12
14 9 12 373 4
13 9 2 1387 2
14 8 13 570 13
5 14 7 1147 11
13 4 11 1286 9
8 13 14 1437 9
5 2 14 444 7
14 12 8 1169 8
13 3 12 528 4
8 8 7 325 10
9 2 5 993 3
13 14 2 981 2
8 2 13 1085 12
2 11 3 103 15
2 13 4 1164 2
5 5 11 192 13
5 8 12 253 2
8 12 6 637 6
13 8 4 698 15
3 11 7 605 2
4 3 5 1395 12
6 10 11 1217 5
2 3 10 414 19
12 7 11 1534 14
13 4 11 1035 19
4 9 14 420 16
2 3 13 414 13
13 4 5 1328 16
8 2 2 1546 14
3 4 11 836 16
7 13 14 923 11
11 6 12 1421 8
5 13 7 1354 18
13 14 6 80 3
12 13 2 446 6
14 8 4 182 2
6 10 5 973 9
12 10 4 424 11
2 8 8 685 19
8 7 8 1042 4
12 2 6 1204 7
10 5 12 884 5
6 9 10 946 11
5 11 9 255 7
11 5 7 248 5
5 8 12 1075 12
6 4 11 1410 4
5 11 9 65 17
9 4 11 1516 4
5 10 4 1137 19
14 3 9 704 13
3 10 2 1030 16
13 2 5 47 16
8 5 12 1256 11
10 12 13 421 9
3 9 10 1158 18
10 2 10 1074 11
10 3 2 991 19
14 7 4 878 1
11 5 13 592 11
4 6 8 698 11
11 13 11 577 4
13 8 3 325 2
4 8 8 256 18
5 5 6 721 4
8 11 12 1333 11
4 9 5 1359 7
7 8 11 846 1
10 5 2 904 6
10 2 9 584 3
2 12 13 1506 11
14 14 14 218 3
10 2 14 485 10
14 3 3 719 16
12 4 11 1115 5
11 5 4 233 15
14 12 9 736 12
2 3 5 768 7
4 8 12 1169 7
9 11 9 191 14
6 8 3 381 16
2 14 5 729 7
11 6 6 195 18
3 12 14 795 19
7 7 2 716 12
8 3 9 223 16
7 12 13 1126 13
3 11 2 708 9
11 6 3 1408 10
3 11 4 1259 6
4 5 5 331 5
2 3 14 556 14
9 14 8 705 19
4 7 6 1265 3
9 2 3 1071 12
6 5 10 1565 7
7 4 2 1032 17
11 12 3 148 3
12 14 2 128 16
3 11 5 1374 8
6 13 11 1014 4
9 12 5 1465 11
4 12 2 196 19
5 8 4 1621 11
4 9 14 153 11
9 6 9 648 1
12 10 4 196 5
5 13 5 852 7
10 6 2 237 6
9 10 11 933 15
14 10 6 630 5
5 8 9 582 12
14 12 2 1320 15
7 3 11 1428 6
14 13 14 1569 2
4 7 8 434 13
2 2 2 1063 14
7 11 2 1069 17
3 14 11 1558 1
3 3 5 1455 6
12 5 12 1615 2
3 10 3 1216 9
7 5 7 570 8
11 8 4 1545 5
9 13 10 316 4
6 5 6 454 6
14 10 3 824 2
8 9 6 1734 8
12 8 6 78 4
5 12 3 868 18
3 5 3 310 2
13 2 2 809 13
11 5 5 556 11
2 8 2 474 4
14 2 3 694 14
2 5 6 969 14
8 14 5 1014 17
11 3 3 1605 2
5 14 8 625 11
13 9 3 753 19
5 5 9 829 8
12 11 13 825 6
8 10 12 919 8
9 14 8 1274 11
7 2 2 474 9
2 11 7 1039 4
11 8 12 983 7
6 7 6 213 19
2 9 10 1501 15
14 11 7 1525 14
3 2 5 1673 11
3 7 8 769 11
4 4 6 1599 4
14 7 6 1455 1
3 4 13 1111 8
3 3 7 622 4
11 5 12 1703 9
5 11 11 287 18
4 4 10 660 2
2 9 10 76 2
10 2 10 1103 7
6 4 4 26 6
3 9 12 852 13
9 12 4 1458 4
6 9 10 736 10
3 14 13 798 17
9 9 5 958 3
5 2 8 1030 6
8 7 8 866 3
3 3 6 561 18
14 3 4 1373 16
3 12 9 597 14
3 12 5 1560 10
13 8 8 72 5
3 10 3 763 14
4 4 3 1076 14
13 13 4 295 5
7 9 7 1719 4
8 9 12 1395 12
8 13 10 1749 15
5 7 8 295 12
12 3 13 559 8
3 2 11 854 2
3 13 10 252 5
14 2 3 1001 19
7 6 8 127 17
5 4 7 372 11
6 5 3 343 3
6 2 3 1634 10
12 14 5 815 14
2 3 6 331 1
4 6 5 712 8
12 14 6 1677 14
7 12 7 79 2
4 4 3 454 10
6 2 4 1022 13
6 8 8 455 3
12 8 14 1315 14
12 5 5 1526 19
11 12 6 719 13
5 7 13 45 16
9 3 7 621 18
6 9 9 1745 5
4 4 10 1429 17
12 10 7 152 12
11 13 7 1613 6
6 14 5 358 11
7 10 8 718 16
4 8 10 1493 13
9 13 12 1256 17
5 3 4 1678 3
3 3 8 332 13
8 9 2 1689 1
7 2 5 933 1
2 4 7 1115 9
9 2 2 1179 18
5 11 12 906 7
9 3 6 1499 12
2 8 14 133 10
6 5 10 315 18
3 14 5 166 1
8 12 14 894 2
4 7 6 1731 16
6 7 8 722 18
14 8 11 1342 5
5 5 4 697 2
8 10 13 654 11
9 14 14 1507 19
12 9 6 304 3
3 13 11 1329 19
7 8 7 615 3
5 7 5 258 14
11 8 5 1015 1
4 11 5 73 9
13 9 14 1196 10
11 8 6 1512 1
5 7 4 220 4
4 7 8 1320 9
3 12 5 242 6
4 12 9 1740 6
5 4 4 547 19
6 8 8 1148 6
5 14 6 1136 13
3 8 6 684 17
6 9 8 873 15
5 10 14 633 16
13 9 12 419 15
14 3 12 1262 17
12 9 8 1388 16
4 9 11 266 12
4 6 6 619 10
11 6 4 460 19
10 14 6 169 8
12 11 13 585 18
11 7 10 1227 19
9 7 3 1133 6
7 10 8 1634 13
8 8 7 954 5
12 10 8 1657 7
2 9 8 676 9
8 13 5 315 3
5 3 12 76 12
3 7 11 965 14
14 8 11 1509 11
14 11 13 259 10
3 10 11 80 8
13 7 13 693 18
6 11 4 630 16
11 12 3 911 18
4 8 10 562 9
10 6 8 653 17
13 3 11 211 5
14 12 4 201 13
8 11 3 1181 7
11 3 10 741 9
8 14 5 334 10
7 9 5 1413 8
14 12 14 1685 8
8 8 4 746 5
11 13 6 801 11
11 11 9 1717 4
2 9 13 322 6
14 5 8 983 1
10 10 8 1106 17
13 11 6 1042 16
3 2 6 1506 1
13 13 13 944 17
6 14 7 1408 17
6 14 5 298 2
7 10 14 531 10
2 6 10 1436 1
6 3 3 1416 9
11 11 14 629 6
10 12 14 246 6
14 10 4 1187 16
6 9 2 1460 5
10 2 6 655 5
7 7 14 716 17
3 14 8 45 11
5 7 6 1259 2
12 4 2 137 6
7 4 12 224 17
6 13 9 1091 18
14 11 7 208 10
7 12 7 714 17
11 13 12 1514 4
4 14 2 1726 16
12 2 7 963 19
3 8 4 1207 4
5 4 13 1481 7
7 11 13 758 10
14 12 9 1509 7
9 12 8 1472 11
