150
10 13 15 252 26
14 14 6 522 17
8 7 9 509 3
7 8 13 149 1
8 8 7 63 13
15 2 8 157 10
5 7 4 127 27
12 8 9 518 16
5 5 7 131 29
5 9 4 303 13
7 7 3 460 1
7 7 9 435 29
7 10 4 291 21
8 8 12 247 10
6 2 14 328 20
5 15 5 322 29
11 13 11 352 29
2 2 9 51 16
2 8 12 198 23
9 14 11 467 23
2 8 14 216 17
5 12 15 625 5
4 5 11 356 28
1 1 3 476 14
15 15 13 268 4
10 13 5 196 26
4 4 12 373 26
12 8 2 381 29
6 3 11 314 25
15 12 10 576 16
13 15 3 619 4
14 5 5 234 8
2 15 8 141 6
6 1 9 19 26
10 15 6 433 24
14 7 2 178 25
11 4 11 543 27
15 5 15 72 19
1 10 8 240 16
9 10 2 64 15
11 15 5 559 17
3 12 3 152 23
3 10 13 433 19
4 8 1 459 15
1 12 11 35 29
12 13 13 616 25
15 10 14 576 10
3 13 13 373 12
1 3 2 94 11
12 10 9 200 15
13 3 15 122 28
6 6 14 92 14
8 10 14 314 22
12 8 13 362 28
9 13 14 598 7
1 3 9 373 6
4 8 5 573 1
10 2 5 77 10
10 13 6 149 1
15 10 8 508 21
13 2 11 214 21
6 6 7 565 12
2 12 8 451 9
12 4 8 478 29
14 14 4 316 10
15 10 8 431 13
13 2 10 524 22
10 13 6 278 30
15 4 13 210 15
10 15 6 344 27
6 1 5 26 11
6 1 11 407 23
2 2 4 376 23
6 7 8 316 21
3 3 4 256 21
1 10 11 353 10
2 1 6 82 29
12 7 10 349 3
5 13 4 287 8
14 6 2 445 20
3 10 10 144 2
7 13 13 270 9
8 4 1 579 11
10 12 12 142 26
9 8 12 373 21
7 14 12 207 8
14 4 12 156 19
10 10 4 361 13
10 5 7 513 14
2 13 14 133 4
5 11 12 449 17
8 7 7 271 18
1 1 13 571 7
1 14 5 154 17
2 8 6 96 4
7 10 13 482 6
13 11 10 400 13
15 1 4 377 10
10 11 3 195 7
1 2 2 263 28
2 6 8 131 4
15 12 12 170 7
1 13 13 426 10
6 12 1 354 6
2 8 5 407 10
1 12 6 77 7
1 5 15 194 7
10 3 1 551 23
4 13 7 450 23
4 11 15 81 27
3 4 13 459 29
11 7 13 603 11
12 10 12 72 21
13 7 9 262 11
10 4 12 600 14
4 9 8 329 16
13 12 7 529 18
4 13 2 138 25
6 13 15 486 23
6 10 15 78 15
14 1 13 214 5
3 11 4 104 25
12 6 13 176 3
11 6 7 441 1
10 1 15 47 8
4 1 13 451 30
15 3 14 513 6
7 4 2 427 29
9 8 11 450 20
4 14 8 538 4
7 9 10 439 20
7 2 11 309 27
15 6 10 586 30
5 14 6 237 30
10 11 13 520 12
14 2 15 148 10
11 15 13 551 21
5 2 6 214 17
11 8 11 603 5
1 8 1 64 27
7 9 8 45 29
12 5 7 465 12
11 8 5 216 13
14 7 9 543 12
8 4 13 599 2
15 4 9 386 3
7 4 1 596 20
4 5 14 383 26
10 2 8 74 10
4 13 7 251 25
