300
8 6 6 717 16
7 13 8 699 41
11 5 6 1112 56
12 14 4 724 54
3 5 6 1188 60
14 9 5 32 10
11 15 1 76 41
11 2 8 1112 7
4 2 1 656 5
10 6 13 1093 50
10 4 1 617 9
3 13 7 939 29
11 10 14 433 12
4 12 5 283 22
3 3 11 983 45
13 2 7 1173 23
6 3 4 809 30
10 3 9 557 19
6 11 7 849 1
3 3 3 922 15
7 1 12 1180 59
15 1 14 502 49
2 13 11 517 16
1 9 2 64 58
10 1 11 626 47
1 15 14 359 59
11 1 11 1015 38
8 10 2 98 30
11 12 7 1088 42
9 6 3 1021 37
2 13 3 1060 4
2 7 15 530 57
3 11 14 1124 46
15 11 12 98 43
3 14 14 612 8
3 1 7 1080 29
9 4 7 367 52
3 3 8 719 58
12 4 7 1214 23
12 9 11 239 55
2 6 15 451 40
10 3 5 1205 26
2 4 14 322 22
9 3 8 569 28
5 15 10 1010 15
1 6 10 532 13
11 6 11 771 29
11 1 15 163 9
6 4 6 840 12
9 10 10 295 4
4 5 14 693 45
11 3 14 715 39
9 4 10 871 58
15 10 10 669 19
2 3 8 1074 49
2 3 13 226 36
10 12 1 765 43
13 14 7 833 13
7 13 2 491 57
15 1 10 730 37
15 1 5 1092 45
2 15 14 478 32
12 7 8 506 45
3 4 12 26 9
8 2 6 961 17
11 13 11 590 53
10 14 5 919 9
12 3 14 232 23
8 1 7 536 17
11 11 14 275 32
12 4 1 556 25
6 11 6 463 41
12 7 7 803 15
6 14 14 977 40
1 2 3 10 58
10 14 1 614 57
7 11 3 302 31
3 4 1 1012 21
11 14 6 178 14
9 5 5 282 21
4 10 3 345 37
1 15 10 157 35
2 1 6 1196 26
4 11 12 331 3
8 10 2 776 37
15 13 10 236 28
7 3 12 263 6
12 1 15 663 28
15 6 4 946 45
5 10 14 455 25
2 2 8 77 21
14 11 5 1198 32
8 14 11 736 49
3 5 8 852 33
2 11 14 238 6
8 11 14 548 3
4 2 13 568 20
13 8 15 1041 6
11 8 8 320 4
8 4 9 224 9
15 4 14 1006 2
3 13 11 467 15
8 9 7 392 57
13 5 11 1180 54
10 4 8 638 47
1 15 9 701 59
14 9 13 1108 18
1 2 7 15 34
12 15 13 431 34
4 11 3 825 45
15 2 2 380 29
5 1 3 544 54
5 1 10 937 32
11 9 13 1158 52
2 8 2 560 28
4 13 14 932 60
2 7 15 700 27
12 11 6 592 30
8 14 12 411 25
13 4 1 149 10
13 4 7 261 21
15 1 15 950 14
12 8 5 1105 19
14 10 5 334 38
15 1 8 310 40
8 9 14 246 4
5 9 3 1169 47
1 13 11 204 10
10 14 6 167 47
1 12 14 585 28
11 14 13 69 12
3 6 8 612 18
4 15 1 1091 56
9 1 4 832 49
13 6 11 347 43
14 3 11 842 25
8 5 3 1197 2
13 12 12 719 37
9 9 2 320 47
15 7 6 741 24
13 7 3 219 29
2 1 5 1128 19
8 11 8 944 48
12 7 3 1197 36
7 1 13 251 31
2 2 2 799 15
13 14 2 786 4
10 4 15 826 16
13 13 10 765 20
5 5 4 870 13
3 13 14 1215 52
14 9 7 51 5
8 6 11 183 32
11 4 9 1178 3
6 12 13 969 48
2 3 3 394 14
5 3 9 1157 44
12 4 4 665 32
5 4 9 120 48
1 11 8 612 50
6 5 13 194 10
7 4 9 971 40
1 10 3 1109 24
6 2 8 599 36
5 14 4 1093 44
15 5 9 802 43
15 4 10 708 24
7 10 6 148 59
11 5 2 1093 43
10 14 5 612 16
6 10 10 812 7
5 10 7 592 25
9 10 2 150 57
14 11 4 771 45
8 7 9 694 59
12 12 8 709 32
14 2 1 560 49
12 12 4 1187 42
4 4 6 527 25
4 1 6 468 5
7 11 1 340 45
11 10 6 532 44
5 5 14 1190 50
14 15 3 332 2
10 9 9 577 5
4 14 4 747 28
11 2 12 526 18
12 7 10 781 4
12 8 10 454 12
2 11 1 785 3
13 10 6 911 59
13 14 7 700 52
11 4 6 1174 38
9 1 5 123 50
13 13 6 387 47
2 3 15 36 15
9 15 9 728 25
1 12 1 332 1
8 4 11 1163 55
3 6 12 475 60
12 8 1 1220 58
12 9 7 237 30
2 6 3 1069 30
4 2 15 546 60
4 12 13 359 37
12 10 12 39 1
7 10 11 55 24
12 6 3 1171 45
10 5 5 936 48
10 14 13 64 19
7 13 5 832 18
15 9 7 841 43
5 15 12 886 15
12 12 12 145 35
10 3 5 825 10
4 11 9 871 59
4 13 3 1112 54
6 3 14 898 24
8 14 7 431 20
4 11 1 796 42
4 7 14 881 45
8 5 3 196 54
5 3 1 338 6
1 14 13 257 26
12 1 9 1085 14
8 5 11 618 6
14 14 12 398 42
1 8 6 1172 60
12 3 4 749 20
15 9 4 247 20
2 1 5 1198 20
8 10 9 888 16
8 6 15 767 52
8 12 12 897 47
6 7 2 849 46
11 5 2 582 6
6 9 11 511 60
1 12 6 440 35
5 6 15 509 8
11 12 5 1143 52
14 2 12 881 26
14 3 6 502 18
14 12 3 1141 48
4 7 11 526 30
12 1 3 88 5
4 7 12 172 60
10 11 8 251 13
2 2 14 279 41
15 2 13 939 32
3 4 5 246 9
9 1 11 58 8
6 14 15 82 30
4 6 4 1177 11
15 11 9 649 51
11 15 12 209 35
9 3 3 904 36
15 3 6 752 40
8 13 1 714 8
5 8 4 399 41
8 13 3 881 22
3 2 8 73 34
13 10 10 1217 59
9 15 4 33 47
6 3 8 279 16
3 7 3 263 50
13 4 9 296 23
3 11 2 336 33
9 8 15 890 2
3 14 9 402 58
1 10 2 789 28
10 11 3 882 1
14 11 10 865 6
9 2 12 725 41
9 3 14 454 9
1 4 6 989 32
9 14 2 332 28
13 7 10 447 12
5 3 10 808 54
2 2 4 903 42
8 15 12 1106 51
13 5 13 1158 35
9 13 4 478 34
3 13 13 489 39
15 9 11 1100 24
8 8 4 207 40
9 15 6 198 1
13 6 2 661 4
9 8 6 209 12
4 10 2 1131 43
3 5 3 809 37
15 1 10 988 6
13 12 8 646 1
4 1 12 141 10
4 11 2 331 12
14 2 5 472 36
7 7 9 352 30
2 4 6 149 39
12 13 4 560 27
10 6 14 690 50
8 13 5 672 23
