400
1 4 7 208 4
8 13 7 1358 18
10 12 8 496 43
3 5 3 1148 78
5 13 13 1385 36
4 4 6 168 69
5 6 11 723 39
3 9 2 1260 60
13 11 2 1430 25
3 5 10 849 23
7 15 14 224 56
7 11 2 350 64
14 3 14 190 58
1 1 2 619 38
4 10 1 627 34
10 14 2 1151 77
6 5 10 32 62
15 6 2 1157 71
11 13 14 190 49
9 12 9 1286 77
1 4 11 685 43
9 12 13 175 75
13 14 12 1573 38
10 13 5 1561 55
4 13 15 1216 36
15 9 6 93 50
10 5 10 753 56
11 5 5 442 58
14 13 1 562 26
15 9 9 1419 25
10 6 7 246 72
14 10 5 461 40
14 12 7 1053 80
2 14 2 163 20
6 15 11 1418 19
13 8 11 913 28
6 2 1 1207 37
14 14 14 834 61
7 2 12 1186 8
5 7 1 1189 34
12 6 7 363 25
5 4 2 344 48
10 4 12 307 17
15 15 9 1285 58
8 2 13 1093 5
9 8 15 1002 69
12 10 4 1586 3
5 5 9 333 9
10 8 12 946 61
2 3 8 1333 77
5 9 12 1244 38
9 11 1 149 64
6 15 12 1243 60
14 5 10 632 14
8 7 2 1158 32
14 1 1 502 8
8 11 10 300 13
7 3 7 933 56
12 4 14 508 73
13 9 8 957 67
8 2 6 1276 69
11 2 14 1170 61
15 1 15 970 28
2 5 3 458 58
5 9 15 1021 71
13 3 14 214 25
6 6 2 1354 54
6 9 6 127 57
3 9 6 377 60
11 3 10 76 56
8 14 3 1190 10
8 12 9 177 65
11 5 10 833 38
3 4 5 1154 64
14 13 14 1143 70
11 6 3 1347 44
9 8 11 1376 4
3 3 6 86 11
2 12 6 451 74
1 5 12 276 18
11 13 4 130 37
6 14 13 798 49
6 10 2 1463 72
10 11 12 1389 55
4 8 4 350 53
7 14 13 1556 3
4 12 3 1543 13
6 6 6 114 59
13 1 11 582 3
11 1 13 1354 4
3 11 11 1325 27
3 13 7 366 36
15 1 13 1610 69
4 12 11 30 41
6 8 6 96 4
14 14 4 1320 55
1 7 3 210 38
14 2 10 685 15
5 2 7 676 75
6 10 1 1088 69
12 2 4 303 10
15 9 8 1027 76
11 10 3 487 41
1 15 11 1265 38
13 8 2 480 44
7 13 7 1487 16
7 3 14 944 23
6 3 2 1131 32
14 13 7 895 50
9 15 15 502 26
4 4 14 731 38
2 10 4 520 42
14 3 15 865 45
9 15 8 593 18
2 15 7 62 63
11 12 12 1622 60
2 11 2 440 65
1 3 13 1114 71
15 10 11 1487 68
5 3 9 561 45
12 4 4 490 5
9 8 11 223 73
12 11 11 1069 13
3 2 13 77 28
2 10 4 29 57
13 8 5 1234 69
7 11 6 1529 47
8 4 8 247 67
7 6 13 1451 21
10 3 12 429 54
1 2 5 200 51
6 1 4 897 76
10 12 14 1369 6
14 12 8 864 79
7 14 9 1270 69
8 10 4 631 27
14 8 4 128 38
3 4 15 294 53
1 11 13 1553 70
12 7 7 109 31
6 6 2 1286 49
1 15 1 161 43
4 14 7 630 77
1 12 13 1248 31
11 3 12 137 1
4 4 15 742 76
3 12 6 1062 63
1 9 15 240 61
4 5 11 1164 9
3 1 8 578 14
8 2 2 266 11
4 3 11 1437 76
9 3 13 957 26
15 15 11 1572 24
9 9 15 45 28
5 9 10 1310 58
6 13 5 1095 75
5 3 14 740 65
10 9 10 1553 61
9 1 4 567 65
10 12 12 372 15
10 10 15 1464 64
6 5 9 881 79
8 4 6 153 26
1 1 7 344 11
11 4 3 1397 27
7 4 8 341 40
13 1 3 845 76
15 7 8 1063 36
13 1 4 907 70
12 10 4 50 43
6 9 1 953 21
3 13 11 1038 24
7 2 9 908 12
8 4 11 1285 56
5 7 7 1574 15
14 7 14 1196 75
6 6 4 552 53
1 7 7 1238 6
3 10 6 747 43
7 15 15 820 74
4 11 5 1367 72
9 1 4 63 51
10 10 10 326 53
10 7 11 1459 10
11 14 8 364 54
8 1 4 1544 77
14 13 5 33 53
12 7 7 212 73
10 3 14 1381 68
5 5 7 367 28
12 15 3 1173 23
15 11 13 1303 31
2 5 8 684 57
4 8 2 1001 66
15 13 5 1382 27
12 9 8 1455 66
4 9 6 1405 79
7 11 8 1068 33
4 11 4 413 31
5 6 9 36 52
14 12 5 515 58
6 10 7 1553 31
8 4 10 1235 30
14 6 15 287 22
14 2 14 1028 72
5 4 2 244 46
13 11 15 139 31
11 1 6 903 17
13 8 13 480 36
10 4 8 328 79
7 6 12 1075 65
15 5 6 53 60
7 12 1 823 76
11 7 13 504 60
7 11 6 1482 35
5 6 8 1162 55
15 12 12 1302 60
5 5 14 1325 73
7 4 13 1516 59
7 5 13 711 11
13 15 5 864 14
7 11 4 202 51
13 6 5 1412 45
12 14 2 1599 3
4 9 9 1137 6
14 8 12 986 78
10 15 11 497 52
4 13 13 1423 36
3 4 12 1437 24
1 3 6 195 5
13 6 8 747 14
8 11 13 1354 34
5 5 11 554 12
2 13 12 133 39
9 9 7 255 50
10 10 14 786 44
1 5 13 483 22
2 6 6 99 67
5 13 7 413 22
12 12 15 1253 26
12 15 8 987 29
10 7 3 1390 32
2 3 15 1300 36
12 12 11 660 40
11 6 12 559 35
9 4 2 1023 66
3 8 3 1312 43
7 9 8 314 19
1 5 5 521 15
7 13 1 753 3
8 5 11 981 52
9 8 10 545 14
12 15 14 679 2
7 11 11 793 60
8 7 14 350 52
9 2 5 667 51
13 4 1 930 47
5 10 13 1367 23
3 6 7 1096 76
6 15 3 135 60
5 1 10 107 73
8 5 5 1471 42
4 15 14 1501 64
14 14 8 1352 79
10 15 14 1082 38
1 11 12 988 5
12 12 13 886 23
12 11 1 522 65
10 4 14 1150 34
1 13 10 202 32
15 12 9 1483 49
8 4 13 879 58
1 7 12 1031 52
14 9 12 70 20
1 11 4 361 49
11 4 3 1520 14
5 15 8 345 5
3 3 10 1220 80
4 13 8 675 7
3 6 5 1042 71
6 14 2 824 11
15 12 1 1039 24
1 12 14 207 18
4 10 13 263 31
7 1 5 145 58
3 12 2 1393 45
7 12 7 1512 33
15 1 5 1060 62
10 6 9 334 6
4 6 9 354 55
5 4 11 1260 28
2 6 1 557 29
7 2 11 1341 80
1 10 1 456 3
10 5 5 1002 15
9 4 1 827 57
9 12 7 771 49
14 15 11 920 67
13 9 12 700 63
5 7 4 277 68
2 11 1 1527 44
7 12 10 580 35
4 7 15 1456 37
5 8 15 161 62
3 12 4 1039 19
11 1 7 602 42
11 8 11 1204 25
7 9 4 314 75
8 5 9 1408 60
8 9 15 687 67
2 11 2 926 11
15 13 3 865 28
15 7 3 128 79
2 12 10 876 24
15 2 12 469 69
7 15 6 1528 65
10 4 2 1009 28
14 13 10 1253 53
11 5 8 1580 29
11 1 12 643 39
3 7 12 1106 50
12 9 5 812 39
1 6 9 506 48
4 6 3 1260 14
2 8 1 1306 10
1 7 5 1518 47
9 14 3 48 15
6 8 6 571 3
4 5 9 390 24
7 7 14 1415 73
7 8 4 940 28
3 14 8 1499 70
6 3 4 40 55
4 10 14 790 42
1 6 5 1332 70
6 8 6 263 31
5 4 12 795 11
9 10 2 1001 52
7 12 7 503 79
8 4 9 1369 75
13 10 4 1505 2
8 9 15 1059 44
14 14 11 1153 6
13 12 12 104 64
11 2 6 23 8
10 4 6 1326 74
9 7 13 1374 37
4 5 8 1349 70
12 14 10 912 5
3 12 10 371 29
11 12 8 383 67
7 7 1 922 15
1 14 12 534 39
1 8 11 540 15
1 1 7 1516 34
9 8 10 338 66
8 8 4 591 71
3 11 5 508 78
10 5 13 1197 4
5 13 13 1387 14
9 13 6 672 15
13 7 11 1539 13
13 10 3 608 71
9 14 4 92 10
12 6 7 1256 10
4 8 3 528 72
12 4 15 926 41
5 8 14 214 25
3 9 14 1520 21
7 4 7 1593 50
7 11 1 1133 41
15 3 15 717 73
11 5 9 517 11
12 14 3 888 72
10 5 10 1423 1
3 11 9 1106 42
15 3 12 1199 26
3 14 8 286 3
4 1 5 425 14
6 3 14 1274 75
15 4 4 388 46
8 3 9 88 7
1 9 4 669 55
14 11 14 1037 15
9 4 2 1222 38
15 3 13 41 77
1 13 7 1304 13
1 4 11 1264 33
3 12 9 1613 5
7 9 10 1306 80
8 14 9 493 48
11 13 2 787 1
11 9 4 1139 17
4 14 1 190 77
1 14 6 441 41
11 3 6 402 42
9 13 4 165 1
2 7 4 1397 32
12 3 13 605 44
