500
1 12 7 1253 87
5 10 7 42 73
15 9 10 377 62
9 5 2 162 55
10 7 4 857 81
7 5 8 604 97
3 10 13 247 79
4 9 15 1977 48
4 5 13 1407 36
7 7 3 1858 10
4 3 11 1583 9
9 13 5 1793 26
9 14 7 1734 47
6 5 10 772 19
13 13 9 1175 49
5 6 8 1230 52
14 14 6 1299 38
5 15 4 913 61
6 11 6 389 16
8 13 15 734 12
12 10 12 1478 47
13 4 6 1593 46
10 9 12 172 23
13 2 13 507 4
12 3 2 909 65
6 11 11 1187 17
15 11 4 1513 7
8 3 1 967 76
10 15 8 1302 87
9 15 8 1202 3
10 10 10 983 12
8 1 1 56 51
2 12 10 487 77
4 8 1 1211 58
6 15 14 1783 54
1 6 5 394 89
15 12 14 1354 33
14 11 2 1528 16
1 12 13 577 31
13 9 15 1788 88
9 13 6 832 34
3 5 6 1323 15
4 10 5 517 41
7 13 9 1645 31
15 2 12 376 23
2 7 14 550 28
3 7 3 1156 52
9 7 11 500 21
13 2 3 359 89
12 15 1 805 65
1 7 4 347 97
3 8 8 1761 22
2 14 3 158 9
15 10 3 876 48
11 7 6 525 68
15 8 7 1158 59
15 14 1 1680 43
6 1 15 1179 68
3 5 7 303 33
12 13 8 291 2
2 12 10 144 94
7 12 9 1334 2
4 3 10 1590 14
14 6 2 1845 98
12 13 6 1675 8
1 9 4 1554 4
1 4 4 900 21
4 15 6 1526 15
2 5 15 1778 64
14 6 13 281 85
4 14 9 1674 37
3 7 2 1995 79
11 2 11 1878 93
14 12 12 1867 100
10 11 12 242 32
5 3 3 404 14
3 9 1 1398 7
7 12 2 550 18
7 6 1 203 55
4 9 7 84 12
12 8 5 1124 73
1 4 5 942 23
12 4 4 145 63
11 10 10 690 24
4 15 2 1539 87
2 6 1 1766 49
7 2 13 1763 4
1 8 11 1945 52
6 14 7 1383 54
10 15 13 502 23
6 8 9 1148 37
3 5 10 1941 39
15 14 2 1021 26
4 4 15 1593 72
8 14 13 1405 36
4 13 6 521 32
8 13 5 1907 44
14 10 10 1338 91
8 6 14 1490 62
9 6 6 1931 93
14 6 8 209 77
14 3 12 1543 38
14 12 9 1942 51
5 4 10 438 73
14 15 5 1462 80
10 11 10 687 36
13 11 14 1363 41
3 11 4 446 81
3 12 10 887 2
14 2 5 708 31
13 14 9 1256 1
4 11 3 547 37
6 13 12 1965 36
10 4 8 1996 81
2 5 1 642 78
8 5 3 812 33
2 7 4 1978 74
1 3 15 128 13
7 3 6 1773 9
1 14 6 312 76
11 7 9 221 63
1 7 2 1519 66
8 9 1 1508 47
13 4 11 1681 9
8 7 4 1834 92
9 6 1 750 83
7 12 8 1396 3
12 6 7 756 7
9 10 6 1087 61
7 2 2 179 94
4 5 14 319 27
12 7 1 1601 96
13 9 2 1952 60
15 11 7 1755 70
1 3 2 279 88
1 14 12 207 29
8 14 7 1499 7
7 9 7 569 33
8 6 6 995 29
2 8 10 1266 69
11 1 10 409 71
10 14 10 205 66
4 8 3 1027 55
2 13 11 1618 21
3 15 8 1512 21
7 8 8 616 96
2 1 14 755 13
15 7 13 1872 46
4 7 15 1280 72
13 14 12 500 72
14 4 13 657 25
12 3 13 1142 46
14 13 8 1650 58
4 15 4 564 22
14 14 4 621 99
14 8 4 750 10
6 13 1 1875 34
14 10 3 724 56
1 6 6 1206 65
9 9 12 723 99
9 4 8 1258 71
2 13 14 187 28
10 9 11 832 2
11 8 1 1210 17
14 10 8 1058 42
4 3 4 476 81
14 11 12 1475 16
7 15 10 705 65
12 8 15 622 61
12 3 9 1204 78
6 2 9 83 59
4 10 7 1501 55
1 12 7 1507 83
4 11 6 651 56
5 12 7 997 29
10 13 9 861 99
1 3 4 1654 79
8 3 14 461 48
12 9 12 1235 7
9 2 10 739 17
7 12 2 1941 23
15 7 10 1421 94
3 9 12 604 83
13 4 9 626 28
10 1 14 366 78
10 5 1 303 21
9 1 5 1584 34
6 11 3 468 28
9 13 11 494 90
11 6 1 1435 48
15 5 6 1179 70
1 12 6 1583 28
6 12 13 1983 2
5 14 4 1228 43
9 2 5 1422 34
5 8 8 1495 23
4 5 4 1233 6
3 9 15 183 96
13 7 5 1567 59
5 15 8 1639 80
1 15 3 976 39
4 6 6 543 58
6 7 12 1625 70
6 9 14 1959 65
15 1 1 850 49
5 4 15 774 45
14 9 7 669 45
1 13 9 1948 96
14 9 14 1690 96
13 4 14 503 41
13 14 12 414 63
3 5 7 1385 80
2 3 3 1414 67
14 9 7 1670 53
12 1 14 1439 99
7 10 3 1692 35
14 3 2 1764 73
5 7 8 267 21
5 13 4 500 85
7 6 14 893 31
10 1 14 485 100
5 13 1 283 48
14 14 8 1290 59
7 2 11 662 20
4 5 5 1606 18
6 8 8 1578 55
5 7 12 536 79
5 9 9 741 98
2 12 2 1481 23
12 4 1 387 52
4 1 2 1225 17
1 7 10 727 52
13 1 9 677 37
14 2 10 1533 59
15 14 11 1667 50
4 14 10 1117 2
2 11 2 57 94
9 3 11 1994 27
13 4 4 590 10
7 4 12 410 83
3 13 13 259 20
13 7 3 221 9
11 1 7 547 45
10 13 14 950 16
15 13 12 423 43
15 5 11 1954 22
14 3 13 1264 97
6 2 2 168 43
13 14 1 1366 85
2 10 8 315 100
5 14 13 867 10
2 6 4 1860 14
12 14 13 841 91
1 11 5 1902 16
6 9 7 1953 53
10 4 4 1969 39
2 11 1 1832 52
14 14 11 931 76
14 14 13 965 48
13 11 4 488 71
4 13 8 731 4
14 11 8 1601 63
8 2 6 228 4
3 13 13 802 95
6 15 8 493 78
13 5 2 1741 7
12 2 7 665 33
14 15 6 78 89
8 11 6 1012 71
2 12 14 673 33
7 14 15 1175 87
9 2 1 30 20
2 11 15 875 85
14 3 6 1567 22
4 13 5 1340 27
5 14 6 998 75
15 14 7 41 93
12 12 4 1615 9
5 12 7 1258 86
10 9 3 200 75
2 1 9 610 22
10 9 15 1060 25
2 7 15 886 53
6 6 2 1912 99
5 5 14 541 50
5 15 3 482 82
10 1 5 777 52
1 13 4 767 20
6 10 15 1991 20
3 15 5 190 68
8 8 1 1466 78
15 4 10 541 55
7 12 10 1253 24
6 2 8 292 24
10 7 11 1675 80
10 4 13 191 40
10 4 2 627 83
1 4 9 1130 61
7 10 15 96 74
6 7 8 1725 51
10 12 1 1826 89
8 2 3 150 90
11 3 7 1625 39
8 6 3 407 18
1 3 9 1452 23
6 13 2 428 4
3 14 15 552 94
4 5 8 818 2
1 7 10 560 46
2 1 14 1089 72
7 15 14 1699 35
12 11 11 1077 33
2 2 9 1947 88
6 2 11 430 61
4 5 6 239 52
13 5 10 1150 98
9 15 12 503 8
12 12 6 768 40
5 12 10 563 50
5 8 13 467 55
1 12 3 683 77
14 6 1 767 49
11 9 15 282 67
12 15 11 948 11
1 6 10 519 6
5 5 6 714 44
14 1 3 1937 22
15 8 3 454 15
13 10 5 1689 6
1 7 4 400 29
4 5 7 1140 88
12 2 8 30 69
10 5 9 159 45
5 6 4 1697 74
8 6 2 1713 94
14 10 7 965 45
13 14 2 1635 86
13 13 11 715 79
8 5 6 932 13
15 8 11 120 71
9 8 5 534 24
3 7 7 283 5
8 3 6 1801 59
3 10 13 1258 31
4 15 13 1547 8
11 13 14 385 49
2 14 11 1133 77
15 13 15 1251 77
9 2 8 1180 92
1 14 2 1623 92
13 4 10 1042 58
10 6 7 56 51
4 14 2 1191 61
7 1 12 288 12
3 10 5 506 97
12 9 6 526 51
3 7 5 1101 94
2 6 3 861 18
14 1 11 1817 40
8 2 1 128 11
12 1 12 1585 100
11 3 6 1687 87
10 5 12 502 62
15 6 3 837 2
1 7 8 1606 36
5 9 9 1534 97
14 4 15 315 18
15 7 10 295 95
6 6 12 1116 100
5 9 8 1948 14
6 11 13 115 61
2 3 14 417 29
6 9 8 779 19
12 4 12 1701 28
9 15 7 593 25
3 5 14 274 77
14 11 3 1495 7
14 2 7 544 19
13 6 5 1938 78
4 14 12 1478 91
1 5 5 1996 77
12 15 15 178 27
2 3 10 478 77
11 6 7 1924 46
15 12 7 840 30
5 7 1 1131 75
10 4 15 423 48
1 15 7 1435 33
5 7 7 600 9
2 5 3 894 35
14 8 8 75 35
14 13 5 642 47
1 10 7 500 81
5 5 14 1547 79
14 2 14 375 59
2 7 6 1374 28
5 11 6 1225 96
3 4 4 467 81
9 12 8 67 68
7 7 14 773 62
4 4 15 685 37
7 9 1 568 78
3 3 1 209 34
8 4 7 1682 35
4 15 8 1907 6
15 2 5 436 64
3 4 2 628 37
9 10 13 1296 54
5 11 13 485 92
12 10 7 144 32
15 5 3 1003 6
7 2 14 1396 44
3 4 3 1858 2
10 6 11 1231 63
11 2 1 119 58
14 7 4 1655 14
6 15 13 1014 31
8 7 1 1947 80
3 9 15 1034 2
9 6 12 1443 51
2 2 7 473 11
5 9 1 1102 74
12 3 4 1843 12
13 5 5 1479 64
13 3 8 175 99
4 8 10 1803 46
10 2 10 253 25
3 3 10 1443 76
2 8 10 1040 28
15 10 2 1868 90
7 13 5 1845 69
10 13 14 1196 90
2 9 2 21 40
2 13 5 39 25
14 12 2 1282 92
9 3 10 1027 41
7 9 9 1474 20
12 1 6 1449 74
6 13 2 1910 59
7 13 7 1560 38
14 10 11 958 90
10 1 12 1210 8
5 3 15 174 36
3 11 12 1054 47
13 6 12 932 48
9 6 11 1882 86
14 5 6 1636 60
11 9 10 531 48
6 2 7 831 46
3 2 12 377 25
5 11 6 115 13
6 5 12 1579 91
8 4 13 65 32
14 14 12 1180 53
3 3 13 1442 4
8 14 10 1916 13
14 4 15 1369 42
13 7 12 929 58
8 11 13 799 27
1 13 2 1454 10
12 13 4 432 44
10 12 9 505 87
4 13 9 43 57
4 4 14 302 88
15 3 6 1748 91
13 5 15 1613 7
10 6 9 162 38
4 1 7 396 76
15 12 7 1791 13
2 6 10 1307 79
8 1 12 1044 15
1 8 9 1736 97
15 11 8 1339 38
11 5 7 1290 16
11 12 8 747 76
6 3 7 1951 50
6 15 2 1129 3
15 2 8 1728 53
1 1 14 1707 3
7 11 14 836 55
8 15 8 175 71
14 8 1 1467 70
12 15 12 97 87
2 1 1 1388 37
2 13 6 1813 71
4 4 1 616 40
6 15 7 1344 22
12 2 2 637 99
11 10 9 1489 98
2 15 9 563 58
10 14 8 1255 82
6 8 12 267 23
7 13 3 89 97
15 6 11 698 8
6 2 2 453 47
15 13 5 1544 91
10 14 9 567 4
14 15 3 419 28
5 10 11 1746 20
1 15 10 1796 57
