250
15 2 6 935 46
6 10 14 888 17
8 6 7 63 9
1 1 8 790 9
5 12 9 697 24
8 12 5 38 1
1 6 10 706 44
4 9 2 915 38
11 1 3 738 20
3 3 9 386 10
14 7 15 697 49
5 9 12 897 7
5 12 9 73 42
4 15 8 985 20
14 5 5 317 21
2 7 2 719 20
13 2 3 826 50
1 3 4 486 15
11 9 5 136 32
3 9 7 560 50
11 12 7 46 9
11 8 6 719 18
9 13 12 473 24
15 10 7 832 32
3 4 6 919 20
10 9 2 711 15
14 5 12 88 2
15 7 6 492 46
10 2 1 31 2
8 13 3 916 11
4 15 12 645 33
9 3 2 337 41
8 11 4 469 28
3 15 11 137 25
3 15 14 144 34
6 14 6 792 20
2 1 9 206 21
14 3 4 174 22
5 8 10 850 49
4 11 5 227 16
14 4 6 561 16
4 9 7 669 16
11 6 9 817 16
9 14 13 561 30
15 10 7 173 43
2 4 5 814 30
9 15 8 447 20
6 13 12 526 5
9 9 13 318 10
10 7 1 698 34
6 1 12 927 39
4 6 4 486 44
11 8 14 744 23
6 15 14 673 46
10 15 8 468 18
7 13 5 292 12
3 12 8 312 33
10 4 8 843 22
13 6 1 135 33
15 6 1 214 47
11 7 4 910 46
8 6 14 600 8
3 6 15 1019 1
14 12 14 354 20
2 11 5 811 1
14 14 13 598 25
2 3 13 751 12
15 8 11 999 14
6 14 3 52 1
13 1 13 420 33
2 12 1 25 35
10 13 5 951 15
1 6 8 840 2
6 7 13 924 8
3 15 3 51 24
13 2 1 837 39
15 3 13 749 42
14 1 6 283 31
5 1 6 453 29
7 7 11 94 1
12 13 15 167 35
6 7 7 225 20
15 11 6 596 37
4 13 10 613 45
5 4 12 896 41
4 4 9 248 35
7 2 3 688 42
9 12 5 327 38
10 5 10 87 5
4 5 15 566 23
14 2 1 739 12
10 8 5 588 12
12 13 5 191 49
8 10 3 26 27
4 2 5 590 50
9 8 10 298 16
13 6 10 147 15
5 3 10 966 3
4 1 9 713 40
15 8 14 297 15
6 10 7 879 1
9 10 9 107 24
10 11 11 180 43
5 9 11 896 6
7 9 8 924 26
4 8 5 859 27
3 8 8 401 28
15 2 3 493 28
5 10 2 640 18
5 5 14 772 7
15 7 11 833 35
9 1 12 339 14
3 3 8 477 9
9 10 11 474 34
6 5 15 1009 7
3 1 12 496 5
4 5 13 919 16
12 5 7 90 48
3 7 14 971 21
12 3 1 423 10
3 9 5 175 3
8 12 6 418 16
14 8 12 407 35
5 6 2 463 21
5 3 3 187 16
8 1 11 717 32
4 4 14 805 44
14 10 15 594 4
13 12 14 583 18
9 1 4 477 29
10 11 6 432 18
5 14 2 21 20
14 3 13 30 22
1 15 8 714 26
15 8 12 792 25
4 15 3 496 14
2 6 14 712 43
11 3 4 417 44
3 1 11 949 34
12 15 10 82 21
14 4 15 871 23
6 8 10 593 38
13 3 4 1002 26
13 14 12 334 40
7 2 1 597 13
2 11 10 509 24
8 3 13 49 12
10 2 5 612 19
15 12 13 441 35
11 7 6 880 24
10 2 11 610 10
4 1 4 772 16
4 13 14 182 21
11 4 3 713 42
14 6 4 970 19
8 15 14 89 7
9 14 4 741 32
10 1 7 180 33
3 9 7 473 50
12 5 14 958 1
13 11 9 248 21
11 4 14 83 21
14 4 11 576 41
1 5 14 189 9
3 12 9 479 10
2 5 3 868 26
14 7 14 862 18
1 11 14 769 3
6 1 12 364 27
12 14 5 779 48
6 9 13 542 31
13 3 7 126 3
15 10 15 850 42
13 8 4 296 30
15 1 2 813 29
5 8 1 96 18
11 13 10 36 46
3 7 11 996 27
14 13 15 358 2
5 11 2 251 44
1 9 2 984 42
9 15 1 532 5
14 11 4 136 28
3 5 12 685 35
12 12 4 349 29
12 5 5 273 16
2 8 9 258 1
11 4 14 542 49
15 2 10 730 12
9 3 1 26 14
10 2 11 441 37
3 3 2 427 41
15 6 8 344 31
15 4 11 45 39
7 14 9 686 23
3 11 5 824 3
4 12 13 68 7
7 4 9 285 33
15 2 4 37 27
9 1 14 213 22
12 11 11 167 10
6 9 14 884 1
5 15 9 53 20
12 10 7 750 45
8 6 14 934 17
9 14 6 254 40
2 11 15 226 42
8 8 5 882 38
4 11 10 44 17
5 12 5 360 13
13 13 13 893 1
4 8 10 361 50
12 1 8 312 47
1 3 13 405 34
15 3 12 233 5
7 2 13 939 8
5 4 14 126 38
8 5 2 167 29
7 4 14 944 31
7 3 12 978 46
2 9 12 230 25
12 3 14 210 37
15 9 5 798 17
12 8 15 532 28
2 7 4 40 21
7 2 1 302 24
1 15 1 698 35
1 6 11 453 10
12 10 15 134 5
4 1 7 474 13
9 10 4 853 35
6 1 11 1009 41
8 12 1 959 37
7 11 12 775 7
5 13 7 45 28
2 10 9 557 32
14 3 6 490 41
12 5 8 467 17
8 13 13 386 39
10 13 12 139 13
11 10 9 525 31
12 8 14 209 45
4 2 12 643 28
14 8 8 1014 31
4 2 13 356 1
11 1 13 342 14
4 11 4 710 10
13 14 12 348 2
7 3 9 783 19
9 3 9 190 36
