100
4 12 4 322 2
7 10 1 294 6
9 2 14 275 13
12 3 11 27 13
15 4 10 137 18
12 3 4 200 17
14 13 8 147 17
3 14 14 100 17
4 13 3 279 2
13 11 5 132 9
10 11 3 307 17
4 4 8 164 3
12 13 3 299 8
10 2 10 346 12
7 10 3 233 16
11 1 13 80 20
5 7 9 332 15
10 11 4 140 5
9 1 13 213 6
6 13 12 158 13
9 6 3 299 19
10 11 5 218 13
9 7 4 95 11
3 6 8 322 4
5 1 5 401 13
14 1 1 63 4
3 10 7 217 3
6 3 4 238 3
3 9 10 205 11
13 11 11 308 3
15 4 2 400 8
4 4 15 132 17
13 9 7 399 12
1 5 13 44 20
15 13 4 237 15
9 13 14 136 7
4 4 10 196 13
9 12 15 239 11
7 14 6 409 14
7 4 13 380 6
11 6 10 277 12
13 2 6 319 1
2 13 9 127 5
2 7 3 211 10
5 11 6 41 6
13 4 12 295 6
5 3 13 30 3
3 7 11 236 1
4 9 8 368 4
3 12 2 158 13
3 14 1 41 8
9 3 11 350 8
13 9 1 140 5
8 11 14 345 11
8 11 1 411 11
6 12 10 73 20
13 11 5 386 18
10 12 7 49 20
9 13 6 147 11
10 3 10 397 8
8 6 13 52 14
3 10 7 144 2
1 10 12 254 3
7 4 2 214 18
1 2 15 113 2
12 3 11 407 11
1 9 11 132 18
6 4 12 188 19
1 12 9 333 7
15 7 6 191 17
10 5 11 41 13
14 10 11 319 18
12 7 8 196 1
1 11 12 108 13
12 8 9 387 5
6 7 3 406 5
13 15 4 184 14
4 9 4 129 14
13 10 3 155 13
13 11 5 91 6
7 8 5 291 15
4 14 15 424 18
4 9 3 127 15
2 12 5 367 11
1 9 12 365 19
11 10 2 254 1
10 9 10 325 20
11 1 15 77 8
6 7 14 331 13
11 5 6 257 5
5 11 3 50 4
1 3 9 335 14
7 14 5 389 14
14 7 11 376 17
12 3 6 238 12
14 5 3 379 5
6 14 15 137 13
15 13 7 366 14
9 2 13 372 14
8 1 11 378 2
