50
3 13 5 56 1
13 14 8 233 5
8 5 11 192 10
7 5 2 186 9
4 7 14 144 7
6 15 9 59 10
1 1 1 62 9
7 14 12 105 7
7 1 6 23 3
3 10 2 66 7
4 9 13 147 1
15 11 6 45 10
4 13 11 80 8
15 2 12 123 7
5 15 14 132 2
12 9 7 28 8
9 2 14 47 10
13 13 14 232 7
3 6 12 132 8
7 2 13 133 5
7 6 4 59 1
11 1 3 205 5
1 12 1 118 2
5 9 6 170 9
12 8 12 130 6
4 13 5 208 5
3 15 10 196 8
8 12 15 63 8
1 6 15 26 8
14 8 11 151 6
1 5 9 174 8
11 2 5 60 5
9 3 1 133 2
4 8 10 196 1
4 1 14 79 6
11 7 12 226 8
7 8 7 160 6
2 5 14 100 2
2 8 3 161 9
4 11 4 122 8
10 11 2 153 3
3 8 14 45 6
12 14 4 141 4
15 10 12 202 6
13 1 7 168 1
2 9 12 25 4
5 3 14 58 10
10 1 1 25 2
1 12 15 139 1
4 3 5 47 4
