350
2 6 6 221 14
3 14 7 703 17
15 15 15 1180 2
4 2 10 636 56
7 2 1 261 5
5 9 12 771 13
13 15 11 1054 5
1 9 10 144 57
6 13 15 526 17
3 11 4 307 27
15 14 10 745 52
14 11 11 1021 21
12 11 5 1248 31
7 9 3 1406 5
9 1 1 1163 24
2 12 8 995 58
14 3 4 1056 37
5 8 12 574 27
2 7 11 1060 16
4 3 6 804 33
13 7 8 672 41
9 13 1 415 34
3 6 8 448 51
4 3 3 1063 67
8 12 8 1180 60
6 10 11 688 23
2 9 6 620 54
9 7 14 73 35
15 11 12 572 67
1 5 1 197 27
1 2 5 988 25
4 8 2 1138 13
14 7 2 68 19
12 8 2 677 26
12 7 10 1071 25
7 11 3 891 12
8 10 7 223 31
12 14 5 468 38
13 8 4 723 26
9 10 2 1210 45
8 8 6 1135 32
9 9 2 599 62
13 2 13 116 20
4 5 8 1125 62
11 5 10 391 4
15 10 7 345 51
1 2 11 41 37
5 13 7 1099 17
12 10 1 806 11
7 11 4 1041 13
6 7 11 639 2
13 7 12 1415 51
10 1 1 1306 12
4 15 8 1269 57
15 11 9 1287 49
3 15 12 801 45
9 6 4 1135 19
10 14 1 46 31
13 9 11 1337 28
14 3 8 445 49
7 12 12 566 5
2 12 15 1277 20
10 6 8 1182 63
10 14 9 772 34
14 4 8 1104 36
11 7 12 149 54
12 3 5 1295 16
4 1 4 740 19
6 9 15 731 57
6 10 8 260 13
10 13 9 1097 3
5 3 11 1320 6
7 8 9 403 23
14 4 12 1065 62
6 8 9 582 23
8 6 10 1115 2
9 13 14 743 68
11 4 12 965 55
1 12 11 251 18
1 11 9 1092 61
5 9 8 681 36
8 7 11 1207 67
13 8 9 679 47
2 7 8 419 47
11 14 4 863 6
5 11 7 102 32
1 12 15 971 63
7 1 13 440 51
15 13 5 288 55
15 7 1 340 49
14 13 9 1349 21
3 7 1 1247 17
7 4 15 207 65
2 7 5 697 7
1 13 15 319 65
6 5 4 1039 18
7 2 12 757 8
11 2 10 617 39
5 13 1 654 60
12 10 2 32 25
12 7 11 1062 41
2 13 1 58 54
6 5 2 472 40
4 6 8 1294 57
10 5 7 478 57
15 7 2 731 39
13 1 5 359 45
7 2 13 70 19
7 2 15 1000 55
10 2 10 137 32
15 6 12 1232 28
4 14 13 1018 69
6 15 14 1297 22
2 9 14 1321 39
11 7 6 354 66
10 4 13 619 6
12 15 7 350 3
6 9 8 981 65
2 14 9 1244 61
15 1 14 1198 2
13 9 4 515 48
1 15 15 1385 63
7 12 14 978 30
6 1 7 411 69
10 15 6 370 31
14 9 6 105 55
7 5 6 510 59
7 15 2 1199 51
1 11 8 933 38
15 13 10 381 22
9 14 1 317 17
5 5 5 478 44
10 6 3 789 52
1 7 8 372 19
7 14 14 190 67
7 5 12 244 25
10 13 13 464 54
4 14 3 263 61
13 9 10 873 22
5 14 10 611 37
3 1 13 1050 57
14 13 8 393 55
13 14 3 724 10
10 8 6 1058 27
3 4 11 263 21
5 6 10 624 7
6 2 8 994 31
6 6 14 631 31
13 2 14 434 63
6 7 8 465 5
4 10 2 481 58
14 5 13 1036 62
9 13 2 779 42
10 8 7 761 39
10 12 7 1081 35
12 13 7 228 53
4 2 2 631 26
1 14 8 1099 34
5 4 3 588 2
12 11 12 868 36
9 9 11 657 61
5 14 12 1070 25
5 1 13 1362 69
5 8 1 932 45
8 10 10 799 68
14 10 3 1217 33
1 9 5 113 65
15 2 8 1136 58
1 4 2 321 3
9 1 4 830 40
5 10 6 1288 40
4 4 5 672 23
6 13 11 471 51
13 11 12 443 54
9 3 7 1095 56
9 4 14 410 20
8 8 11 1056 2
1 4 7 1162 50
4 7 5 389 56
1 2 4 438 53
8 4 5 642 46
1 7 12 762 65
4 11 12 56 19
12 13 10 1253 24
12 2 9 610 65
5 2 3 597 10
5 2 12 833 25
1 2 2 942 57
1 6 13 284 19
11 12 7 1423 33
9 8 9 94 65
8 3 12 1123 11
8 6 8 307 24
4 14 2 988 59
15 4 6 786 46
15 1 1 62 5
2 11 15 659 23
5 10 14 1311 5
8 5 12 248 47
5 2 13 991 24
7 11 2 536 13
13 10 7 1265 11
14 2 6 770 5
4 1 1 771 24
5 2 11 754 43
6 6 2 19 17
6 9 15 1156 42
5 9 11 111 13
4 13 6 1259 12
12 10 5 1265 8
10 4 13 516 45
5 6 5 96 2
6 13 8 1013 58
7 12 1 108 53
13 14 7 530 26
6 2 14 424 40
11 1 3 1102 19
9 12 12 163 45
2 11 15 798 29
4 1 6 664 65
1 14 10 1390 50
14 4 10 799 42
14 2 7 1291 50
9 12 5 640 51
10 7 3 679 50
2 3 10 1156 31
13 8 1 88 41
1 10 13 208 61
14 3 2 874 41
10 13 15 367 12
9 12 15 190 59
15 14 8 394 25
5 7 5 50 43
14 2 14 546 22
4 9 6 1110 70
11 5 11 196 22
7 5 9 1312 37
3 2 4 1000 41
3 13 1 1314 5
13 15 13 1412 1
3 5 8 132 13
13 8 7 278 28
13 3 12 220 13
15 7 3 1244 68
11 9 1 756 13
13 8 6 593 35
13 10 12 521 41
12 7 3 966 25
11 1 3 288 31
5 15 14 774 64
14 2 7 500 43
14 9 2 150 38
14 8 7 55 20
10 6 13 302 30
14 14 15 322 7
14 12 9 1266 45
1 7 12 124 49
1 4 7 1397 50
3 13 1 980 23
8 12 15 425 28
11 9 2 247 47
1 2 14 1348 35
3 1 7 675 60
8 3 8 397 68
12 6 14 57 37
4 8 13 386 5
11 6 2 575 59
11 13 9 1379 10
12 4 2 192 70
3 9 6 470 41
8 10 15 401 6
1 6 4 75 20
14 8 4 519 20
7 14 14 1303 53
12 2 10 677 69
10 11 6 515 22
8 14 14 161 68
14 2 15 238 61
13 4 1 559 52
14 13 11 511 33
1 12 15 283 14
15 8 3 704 12
8 8 3 1189 69
14 3 11 352 28
10 15 12 94 43
7 2 11 671 60
9 3 12 361 34
13 14 4 1316 21
13 12 12 519 34
9 9 3 505 18
12 12 6 804 34
1 6 3 888 60
7 7 11 610 68
4 11 9 516 56
7 3 3 954 41
12 13 4 40 25
10 5 14 187 41
4 3 1 277 46
4 15 12 1345 49
15 9 5 259 51
2 8 7 324 5
13 10 6 1090 55
10 2 11 743 51
13 14 6 730 59
7 7 2 405 29
11 15 1 878 57
15 12 14 847 24
11 14 15 979 37
2 3 1 1005 53
4 1 15 1376 52
1 13 12 1105 53
14 8 2 115 36
12 12 6 680 42
9 7 6 1223 24
2 3 9 956 44
12 2 11 312 35
9 2 2 1277 26
15 10 15 1400 52
8 5 14 1059 16
6 11 4 92 7
10 14 15 222 61
3 13 6 91 56
11 10 15 1368 28
3 2 9 225 3
2 8 1 50 17
10 13 14 64 28
1 4 12 1058 15
14 11 7 1049 39
3 1 11 488 61
9 4 14 185 41
3 2 3 1274 5
1 11 10 951 38
2 12 14 1252 59
5 14 8 1290 31
14 12 5 111 22
2 1 13 955 15
2 1 5 791 29
2 2 8 1090 1
9 15 11 895 40
13 11 11 542 34
12 13 13 1150 50
5 10 6 550 49
12 1 12 526 5
3 15 10 109 70
4 7 6 948 24
7 10 14 1077 4
8 12 14 1167 59
11 15 5 194 66
1 10 10 660 7
13 10 12 201 22
