200
14 10 15 247 30
7 2 4 807 10
14 10 10 690 37
12 14 14 99 21
12 8 11 313 33
15 8 15 590 4
12 14 2 429 39
7 15 6 532 23
5 12 13 596 28
1 15 8 271 8
13 14 14 303 4
4 13 3 121 9
12 14 15 786 9
7 13 4 247 39
15 2 14 680 25
11 4 1 123 40
11 11 10 467 22
11 7 5 519 40
1 7 3 52 37
15 11 14 417 8
8 1 15 778 18
2 6 10 673 34
5 5 1 490 1
9 8 3 228 28
1 15 2 368 14
2 5 13 689 16
3 11 8 288 16
5 6 4 333 25
13 8 1 548 26
2 6 10 759 28
12 1 15 586 6
7 1 3 374 24
10 5 9 519 15
7 8 4 221 25
3 13 12 767 28
1 11 12 673 5
4 6 15 155 22
11 5 9 239 13
10 15 2 349 8
5 10 9 693 25
9 13 9 226 6
13 2 13 611 8
14 7 3 276 40
12 13 11 772 8
8 15 6 304 10
7 7 2 747 26
3 10 5 31 18
4 5 13 323 6
6 15 9 828 35
2 2 15 478 25
6 8 15 193 36
9 13 10 593 7
3 6 13 812 15
3 14 14 497 16
13 12 5 570 13
14 15 6 693 9
7 15 12 740 6
11 14 11 105 25
9 12 13 561 27
11 9 1 735 12
4 3 10 117 7
13 5 3 141 19
9 8 8 295 36
2 4 10 382 21
13 6 15 40 19
11 15 2 251 15
12 5 4 182 10
3 7 14 42 32
8 10 4 145 8
13 14 6 406 25
12 9 14 434 25
15 4 2 261 14
11 15 10 531 16
9 15 5 158 23
3 12 12 783 35
11 6 6 612 7
5 12 11 595 8
9 12 11 615 34
1 13 5 802 34
4 9 1 787 19
3 7 7 255 25
14 7 6 98 1
1 3 8 450 17
8 1 4 713 19
11 2 1 472 27
4 9 12 115 16
11 15 12 799 28
3 7 4 781 7
15 5 2 494 18
12 7 10 396 5
6 7 5 50 19
2 11 5 803 31
13 12 9 736 30
3 2 7 232 40
15 6 12 342 18
15 1 11 713 38
5 5 5 265 12
12 11 13 371 26
9 13 13 833 22
14 9 12 603 32
12 10 12 594 7
9 4 10 776 3
6 10 2 576 13
2 6 9 522 2
8 6 6 449 39
8 15 2 479 9
10 10 3 405 27
2 5 9 187 3
7 12 3 533 33
15 2 6 41 13
5 12 11 336 13
10 13 8 521 20
1 7 12 36 14
2 9 7 294 5
15 15 7 237 26
15 12 7 342 14
6 15 11 101 25
11 15 9 294 3
14 5 9 250 35
5 5 4 231 13
8 12 14 308 3
3 8 5 442 9
14 12 12 298 30
5 10 6 164 24
15 10 13 800 24
15 9 4 241 7
12 6 12 591 8
2 6 15 165 8
5 10 13 561 27
15 1 5 735 30
10 11 3 235 15
3 9 4 30 25
2 6 2 754 35
13 7 14 139 38
6 10 1 636 19
3 3 15 392 37
14 2 15 347 11
1 12 3 176 4
10 12 6 626 31
2 6 15 103 18
6 8 11 782 1
15 9 3 488 24
1 9 11 580 33
13 10 1 239 14
11 9 13 262 30
2 4 14 724 31
12 5 9 169 21
7 12 7 790 36
11 13 13 358 3
5 10 14 643 34
2 7 11 370 21
14 3 15 262 6
6 9 5 485 22
12 3 11 438 29
13 9 15 361 3
7 3 5 416 29
13 4 12 41 4
10 15 11 675 20
13 9 1 402 19
14 6 5 153 30
15 9 11 38 36
10 8 12 349 32
10 5 9 393 20
4 10 12 697 16
13 4 4 775 19
4 10 7 605 34
14 13 12 139 25
5 3 2 707 27
2 9 10 179 29
3 6 10 332 38
1 9 4 85 6
3 7 6 710 11
8 6 14 577 26
2 13 15 266 32
6 11 5 298 23
12 3 12 680 11
11 13 14 424 19
2 9 2 153 21
9 8 15 386 13
8 5 15 738 1
7 11 14 681 7
8 3 2 366 26
2 12 2 815 32
7 10 7 594 16
4 3 12 649 28
4 11 10 600 11
3 7 13 565 26
4 8 5 35 32
15 12 6 384 35
13 11 10 679 14
3 10 14 399 2
11 3 8 439 6
12 9 4 247 31
6 15 1 179 31
13 3 5 257 26
6 11 2 67 16
12 10 15 622 33
9 14 2 108 1
10 1 15 155 21
9 11 14 78 32
