450
12 1 4 1256 64
14 4 1 1681 49
5 15 13 1436 75
11 8 12 206 41
13 12 5 495 54
13 9 7 393 22
13 3 6 1098 66
10 11 12 1038 22
10 2 11 582 90
15 9 6 1182 79
5 13 4 1268 89
5 13 7 962 84
9 9 4 276 25
1 6 5 182 36
15 6 2 971 90
8 13 2 224 47
4 9 3 1083 64
15 3 9 772 19
14 15 2 1616 38
3 6 14 535 24
5 7 11 806 16
9 15 14 729 3
14 8 4 597 28
3 15 11 582 24
7 10 15 1721 17
6 10 14 156 34
1 1 10 620 86
15 11 5 379 40
4 15 12 1252 89
14 7 12 1651 80
15 11 11 1077 55
4 9 3 902 43
8 13 3 1540 5
9 2 14 765 30
15 4 7 796 8
9 10 7 1366 31
13 10 7 946 57
12 3 11 910 9
12 14 13 947 62
7 4 2 504 49
11 1 9 1346 63
7 9 5 325 39
15 14 14 1516 40
6 2 14 854 69
14 15 1 1333 76
9 1 2 776 21
5 4 6 245 61
9 1 10 476 16
8 14 13 1350 87
14 3 1 229 89
9 2 15 548 20
6 1 7 766 17
2 8 11 56 53
2 15 15 39 78
14 13 14 1688 50
2 12 10 386 75
3 11 8 807 54
13 12 3 579 31
2 13 3 656 37
11 6 3 401 30
3 11 13 88 39
2 11 10 886 17
12 15 3 1012 70
7 5 15 563 47
14 11 11 685 3
15 8 13 442 79
6 9 11 234 49
3 13 8 162 21
12 4 8 1458 71
12 15 5 825 33
4 10 13 579 12
2 4 11 967 18
15 5 7 1698 50
4 6 10 1366 50
6 11 14 1109 36
4 12 4 551 88
6 10 4 553 19
1 9 7 567 1
2 8 12 453 77
12 11 14 1727 6
8 8 11 1360 32
9 11 5 1325 15
8 15 13 171 44
13 3 14 1410 8
4 2 15 261 62
10 12 7 1792 27
6 7 11 466 53
4 8 5 664 54
12 2 9 1699 75
3 8 10 592 75
10 2 5 584 36
6 2 10 1342 10
14 5 2 949 36
10 2 15 390 76
3 14 11 702 89
6 4 7 101 63
7 14 11 1666 47
5 11 14 347 82
13 1 11 126 36
5 1 13 168 15
8 12 6 162 62
4 3 13 1172 82
15 14 14 376 80
5 8 15 1614 14
12 9 12 1592 4
4 2 9 272 67
7 1 2 823 69
4 3 10 1810 19
6 1 11 68 49
3 10 15 567 89
13 11 15 413 40
7 4 12 1580 55
13 14 6 145 4
10 10 5 806 34
10 9 5 1636 74
12 11 9 331 12
15 8 4 738 29
5 9 1 997 86
14 6 5 395 16
15 1 9 139 32
15 10 6 1205 66
8 5 2 481 33
11 3 13 1522 59
1 10 8 209 44
13 4 12 707 44
10 9 1 1605 85
4 10 5 301 31
13 11 13 722 14
6 6 5 745 78
1 4 10 1039 18
11 1 8 1209 2
5 1 9 1385 31
2 7 6 996 84
11 13 12 1602 66
1 9 6 1508 20
3 10 14 1388 85
6 15 13 672 18
3 13 8 1736 88
11 12 8 1140 56
3 13 14 148 13
12 8 6 1201 26
2 14 1 1043 24
7 8 3 1089 78
4 14 2 904 86
5 2 8 1456 83
8 3 14 294 44
13 7 14 1581 2
2 3 15 689 56
3 4 10 1110 9
5 3 10 1353 84
15 2 6 1664 78
7 2 10 1375 66
15 11 7 1612 46
8 7 11 1104 23
15 12 15 372 56
1 15 11 1821 23
3 6 1 108 37
7 3 8 1611 89
10 15 11 767 74
7 2 6 1169 64
11 13 1 1245 24
1 15 7 202 74
4 10 13 946 31
12 11 10 1301 31
1 8 13 71 17
14 4 5 630 36
12 15 9 386 39
15 10 13 942 11
1 7 10 588 72
4 9 3 737 36
12 6 15 525 80
1 12 13 283 22
10 12 15 882 20
15 2 10 777 78
11 3 10 865 71
12 8 6 1338 22
1 1 12 566 84
10 2 6 1512 49
14 3 15 1649 79
7 10 8 352 19
15 6 14 331 84
2 13 12 1558 57
14 7 14 108 10
5 8 15 1050 89
11 1 6 1586 62
4 8 9 349 36
4 9 8 708 26
9 4 1 277 67
3 11 13 1071 17
5 14 8 1454 27
3 11 11 960 86
3 13 1 1152 65
5 5 2 92 73
3 12 2 575 20
9 1 4 1268 58
5 13 6 720 36
8 6 3 713 12
2 14 3 447 1
2 10 4 1077 19
13 6 1 1361 26
5 5 15 1434 64
8 13 10 841 46
14 3 3 1750 50
1 4 4 99 5
6 8 4 905 16
7 2 11 1114 37
3 12 11 557 16
8 7 12 1507 14
8 8 6 1565 43
7 5 12 214 54
7 15 7 766 50
12 9 15 1719 24
1 11 6 436 72
8 10 6 141 25
12 12 14 506 58
2 6 8 287 84
10 5 14 635 53
14 10 9 289 62
14 10 4 1796 46
12 9 8 962 85
4 4 11 1217 63
4 3 15 111 80
8 14 12 817 28
2 1 7 1438 4
15 6 5 301 79
15 15 4 1168 77
9 1 1 92 40
3 11 13 737 32
8 6 7 604 37
10 14 6 1773 72
5 6 9 1575 33
3 5 12 715 41
8 13 13 1235 21
7 9 2 1101 50
3 5 5 701 14
9 8 9 1127 77
5 5 14 816 65
9 14 13 554 14
6 13 15 741 84
8 14 5 1279 61
9 2 12 993 58
10 6 8 1328 16
7 2 15 552 45
12 5 4 969 85
5 12 8 655 36
9 9 3 1341 1
2 10 10 1039 61
1 7 7 459 52
9 1 15 466 5
14 11 15 178 34
14 8 8 341 58
13 5 1 1566 45
7 3 5 504 51
7 4 9 1537 77
14 11 7 1244 52
12 11 13 628 73
11 4 12 756 5
12 6 10 1650 67
9 7 11 719 87
10 12 11 47 73
5 8 15 328 43
10 4 10 1821 50
6 7 8 1476 7
11 9 3 1819 68
2 5 13 772 7
9 13 5 1665 83
9 2 11 646 61
4 10 12 1356 25
8 5 8 1237 83
5 12 7 1742 3
14 2 1 1691 24
1 10 10 1486 17
2 8 4 1524 5
14 14 1 344 32
14 1 12 1786 39
9 10 7 1698 34
15 8 15 621 64
1 9 2 1501 2
2 8 4 1063 70
10 8 15 401 28
15 7 11 1272 33
6 12 14 607 39
12 15 5 336 13
6 7 7 1539 6
3 7 4 1113 11
10 9 14 50 41
2 3 11 1495 59
6 5 14 427 75
10 6 15 1645 61
10 13 3 801 31
4 13 6 778 69
14 6 9 174 89
1 10 14 385 4
7 6 2 701 77
10 5 4 480 21
12 13 15 73 59
6 12 3 150 64
14 2 8 1556 58
8 15 14 1571 4
11 9 13 1692 52
13 4 6 584 37
1 15 4 1280 29
3 1 10 984 30
4 8 14 433 11
14 14 1 189 89
15 10 8 1269 71
14 7 8 793 39
6 1 9 1402 12
1 12 8 1190 18
10 13 5 161 16
3 1 7 1721 73
7 8 15 1828 65
15 10 6 1451 55
3 4 15 1406 52
11 1 2 384 70
2 8 9 1035 57
4 8 3 77 55
15 3 10 1578 12
1 4 2 1153 21
4 11 5 1425 38
10 8 8 435 77
14 4 12 833 15
14 4 1 1308 14
1 3 15 203 29
15 2 9 411 50
5 10 12 417 51
13 9 9 34 6
12 11 1 643 2
13 3 5 48 62
2 14 1 1798 11
2 4 15 1801 50
2 14 10 968 85
15 1 6 323 25
13 5 7 1633 46
1 4 5 557 87
4 1 2 1449 19
6 11 6 1302 42
3 8 2 176 15
5 11 14 1479 83
9 8 3 182 59
11 4 15 738 79
12 2 8 1609 40
10 1 4 609 36
5 15 4 1192 44
15 4 1 326 88
10 6 9 1659 88
4 6 14 865 73
14 2 6 1635 7
1 11 1 1297 41
8 4 12 220 62
10 12 11 1401 66
7 8 14 79 52
6 1 10 801 26
11 2 13 175 49
12 7 14 1292 44
15 13 2 77 40
11 3 6 641 30
13 14 14 1444 17
6 4 12 1087 83
1 9 12 678 57
4 8 14 418 81
10 13 12 1271 24
15 2 5 1094 67
12 13 1 1318 9
6 10 5 464 50
9 9 1 1368 7
3 4 9 154 30
7 9 1 826 26
7 9 9 56 78
7 2 14 149 10
14 15 13 950 6
9 15 12 714 22
1 12 9 1010 15
13 8 4 1783 59
4 9 3 1552 39
11 13 12 391 18
10 5 6 248 35
11 5 3 100 76
8 12 6 410 77
12 4 3 633 28
9 11 7 1463 35
11 14 1 947 42
15 5 3 975 88
10 14 11 1826 29
1 15 6 714 65
13 14 8 1401 9
4 3 7 877 28
11 9 10 1820 24
13 6 9 445 75
6 9 7 1799 24
13 11 10 1078 85
9 8 8 246 66
11 1 10 744 47
12 7 10 793 36
6 14 7 1440 62
10 1 9 1637 83
15 6 5 1634 69
9 15 5 625 36
4 15 14 410 74
1 6 11 118 61
5 10 12 1071 55
4 15 6 297 79
5 15 15 385 19
13 6 14 402 73
8 12 12 1531 68
7 15 6 207 88
1 14 2 843 85
2 5 7 1537 86
9 5 6 1523 68
13 13 3 1527 24
11 7 5 1165 10
9 1 7 747 84
15 11 11 236 75
15 9 6 1597 55
9 9 15 858 82
2 7 1 618 70
3 13 13 909 81
9 12 13 912 34
11 10 11 1100 63
13 4 1 220 50
12 5 10 410 21
10 4 6 209 61
5 14 11 360 73
10 1 11 1548 37
3 14 9 1240 81
1 11 13 1567 33
4 3 3 1358 70
2 9 8 1070 84
10 5 8 1675 37
10 6 8 197 50
3 8 9 1594 61
15 15 5 290 20
2 7 14 1535 90
3 4 13 638 52
14 8 6 1199 10
14 2 8 600 50
4 12 15 1293 19
4 10 10 297 11
6 15 10 356 1
13 2 8 745 25
2 2 15 929 31
13 1 11 1475 30
2 7 14 790 74
9 15 2 478 1
9 13 5 854 8
7 9 2 1291 89
1 13 9 64 19
12 14 5 1049 30
8 7 7 1787 68
8 15 1 530 23
