150
6 149 160 6
13 120 135 15
4 75 92 8
10 67 83 20
3 111 117 9
4 6 11 5
3 97 103 11
2 9 11 2
6 113 122 13
2 87 89 13
3 109 120 18
14 51 67 7
7 138 152 12
5 33 39 11
2 77 80 4
5 50 67 2
2 8 10 6
2 51 57 6
5 123 129 18
2 111 115 13
2 91 103 20
2 145 150 17
2 89 105 5
2 41 43 15
3 90 99 18
16 23 40 4
2 31 37 2
4 40 45 12
3 72 75 6
12 121 134 14
15 119 134 1
3 2 10 19
4 104 113 17
6 24 41 14
6 61 70 11
8 136 152 14
3 50 62 3
6 14 25 11
3 92 107 19
4 38 46 8
6 77 86 11
4 70 74 4
2 1 3 6
3 30 39 3
3 121 128 10
2 84 86 1
12 147 163 4
7 97 105 5
7 133 141 4
7 98 113 2
2 63 65 8
6 10 22 2
6 7 18 4
10 137 149 9
11 128 141 17
3 94 97 4
10 15 30 8
11 64 76 6
6 54 62 19
10 71 82 17
8 44 55 5
4 13 17 10
6 48 57 1
9 2 15 6
6 114 131 18
2 3 8 6
10 117 130 7
11 72 89 12
3 137 150 20
2 107 111 20
4 87 96 12
3 141 145 15
2 140 142 3
8 129 139 16
15 83 99 2
4 42 47 20
3 73 76 7
3 147 156 4
3 11 16 11
3 20 24 8
3 88 91 5
14 68 85 9
2 1 3 20
2 27 37 6
6 36 43 14
5 126 131 19
3 43 48 20
2 26 28 1
6 19 26 18
2 135 137 8
8 114 126 10
10 102 116 7
2 110 112 20
10 57 67 6
10 112 122 11
5 145 158 12
3 112 127 15
2 109 111 2
3 83 98 18
11 50 61 20
12 47 61 1
3 64 74 13
2 85 87 20
2 121 123 17
5 132 145 14
3 30 33 7
4 109 114 2
3 59 76 4
3 75 80 8
2 63 65 16
10 45 58 6
9 47 56 3
2 133 135 15
8 119 134 3
7 137 145 1
4 84 94 8
5 62 79 15
6 14 26 3
8 118 128 13
5 116 126 2
2 72 74 8
5 144 150 11
6 69 79 7
2 63 72 5
12 100 112 3
4 66 75 9
13 110 123 17
11 118 131 12
2 77 89 18
12 39 52 5
4 110 116 5
9 125 136 15
2 29 31 13
11 64 80 4
7 100 110 12
2 131 136 12
9 114 125 6
7 40 48 20
3 0 14 14
10 11 25 9
6 20 34 10
14 16 31 20
6 16 24 16
6 119 134 3
5 27 35 3
4 53 61 6
2 125 127 17
9 82 99 16
6 100 112 10
4 120 136 7
