100
15 66 83 3
6 13 20 12
2 88 96 2
2 46 50 9
11 51 66 19
2 35 38 17
2 61 65 2
4 75 85 6
3 28 37 15
12 38 52 1
2 29 31 5
4 66 70 7
14 70 84 14
15 60 76 2
8 28 36 7
8 4 14 11
7 48 63 3
8 3 12 5
7 42 56 6
2 98 100 8
7 25 35 4
6 43 52 17
15 10 26 11
2 52 58 4
9 61 70 8
2 87 89 7
8 3 20 4
2 60 66 14
9 54 63 13
3 98 115 3
5 36 45 1
2 88 91 20
2 18 33 3
2 56 58 17
12 17 31 10
5 34 43 2
4 68 76 1
12 1 13 20
10 26 41 10
4 22 28 15
3 3 17 20
5 3 20 2
2 14 16 3
5 71 80 2
4 48 54 17
9 71 81 7
3 25 29 13
2 37 43 20
6 49 65 18
4 33 39 6
2 70 76 6
8 87 104 7
2 71 77 12
7 51 64 9
2 11 14 14
2 21 23 18
2 36 38 20
4 14 23 4
6 92 99 15
9 39 52 6
2 49 52 18
6 78 91 6
4 97 109 9
2 56 61 13
12 22 39 19
3 61 66 12
2 13 19 13
2 9 17 19
17 4 21 12
7 64 74 7
2 66 68 20
3 14 27 11
2 21 23 7
7 88 104 5
6 12 29 3
4 93 109 12
11 19 32 19
10 39 53 18
2 26 33 11
4 93 108 6
4 88 92 10
4 95 99 15
5 62 70 16
7 64 73 4
2 31 33 12
10 33 49 10
3 53 64 8
7 43 54 10
3 16 24 15
3 90 98 17
4 45 50 5
4 62 78 15
15 41 58 17
2 14 27 8
2 65 77 12
5 60 70 18
16 22 39 2
9 45 57 2
4 35 40 3
10 17 27 14
