250
2 85 100 13
11 78 90 14
7 47 61 8
14 81 95 20
5 219 230 9
9 163 175 11
3 12 15 15
5 89 94 15
2 108 110 10
3 38 41 1
2 1 3 12
6 249 262 6
13 111 127 12
4 184 188 16
7 75 85 7
6 159 165 4
3 152 155 7
2 15 19 15
3 176 182 5
10 177 191 10
7 45 53 16
7 50 57 3
2 199 205 10
12 137 149 3
13 32 47 7
4 121 130 7
7 171 181 3
10 122 133 6
10 132 148 7
4 155 161 8
5 139 153 6
4 116 120 1
4 248 256 16
5 33 46 5
7 47 54 15
11 229 240 18
6 222 228 20
7 89 98 5
10 125 139 17
3 172 185 6
2 155 161 13
6 5 18 17
6 49 56 19
10 213 229 15
10 130 145 16
8 87 97 6
5 76 84 17
2 5 15 19
7 1 17 11
3 95 98 15
10 131 143 8
7 217 229 16
10 79 93 10
2 123 132 15
2 150 157 4
16 134 150 14
3 11 17 16
2 30 34 13
4 198 212 5
2 158 171 6
4 74 90 7
3 110 121 14
8 250 263 18
5 184 192 6
12 5 19 11
2 150 153 4
6 249 255 2
11 21 37 15
4 210 214 19
7 198 211 1
6 63 74 12
3 61 74 20
2 6 8 10
6 195 210 4
13 23 37 13
2 27 37 6
3 110 123 9
7 67 82 16
7 204 211 16
5 184 189 6
2 245 250 17
7 148 155 4
2 238 241 1
9 192 202 20
2 177 184 5
4 99 105 15
6 184 191 16
6 143 153 11
2 97 103 11
8 158 170 2
3 245 253 8
3 9 16 12
2 32 47 11
9 18 29 18
8 188 200 6
8 195 205 19
5 7 22 4
8 57 70 3
2 39 43 14
3 96 101 7
2 72 77 7
6 188 204 9
9 116 129 2
3 97 106 1
2 122 124 9
4 10 15 2
5 81 88 6
4 8 22 13
2 17 23 6
3 105 109 8
3 106 113 10
5 49 55 7
3 177 191 2
5 174 184 15
3 106 109 13
6 182 194 17
6 100 115 3
3 241 247 3
2 189 191 16
4 165 170 9
9 197 212 2
12 172 187 2
3 80 84 7
2 239 242 19
4 66 72 11
6 142 159 2
5 215 221 1
8 117 125 19
2 154 159 16
5 131 141 15
3 167 174 11
12 161 174 9
14 206 220 7
10 113 128 2
7 39 55 7
5 204 218 3
4 112 129 15
13 213 227 13
6 89 96 15
2 138 141 17
10 194 205 20
4 116 128 1
4 31 40 19
5 232 238 1
4 62 77 14
2 20 31 9
10 87 102 7
6 83 92 8
5 179 196 12
2 69 74 13
5 28 39 2
3 206 216 11
7 74 81 2
3 222 229 9
4 70 84 4
2 192 194 4
3 107 113 5
11 59 70 11
3 58 67 6
5 228 237 6
3 49 52 8
8 3 18 3
2 93 98 5
8 54 62 1
2 119 130 5
6 44 52 10
11 6 19 5
8 220 228 14
3 97 103 4
5 145 151 5
5 231 239 1
6 125 138 16
2 158 160 2
3 245 249 15
7 117 134 3
14 72 86 7
2 210 219 3
4 111 125 15
8 205 218 14
4 139 146 2
13 120 133 9
2 28 33 4
4 139 145 5
3 92 105 1
4 127 141 19
5 29 38 9
7 115 122 13
8 117 134 15
10 14 27 18
3 12 18 20
14 136 151 11
2 107 109 13
2 221 223 17
4 36 40 13
9 39 49 5
6 42 52 2
6 2 12 6
2 66 68 15
11 58 71 2
2 219 226 19
7 170 182 12
6 238 254 17
2 81 83 20
8 96 105 19
4 121 127 19
2 176 180 10
5 98 106 10
2 64 71 12
11 150 161 19
7 155 171 12
6 175 188 7
2 60 70 3
2 150 161 17
2 123 135 5
7 95 103 10
7 96 109 13
4 81 95 3
6 144 156 9
10 67 82 14
7 168 180 13
11 217 232 9
2 98 100 19
2 161 164 19
5 171 179 9
5 54 70 12
13 84 97 13
15 198 215 6
11 216 229 9
2 154 156 14
13 115 131 3
2 46 49 15
5 249 261 17
8 78 92 18
2 39 41 6
6 219 232 4
2 191 196 3
15 22 39 15
12 27 41 20
12 145 157 5
3 6 9 3
2 247 253 20
2 77 79 14
5 124 132 11
2 144 146 1
6 33 44 13
4 47 55 7
2 43 57 19
4 41 47 9
10 50 65 2
2 94 100 4
