350
2 139 148 10
8 40 55 17
2 65 67 16
12 294 306 6
8 13 27 12
7 59 66 9
8 175 185 9
5 85 90 1
7 60 67 19
5 213 226 17
2 74 82 7
6 291 298 9
7 100 115 8
2 5 21 7
8 101 113 5
4 218 222 3
14 320 334 2
10 339 352 7
13 110 126 8
3 23 40 12
2 139 141 5
2 289 291 11
11 64 76 10
11 347 359 10
2 21 27 16
11 140 152 9
4 334 338 2
9 94 107 13
3 31 40 6
7 319 326 6
3 337 343 6
12 25 42 1
3 300 315 16
5 17 23 5
7 304 315 17
4 51 62 12
3 196 206 12
4 64 77 13
6 213 220 6
6 166 174 10
11 89 100 9
9 60 69 17
2 295 302 1
6 340 351 3
6 285 299 3
2 214 225 12
3 39 43 15
2 304 306 11
3 17 20 2
3 285 290 13
10 336 352 1
5 322 333 3
4 239 247 11
5 26 33 20
10 15 26 7
2 180 185 12
8 139 149 10
12 248 261 12
4 147 161 11
7 113 124 2
3 38 41 10
8 226 243 8
2 3 5 7
3 283 290 5
2 195 198 18
2 96 110 20
7 310 318 11
3 43 58 18
2 156 158 11
4 121 133 17
2 104 107 4
16 293 309 16
4 13 24 7
5 23 34 9
6 327 337 19
2 67 81 15
2 11 15 19
2 153 159 20
14 156 170 18
5 64 71 12
2 141 148 2
16 154 170 4
2 226 228 13
2 45 47 19
4 308 312 9
3 200 217 15
2 53 61 8
5 253 259 14
8 302 319 5
11 214 226 14
7 82 90 12
2 57 72 13
4 292 296 19
4 160 171 18
5 241 255 17
6 200 207 12
4 6 12 19
12 2 15 3
4 175 187 4
12 224 237 20
4 107 121 5
2 75 77 15
4 193 199 1
3 42 46 7
12 142 158 19
2 107 115 2
6 274 283 19
6 66 77 14
10 179 190 13
11 219 233 14
3 290 294 2
4 41 46 16
3 69 72 20
16 324 340 3
3 33 38 8
9 112 121 5
4 178 189 10
6 39 50 12
3 210 214 1
9 62 71 4
9 79 90 8
6 187 204 12
5 348 362 5
8 270 280 13
2 221 223 10
2 7 11 12
5 253 270 2
11 0 14 16
4 71 79 4
3 185 189 6
2 76 79 5
4 79 85 19
11 163 175 4
15 93 108 6
6 270 276 7
12 29 42 14
2 217 223 16
7 293 300 20
3 5 10 14
3 319 322 17
3 88 92 4
4 195 203 6
3 12 15 3
12 268 285 19
10 296 309 4
4 216 232 12
2 22 35 1
7 141 148 4
12 59 72 5
2 200 215 10
5 192 197 16
5 267 274 19
2 268 282 5
2 164 173 4
2 201 215 10
2 52 66 17
2 304 311 16
4 34 41 3
2 190 192 6
6 242 253 2
9 36 53 6
3 131 134 6
3 153 163 13
4 242 250 4
4 60 64 8
3 191 195 18
3 206 216 11
3 116 125 15
7 53 70 8
5 36 51 4
2 177 182 18
2 14 20 13
5 300 310 20
7 209 224 13
5 296 301 18
4 15 27 15
2 7 9 2
2 172 174 8
7 265 273 15
5 157 165 5
6 47 60 6
3 231 234 11
11 15 31 3
2 199 201 1
9 342 354 1
2 33 38 9
7 223 230 15
4 102 108 11
2 306 311 6
7 79 89 8
3 116 122 10
7 296 308 6
9 48 59 10
2 8 12 9
8 137 148 1
2 0 4 15
3 122 129 11
4 3 7 1
5 327 339 3
2 334 336 9
15 286 302 16
8 226 235 3
4 168 172 8
2 76 78 2
3 22 32 16
3 93 97 13
6 200 213 7
11 315 331 19
11 244 255 7
3 226 231 17
3 238 244 9
10 199 215 11
13 328 344 11
3 38 44 10
2 313 315 13
2 307 310 9
2 281 290 6
2 8 12 19
6 290 306 12
4 245 253 20
2 299 307 7
6 275 282 7
3 238 244 5
2 344 346 2
6 69 82 12
2 168 172 10
14 326 343 3
13 210 223 8
7 169 179 6
3 327 330 16
2 51 55 4
2 276 284 17
4 213 225 8
6 154 163 7
3 174 181 11
3 123 139 12
2 151 157 18
10 224 239 15
11 234 248 3
4 308 312 17
2 66 78 9
7 310 319 2
4 273 290 14
6 200 213 10
2 93 95 14
6 341 355 15
5 104 114 15
2 51 53 17
9 107 116 18
6 201 215 14
6 99 111 13
2 73 81 6
2 300 304 14
4 162 179 15
5 154 164 14
4 275 286 4
11 35 47 14
9 205 219 5
5 25 39 16
4 101 107 1
11 10 24 15
6 103 112 19
2 168 170 20
3 290 298 2
3 126 137 4
2 309 311 4
3 323 336 6
8 24 41 12
3 91 94 15
2 151 156 18
3 350 357 13
11 24 36 18
6 124 140 20
9 177 194 12
3 99 112 3
5 262 269 12
3 265 270 17
9 324 340 4
3 146 149 13
11 222 239 20
2 91 94 6
6 298 308 12
14 269 285 19
8 311 322 17
2 335 345 14
5 274 280 20
5 38 43 4
6 229 242 8
2 304 306 10
15 231 247 11
2 26 28 3
11 75 86 3
2 186 189 1
3 31 37 3
2 288 291 18
3 205 216 13
4 104 111 1
13 92 107 10
10 242 258 1
9 159 173 12
3 334 351 8
6 303 314 17
2 281 285 13
2 53 57 6
5 55 60 3
4 66 71 8
11 31 47 15
14 28 44 12
3 207 218 17
9 10 22 17
11 308 324 16
9 256 270 8
8 344 359 20
9 117 127 1
14 6 23 17
3 123 126 15
11 288 304 3
2 76 79 7
2 21 23 14
3 243 247 10
4 234 240 7
13 33 46 3
8 280 296 5
11 38 49 7
12 20 34 20
5 336 344 11
6 299 309 11
2 28 30 15
4 272 280 10
6 21 35 4
5 59 69 4
15 10 27 5
5 208 215 8
13 303 320 6
8 298 307 15
5 234 244 1
2 100 102 12
12 5 19 7
9 345 356 5
10 333 344 4
3 35 45 13
4 294 305 16
5 230 235 14
15 239 255 6
5 191 196 6
4 268 274 11
7 299 315 7
6 68 76 8
2 259 262 1
3 151 155 20
