450
3 331 341 15
2 290 297 15
10 148 162 9
3 360 371 12
11 74 91 6
10 256 267 9
13 56 70 17
4 237 243 16
6 92 106 2
15 75 92 4
2 117 119 4
10 373 386 5
8 51 63 7
2 2 4 9
2 331 334 11
2 153 159 3
7 48 56 8
11 78 90 9
4 7 13 12
3 161 164 14
4 253 261 12
5 313 321 7
9 29 38 18
8 214 222 20
4 56 60 3
2 239 241 13
5 387 404 6
5 308 315 19
4 372 378 8
4 327 331 2
3 339 351 17
6 68 85 5
9 217 231 17
7 374 387 10
2 109 119 5
5 195 204 2
3 355 359 3
7 191 201 15
6 305 317 5
3 5 10 18
11 178 195 3
4 317 325 14
3 302 314 18
6 356 371 19
3 126 132 1
4 208 214 18
2 214 219 8
2 216 225 10
3 297 304 6
7 292 306 6
7 232 241 20
3 358 369 5
10 105 118 9
5 89 96 7
6 136 153 4
2 203 206 10
2 13 29 9
2 299 308 8
8 339 352 15
10 95 108 12
4 382 389 15
2 81 84 17
6 420 426 7
6 254 262 6
2 344 346 4
12 186 198 16
2 47 57 13
3 299 303 4
8 148 163 8
8 124 135 18
6 273 279 2
2 340 343 5
11 61 75 11
3 349 356 4
6 73 79 16
6 280 289 12
2 4 10 8
5 307 312 15
9 269 285 8
5 266 272 7
6 152 158 17
4 415 420 20
6 256 262 19
10 260 273 13
6 82 88 16
4 113 127 17
2 76 81 17
2 398 400 12
6 75 92 20
3 178 188 3
12 106 118 16
10 140 157 18
7 349 362 13
5 382 397 17
6 92 108 13
7 65 76 10
5 206 223 12
4 285 298 10
2 218 220 12
14 248 264 9
2 208 214 15
6 344 351 8
4 367 371 11
13 425 439 13
11 385 396 11
13 123 137 18
2 314 330 15
10 153 169 1
3 341 344 7
12 43 57 11
4 348 353 10
2 379 381 18
8 379 393 6
14 307 321 11
5 403 413 13
2 23 27 1
5 330 345 9
5 397 403 2
2 382 397 8
7 435 443 13
4 7 13 5
8 83 98 9
5 24 35 10
3 445 451 11
4 163 169 2
4 407 416 10
10 160 170 19
2 398 402 5
5 359 365 9
4 438 445 12
7 256 269 10
2 78 82 7
3 217 225 20
3 365 370 19
3 333 339 15
4 222 226 3
5 251 258 11
6 370 376 13
3 376 390 5
7 364 381 12
11 14 31 14
5 220 231 4
4 273 285 6
15 423 438 4
10 362 375 6
3 122 127 17
3 106 109 11
14 376 390 11
5 233 238 16
6 335 352 13
16 354 370 16
7 272 284 3
3 131 148 3
16 349 366 13
3 89 92 14
7 181 190 18
14 150 165 19
6 164 170 16
13 56 69 11
3 369 377 12
2 161 163 16
10 341 351 12
7 404 414 11
6 176 193 15
8 129 145 14
3 236 242 5
7 196 206 12
9 384 394 3
7 250 260 16
7 189 198 19
7 102 111 3
5 85 98 17
2 225 229 14
6 11 19 15
8 41 51 3
7 72 82 6
6 319 333 17
2 397 403 6
13 310 324 16
2 189 205 10
3 280 288 14
8 292 305 14
11 172 187 1
2 30 35 18
7 180 193 4
3 264 267 1
8 360 373 12
9 401 415 6
8 231 244 4
11 22 35 12
5 321 327 5
5 394 408 17
11 374 387 4
4 51 55 12
9 415 425 20
15 270 285 7
3 290 298 3
5 298 307 5
8 20 28 7
2 218 220 16
3 2 16 12
2 227 229 10
2 351 364 8
10 316 329 14
3 289 292 16
10 221 238 11
6 182 188 18
9 262 274 17
2 423 429 1
8 228 236 2
2 434 438 4
11 111 123 20
8 215 227 13
5 382 398 3
10 129 142 13
3 413 418 7
5 103 108 5
3 163 168 11
5 6 17 9
2 412 414 9
2 318 324 16
2 121 132 10
11 240 253 2
4 42 46 14
9 211 226 15
7 417 432 5
12 314 331 15
5 170 176 9
4 398 402 12
2 6 8 12
9 136 153 15
6 187 196 16
7 276 288 19
4 341 348 16
4 204 209 18
4 285 300 17
3 69 77 6
12 86 100 15
3 55 58 20
17 184 201 18
2 425 428 13
5 71 82 8
2 447 456 1
8 347 359 9
2 78 80 17
3 437 441 19
5 316 323 6
2 91 101 18
3 173 181 16
15 101 118 4
2 386 389 8
15 245 260 10
5 37 50 15
3 222 225 8
2 270 272 2
8 414 427 15
3 59 62 8
2 120 131 10
2 360 369 2
2 164 169 15
4 248 254 20
5 401 409 4
11 148 162 18
6 382 393 9
15 129 144 11
2 253 266 13
2 4 14 10
4 223 228 11
6 326 333 6
2 262 273 11
11 203 217 13
5 225 235 10
12 182 197 12
2 34 44 1
9 337 349 4
2 260 263 14
2 14 17 2
6 255 262 19
3 231 244 16
14 436 451 4
3 96 100 3
12 254 270 11
11 173 188 4
9 7 17 11
10 120 136 6
5 66 73 5
5 59 66 4
7 345 354 3
2 157 170 20
2 215 222 4
7 190 200 17
2 231 233 14
2 117 125 6
5 392 397 15
5 40 52 6
2 124 134 6
2 312 321 6
2 417 420 12
8 95 105 12
7 270 280 3
6 257 274 17
2 210 215 8
3 184 187 7
12 412 425 1
2 11 20 12
3 182 185 13
4 200 205 14
2 107 109 2
7 242 250 8
4 218 226 4
4 184 192 6
3 323 328 8
3 437 448 13
7 243 255 1
6 339 354 20
2 234 238 4
4 341 348 1
8 90 104 16
6 68 76 9
10 369 381 1
3 114 120 17
7 161 178 11
4 239 243 12
5 449 454 8
6 205 216 8
2 184 187 10
12 10 24 19
2 316 318 7
5 386 402 8
2 414 420 7
7 191 198 16
9 199 212 16
2 345 347 10
3 277 280 6
2 225 238 5
11 166 182 13
4 401 417 5
2 430 436 10
12 408 425 11
5 91 100 7
9 27 39 2
4 264 269 12
9 41 57 8
9 358 374 10
6 198 213 19
2 188 191 8
14 401 415 12
7 322 334 20
8 33 44 15
4 418 428 13
9 426 436 2
4 185 201 2
6 252 269 7
4 278 289 4
12 200 216 11
4 339 353 17
2 225 234 17
3 153 165 8
6 20 35 18
8 111 128 9
4 136 143 15
2 311 315 3
7 271 284 11
10 196 207 16
10 216 227 1
3 112 115 3
3 382 390 1
5 448 465 8
10 428 440 1
6 317 326 19
7 311 319 7
12 61 78 6
2 103 107 17
16 80 97 15
10 150 161 12
7 329 336 15
5 415 428 14
7 386 398 6
3 342 346 1
7 213 223 10
3 322 330 8
2 432 442 9
8 366 374 15
4 171 176 18
16 2 18 5
10 90 104 8
8 332 341 18
2 348 361 7
4 48 63 13
8 77 86 13
5 173 187 2
2 2 4 16
15 408 425 14
9 424 435 20
2 334 350 4
2 60 75 11
2 184 187 3
3 365 370 20
2 75 79 17
2 72 74 14
12 213 228 18
13 298 315 11
2 74 79 10
4 249 256 14
2 209 213 7
9 50 59 18
6 44 57 20
9 2 13 12
3 143 157 17
7 428 436 2
2 111 114 11
11 261 277 18
2 286 289 8
3 267 277 2
2 252 264 7
3 359 372 17
2 239 241 5
8 449 461 7
9 26 35 4
9 28 43 14
11 317 330 10
2 299 301 7
3 40 47 9
6 32 43 11
10 20 31 14
7 250 263 16
8 147 156 8
8 162 172 11
10 95 106 4
7 57 72 17
5 186 191 20
3 269 272 6
3 92 102 13
3 40 45 16
15 390 406 1
11 299 311 12
5 392 405 16
5 14 21 17
3 289 294 17
12 345 358 12
14 424 439 18
2 202 208 17
5 354 365 5
2 19 26 4
12 436 449 13
15 307 324 19
7 222 234 1
3 421 428 17
5 307 317 19
5 374 379 6
