500
15 1 22 1
3 29 46 10
4 3 18 1
18 22 47 9
21 7 35 2
15 8 28 9
7 25 33 1
30 2 52 8
18 30 50 9
25 8 43 6
19 30 58 9
20 30 51 5
4 25 39 4
6 26 34 10
3 14 30 2
27 1 34 10
24 24 56 10
29 8 41 6
1 9 19 7
29 1 43 7
18 12 35 1
14 9 38 4
29 25 60 6
1 13 27 1
23 13 53 3
16 29 59 10
21 6 46 8
8 23 51 5
19 11 47 1
4 8 23 9
21 1 33 8
22 7 37 5
28 23 57 3
29 22 56 10
24 7 47 4
6 6 26 7
17 17 36 2
23 18 58 10
27 17 47 7
25 18 57 1
24 11 39 2
17 29 50 6
8 11 31 4
1 2 11 10
7 26 50 10
20 23 46 1
24 1 31 5
26 7 51 8
8 27 48 1
12 23 44 6
6 28 51 5
23 2 44 6
23 8 32 5
1 6 20 2
29 1 40 7
7 5 24 9
9 9 30 5
12 5 37 10
10 16 35 1
12 5 32 10
26 1 30 7
26 6 51 6
21 6 31 6
5 22 37 9
25 9 44 6
18 28 54 1
27 9 43 7
16 20 55 9
14 16 46 8
26 9 44 10
17 6 28 7
2 15 35 7
5 7 18 1
16 13 47 5
28 20 52 8
10 18 42 6
27 30 75 7
10 10 34 6
16 26 46 1
27 3 44 7
25 23 61 1
29 28 77 5
2 23 39 10
13 4 22 1
15 16 35 1
25 20 46 5
7 10 24 4
30 3 50 10
7 14 35 9
28 14 52 8
18 28 53 2
21 10 38 2
18 17 43 9
7 21 41 9
13 18 45 8
2 20 27 6
8 23 40 3
1 26 42 4
1 15 19 8
21 28 69 5
14 23 39 10
15 27 48 4
3 3 21 1
18 4 28 3
26 11 53 5
8 9 36 7
11 18 48 9
14 21 41 9
18 22 50 8
26 12 53 4
25 9 50 10
6 9 35 10
7 2 24 7
5 20 39 7
26 12 46 1
27 8 55 1
14 14 35 3
23 6 48 1
19 4 42 1
25 24 50 8
23 24 58 7
24 9 49 4
29 13 57 10
5 15 30 1
3 9 15 2
8 28 51 2
23 12 52 8
24 5 35 5
6 26 39 10
8 8 20 9
13 9 37 3
30 21 70 3
8 5 23 7
29 18 52 3
13 24 43 8
30 8 41 2
15 2 19 8
3 5 22 3
4 4 26 8
30 28 76 6
21 25 49 9
9 29 44 8
19 24 60 10
21 15 44 7
29 9 43 2
7 16 38 9
5 2 12 6
6 2 20 5
23 4 30 1
30 4 37 1
13 7 26 10
15 23 56 10
15 21 42 8
5 28 47 6
30 18 68 2
22 11 35 3
10 22 42 9
12 26 54 5
23 15 52 5
3 16 38 10
7 16 25 2
16 20 50 2
4 25 34 9
13 19 43 7
3 18 25 10
29 27 74 1
19 21 42 7
14 14 36 4
9 23 36 10
3 27 39 3
4 17 26 10
5 8 23 9
11 5 25 6
25 26 52 6
24 19 59 6
4 10 16 8
18 27 50 1
6 3 15 8
5 6 13 10
20 15 39 6
6 15 24 9
24 22 47 2
16 2 27 6
5 1 17 1
22 30 56 10
7 22 44 3
20 14 39 3
25 2 32 9
20 20 53 5
7 16 41 4
21 17 58 8
13 26 49 8
24 1 45 2
16 29 51 9
4 1 6 5
4 26 31 9
1 22 37 4
30 1 38 10
1 29 47 3
25 22 59 10
23 17 54 8
15 28 52 4
14 16 35 5
25 15 49 2
6 24 42 10
1 16 35 9
3 12 24 1
13 18 32 1
26 7 44 5
24 30 68 3
25 28 68 4
28 2 35 4
12 20 49 9
28 26 63 2
20 30 67 5
4 11 18 2
12 12 40 10
9 6 17 7
25 9 41 5
21 15 37 4
19 15 51 6
24 21 59 1
9 17 38 1
1 18 32 6
15 25 51 5
29 9 54 1
27 24 62 7
25 1 45 7
7 16 29 7
24 19 61 2
27 5 45 1
14 19 35 3
16 27 49 7
25 18 49 3
10 15 28 7
12 26 47 9
18 13 43 7
17 23 52 1
11 30 46 9
14 18 46 8
15 19 51 1
7 24 35 7
20 18 56 4
27 12 53 5
19 16 46 5
11 7 28 9
10 5 24 1
29 18 56 8
17 7 36 8
5 2 21 8
14 3 29 7
10 22 45 2
11 10 36 7
23 8 46 5
24 6 39 3
28 23 70 6
25 23 60 8
28 25 73 3
6 12 33 2
15 9 36 9
10 22 51 6
6 15 27 8
3 22 43 6
2 22 26 1
29 13 53 1
5 25 46 10
6 8 16 3
20 23 44 2
30 6 42 5
8 4 13 9
29 29 68 8
17 4 35 5
23 2 32 8
27 28 65 3
9 30 47 1
27 28 63 2
28 4 33 8
27 1 38 8
2 7 12 2
28 13 61 5
9 16 38 7
9 2 27 8
12 15 47 9
29 18 63 8
29 14 52 4
27 2 45 2
16 24 42 1
14 13 36 7
29 10 49 8
25 17 49 2
1 28 38 5
10 27 56 4
5 26 44 8
15 30 58 4
17 24 61 1
17 9 37 10
15 24 52 9
29 2 51 10
8 3 24 1
24 30 73 2
29 12 53 3
14 17 33 6
12 26 45 5
7 28 50 10
14 5 37 1
22 1 32 6
25 26 56 8
17 1 37 2
17 24 42 2
3 6 10 8
3 6 29 5
10 9 34 8
21 20 56 5
4 28 41 1
12 11 35 8
20 11 42 8
16 30 53 6
23 18 53 5
11 9 32 4
8 11 25 5
29 17 56 3
11 8 28 10
29 11 51 3
5 14 30 6
27 27 68 3
9 30 48 5
27 20 61 2
24 4 32 5
9 11 24 4
10 26 39 9
13 9 23 1
10 24 50 3
26 30 63 10
1 30 47 10
2 3 11 1
4 3 15 6
18 2 30 5
10 28 51 7
30 25 75 1
5 12 22 5
24 2 41 3
5 7 25 8
21 16 40 6
5 3 22 7
18 8 39 8
8 14 29 10
11 21 38 8
3 7 12 9
30 3 40 1
13 15 33 2
8 3 19 6
26 18 52 8
5 12 19 1
3 8 23 5
22 29 58 5
10 19 38 2
18 23 51 9
13 13 29 1
2 8 29 8
10 2 16 10
25 1 34 5
16 4 26 5
20 23 55 10
3 17 23 8
16 8 38 6
16 3 35 5
19 14 43 3
16 24 57 9
19 9 41 2
24 25 59 4
20 16 47 10
15 15 35 1
21 27 57 8
23 20 45 8
8 13 30 4
18 16 39 6
24 17 55 9
22 22 58 8
6 28 47 4
14 18 40 6
6 20 39 3
27 9 55 3
28 13 59 4
17 26 57 1
16 26 46 2
29 8 49 9
6 26 44 10
22 13 38 4
2 3 21 3
6 5 13 3
2 5 13 6
14 6 32 3
6 13 25 1
17 19 44 5
4 1 8 9
2 22 39 3
29 25 70 3
22 24 57 8
17 4 25 5
29 29 68 9
2 25 35 7
10 11 25 1
18 26 46 3
11 12 38 10
15 18 47 10
30 6 51 7
12 18 39 5
30 18 68 1
15 11 34 10
16 22 50 2
15 12 37 10
5 19 30 6
3 27 37 7
14 28 54 10
3 28 34 3
12 10 27 8
11 30 55 2
28 23 52 5
14 5 33 4
3 14 30 10
14 24 52 4
4 1 21 5
29 16 54 2
3 18 35 10
21 27 54 10
13 18 51 2
3 30 34 5
24 29 57 1
11 18 31 5
8 9 24 7
16 10 42 5
4 6 16 3
12 2 15 10
26 9 40 7
12 7 34 8
6 12 22 9
21 29 69 4
20 17 39 8
20 28 53 6
15 4 33 10
12 24 39 10
25 29 65 1
19 21 41 3
16 8 25 2
10 10 40 9
2 9 25 3
23 10 42 5
22 4 27 8
16 28 61 2
26 30 59 9
21 20 47 9
15 14 43 1
1 11 27 5
6 4 13 9
20 18 52 5
21 21 57 8
5 17 23 1
11 17 44 1
7 22 36 10
18 22 52 3
29 12 57 10
25 14 47 1
12 25 51 3
18 12 47 9
15 6 35 8
9 24 38 6
10 30 57 6
1 30 47 5
7 12 30 10
23 2 31 3
13 27 45 6
9 7 21 5
29 3 52 6
17 8 45 7
24 16 57 2
3 22 31 10
4 21 37 4
20 30 51 8
1 2 5 1
19 7 43 5
8 29 48 6
13 1 24 5
15 28 51 8
17 9 27 7
8 7 35 7
13 1 28 4
26 3 44 4
7 9 32 10
6 4 15 4
14 2 30 3
25 10 43 7
15 7 23 8
24 4 35 2
4 16 27 5
14 27 49 5
8 17 29 7
2 21 27 4
7 4 19 3
27 29 58 9
12 25 53 9
