150
14 20 50 8
24 30 62 8
19 2 31 2
4 10 30 9
24 20 52 4
18 24 59 8
7 29 53 8
30 18 58 9
17 12 38 7
10 26 52 9
26 6 38 5
25 17 54 9
23 21 45 4
24 3 40 10
11 12 39 10
15 9 43 5
1 18 23 8
17 3 37 7
3 12 32 10
3 17 31 1
2 7 13 9
10 19 34 6
1 8 12 1
5 12 32 8
5 21 28 10
27 3 35 10
6 18 30 3
15 9 37 2
8 28 54 10
28 9 46 1
21 8 49 10
18 30 53 1
8 26 35 10
4 19 37 6
26 21 66 8
24 29 59 2
21 5 40 9
30 9 44 4
21 14 36 9
9 11 27 8
1 22 38 4
5 10 20 6
24 2 41 9
6 22 40 5
7 28 43 3
1 6 8 5
15 27 62 8
5 7 31 6
7 3 23 8
10 27 43 7
5 13 29 2
22 4 43 1
18 8 32 4
22 17 40 6
13 4 24 10
25 1 37 7
16 26 52 4
21 7 32 5
28 26 71 8
4 27 44 5
6 2 13 6
18 23 56 8
3 9 16 6
15 23 45 5
19 9 41 9
25 7 41 9
20 20 57 1
17 30 63 5
18 10 31 6
5 14 33 3
28 6 48 4
13 2 20 9
29 3 35 3
27 11 47 10
9 18 29 1
21 13 44 10
3 18 32 4
15 17 37 2
14 4 22 2
2 19 24 7
18 2 38 5
11 9 32 7
17 14 42 8
13 13 32 7
30 30 74 9
10 23 45 2
6 24 34 10
4 2 8 9
28 20 63 8
11 3 19 6
3 20 29 9
20 30 56 5
23 30 68 2
10 30 47 6
27 30 64 4
2 30 46 1
2 6 10 5
26 24 57 10
13 11 35 10
3 23 40 4
16 6 28 7
2 6 19 1
24 19 47 3
24 27 65 8
10 7 31 9
4 26 32 9
28 17 52 4
6 17 39 6
24 23 54 10
28 25 60 9
21 25 61 7
11 28 40 5
21 26 66 4
21 28 51 6
3 23 38 4
20 23 61 2
13 20 38 2
28 9 53 2
5 18 36 7
25 12 51 8
24 30 60 4
23 6 38 9
22 23 59 3
12 19 43 5
3 26 41 9
8 5 29 4
4 18 27 3
17 1 23 7
3 23 39 1
29 14 53 8
25 11 47 1
23 11 35 7
28 13 58 4
12 25 48 1
26 6 36 5
4 9 15 2
5 15 36 10
22 11 41 3
14 29 51 6
22 24 62 8
3 10 14 10
11 24 43 4
24 26 54 10
14 19 48 6
22 14 53 2
20 20 42 5
17 1 26 6
27 12 54 5
14 19 44 4
4 6 24 8
