200
3 15 38 5
8 18 39 10
23 25 54 2
12 19 32 9
10 10 24 10
7 18 35 10
22 16 49 9
3 8 23 9
23 17 52 10
3 26 44 9
13 12 41 10
30 6 49 1
19 4 38 10
3 1 13 7
14 28 58 7
28 20 54 3
21 8 45 9
22 12 51 4
10 27 53 7
1 7 25 7
2 22 29 5
8 20 48 5
3 2 10 7
25 30 56 7
14 21 43 4
20 11 46 8
23 1 35 2
22 29 66 6
10 9 34 7
16 10 44 9
5 13 34 6
24 25 65 7
19 7 46 8
8 22 41 10
4 16 30 1
28 6 38 1
11 16 35 10
18 7 36 4
15 28 56 4
19 21 49 5
9 28 45 3
26 27 67 4
8 24 52 5
12 12 38 7
17 16 39 6
28 3 41 5
1 8 24 7
24 26 52 1
12 22 40 8
9 18 38 6
30 1 50 4
28 13 59 6
22 5 47 1
5 18 42 5
14 27 61 10
17 12 43 6
7 9 28 2
15 24 45 2
25 14 50 6
14 26 55 5
12 10 28 8
29 25 58 3
12 29 53 6
18 20 43 3
5 5 20 10
3 8 26 3
30 30 67 9
29 3 37 7
9 29 56 2
14 11 40 4
22 14 50 5
5 30 41 4
22 17 45 9
19 28 48 6
6 28 47 8
16 7 41 8
22 24 61 7
11 29 55 9
2 29 47 7
30 24 72 7
11 23 43 10
7 19 43 5
15 7 35 10
25 1 32 7
3 4 16 6
12 23 45 9
6 18 31 2
2 21 29 1
8 14 31 2
23 22 51 6
7 19 29 10
14 25 55 4
25 5 35 9
6 12 22 3
1 30 32 10
20 12 48 10
25 9 53 6
11 30 47 8
3 17 34 5
20 14 41 8
23 5 47 5
24 15 54 10
10 18 38 7
8 15 28 3
5 3 16 10
2 19 37 1
21 7 34 8
6 7 25 7
17 4 22 10
12 1 15 8
20 9 33 1
26 9 41 7
5 22 31 6
9 1 12 2
3 1 9 10
14 25 48 4
8 22 48 2
19 27 48 8
10 28 50 1
9 29 57 7
6 30 42 5
28 25 63 9
24 17 48 8
13 15 35 6
26 13 43 9
7 1 12 10
7 15 32 6
8 13 32 10
1 4 21 7
11 30 59 4
7 11 22 1
27 14 56 8
4 19 27 7
7 14 30 10
15 18 43 7
10 30 58 6
16 22 46 9
1 24 42 9
27 6 52 8
3 19 37 8
23 21 59 5
5 29 52 7
16 24 42 3
30 6 54 5
30 17 65 3
12 15 41 9
4 5 10 7
26 3 45 4
12 30 48 4
10 15 29 8
12 5 30 5
21 1 23 3
22 14 47 5
4 14 24 5
7 2 13 5
28 21 64 1
2 20 41 8
11 19 39 2
24 20 47 8
29 2 43 10
29 10 55 7
9 29 54 1
4 21 40 9
19 4 38 6
24 8 52 8
9 24 45 2
14 13 36 1
12 20 36 4
25 11 38 6
12 10 40 7
12 28 52 6
25 20 57 3
22 5 34 4
26 23 69 10
12 20 42 5
30 25 71 10
10 17 39 3
13 2 32 1
9 8 25 5
7 11 24 10
12 6 21 10
16 17 44 1
1 3 18 4
28 5 40 5
2 21 32 5
20 1 29 10
18 17 44 5
30 1 36 4
4 6 22 4
21 5 29 6
17 1 25 3
9 24 46 4
10 1 19 7
17 29 52 4
22 5 29 2
24 27 69 3
30 8 55 8
28 22 55 3
21 21 56 8
26 15 46 4
