100
24 17 46 5
10 2 28 10
28 15 50 10
6 6 29 2
20 29 52 8
2 17 22 1
28 29 72 3
10 28 44 4
1 24 40 8
14 7 25 7
15 5 38 7
11 14 36 10
21 8 35 8
7 23 49 3
10 5 26 2
1 16 37 3
7 21 38 5
22 28 66 10
8 15 40 4
2 9 29 2
7 4 24 5
28 23 54 1
29 5 54 7
10 13 29 7
24 14 57 3
9 14 34 3
23 28 65 2
12 15 44 2
10 18 44 4
23 17 43 9
16 4 24 5
21 5 31 6
3 13 24 2
7 16 37 10
20 6 36 7
1 4 17 4
16 23 50 8
24 24 49 4
24 7 32 1
25 30 66 4
5 16 31 10
21 17 50 9
22 22 53 8
6 9 35 5
14 1 16 7
10 20 36 1
30 4 50 8
4 18 23 10
14 10 38 4
6 5 13 5
29 7 43 4
15 25 54 5
15 9 44 3
15 19 44 9
19 30 61 8
11 25 41 9
19 11 35 4
20 2 24 8
4 30 41 9
30 11 44 2
29 19 68 2
21 25 51 1
10 18 36 2
16 13 31 5
9 20 32 3
8 27 45 9
10 15 39 5
26 14 41 10
5 15 35 4
14 7 28 6
12 5 26 6
23 10 46 2
7 22 47 5
1 21 25 5
28 20 57 8
17 4 30 3
16 12 43 8
6 14 32 7
4 21 38 4
13 4 18 9
19 15 36 7
7 22 49 5
20 27 66 8
30 25 66 9
2 30 34 10
15 2 20 7
19 16 51 8
18 23 56 3
20 29 65 1
3 11 28 10
27 21 64 9
11 27 42 8
14 23 50 5
10 14 32 8
14 2 18 8
13 4 22 9
28 30 67 2
11 25 43 9
29 1 46 4
12 21 34 3
