50
14 26 48 4
13 30 46 6
2 4 12 9
27 10 48 3
15 29 45 6
21 28 68 7
8 28 43 3
19 5 30 9
19 17 56 5
12 1 21 6
30 24 66 9
27 6 37 1
16 11 45 10
25 26 68 7
17 15 52 7
21 6 44 5
3 16 21 8
18 4 23 9
6 22 29 4
16 12 38 7
28 3 42 5
12 1 29 2
12 19 39 4
2 29 46 4
12 12 28 7
16 18 50 4
6 11 27 7
30 15 47 8
29 6 41 5
17 4 39 7
23 26 68 10
1 16 36 4
7 3 22 10
6 26 38 7
3 28 40 7
14 11 32 6
9 13 41 5
2 4 24 8
16 21 49 7
9 24 45 5
13 15 39 1
19 24 47 6
2 29 36 1
18 30 51 6
24 26 68 8
10 14 41 2
23 8 38 3
6 4 11 7
25 30 71 3
11 22 37 5
