400
4 48 41 1877 7
34 3 12 2656 4
38 1 15 3000 15
20 48 27 200 12
46 13 46 5857 5
47 15 36 6050 5
37 15 26 3101 12
1 12 27 4094 17
37 12 36 263 18
39 6 35 2480 11
20 26 38 7033 2
50 28 14 3045 2
25 19 13 3871 17
19 28 19 6163 16
13 30 30 6797 8
27 32 10 6340 11
24 24 50 1189 4
12 34 42 3461 17
28 21 43 4830 9
27 32 12 3642 4
2 23 5 2455 13
50 36 23 1452 4
43 47 31 5379 4
27 16 49 6568 16
16 13 31 5439 11
28 6 42 5785 17
28 23 13 2224 20
36 48 14 1819 13
18 20 18 1634 2
27 28 27 2521 16
1 41 16 7557 7
3 32 15 130 5
22 5 6 7129 6
1 36 33 633 19
32 14 5 6486 11
23 24 24 5292 19
34 50 42 489 3
48 45 11 6953 16
36 43 26 6996 15
41 26 39 3976 19
9 1 28 5226 13
43 50 30 5879 13
38 22 23 2799 6
24 50 16 4906 11
17 20 32 4564 2
41 8 15 5094 12
44 18 29 4532 4
11 46 7 4732 3
25 9 20 5433 9
47 43 3 6474 14
20 11 20 3802 11
22 48 15 5371 15
27 49 20 3313 9
44 36 6 4972 1
36 50 38 5932 11
22 22 22 505 17
15 17 39 4918 6
31 44 31 4072 10
17 48 33 2363 13
39 39 6 149 19
3 42 33 3889 5
27 37 12 1374 16
4 19 37 2526 19
6 28 14 5340 20
39 28 13 2534 2
10 1 7 6947 14
18 46 4 3510 19
4 26 12 3298 20
44 42 23 7288 12
39 9 16 1570 12
5 50 11 5973 5
8 34 20 1819 16
35 34 42 4087 5
26 1 38 928 1
36 50 45 6029 13
33 16 36 4232 12
7 39 4 6237 6
6 34 11 517 13
13 34 1 2054 4
40 46 27 457 14
27 15 12 1316 8
35 2 22 5101 18
5 21 45 3971 16
14 34 46 2799 16
14 33 5 6308 8
31 5 34 2260 1
24 12 48 4468 17
1 28 12 2214 17
24 12 5 2304 8
4 17 45 6049 3
17 11 10 413 14
40 21 17 3996 12
39 11 46 4686 3
41 8 4 6926 9
32 11 46 162 10
4 30 42 3940 11
10 5 17 3382 2
30 28 36 5062 19
39 49 2 2455 8
46 49 12 5235 2
45 19 5 1653 17
33 5 50 1294 7
9 34 38 5063 18
22 22 2 3920 15
19 34 26 575 15
5 14 50 2055 5
26 49 20 1389 17
6 34 27 2433 13
50 43 29 6568 14
26 2 45 1767 2
5 1 45 1864 19
40 43 27 4469 7
48 15 2 2051 5
24 27 48 2019 13
20 43 15 6418 14
36 8 10 6389 10
8 6 45 5005 12
44 17 12 7360 7
40 21 31 6649 2
20 5 22 314 14
23 3 45 2560 17
32 15 9 1334 10
45 47 16 1092 14
37 11 20 1304 19
41 20 39 1226 14
49 48 25 2090 13
4 35 23 4757 2
47 44 13 4763 6
22 32 12 855 14
14 19 44 2154 18
47 22 34 920 19
1 29 30 1247 12
2 34 14 5699 20
17 37 35 4465 10
29 15 39 6374 19
43 6 27 126 1
35 2 11 93 3
50 37 34 159 9
27 46 39 2317 11
15 28 30 4327 10
6 44 2 945 6
31 13 49 2114 15
47 37 6 3296 20
31 47 1 637 17
46 33 12 4250 20
18 25 30 3604 6
50 41 24 2040 9
48 9 11 2746 1
35 14 43 602 20
5 14 21 1338 10
3 26 9 6534 5
32 35 42 3675 13
45 48 32 6031 13
17 31 7 2163 13
15 37 14 2732 16
39 28 38 411 16
27 5 15 267 7
5 3 37 3810 13
13 39 48 2821 18
17 18 34 6125 6
50 44 28 4925 20
27 29 35 4238 2
8 12 35 1634 7
50 31 35 4501 10
38 20 37 965 11
20 25 27 695 17
12 50 20 6361 11
33 14 15 5206 19
4 50 41 3250 19
1 38 12 6363 19
21 11 10 6341 18
19 20 33 4971 13
5 23 6 5130 19
32 8 45 2400 10
18 36 39 6988 11
10 7 22 503 18
48 38 15 5680 1
41 40 25 534 20
9 39 6 4670 4
16 34 23 5209 17
17 39 23 123 5
9 19 16 2063 19
5 16 28 4229 6
50 34 38 7110 6
40 16 46 3240 13
5 33 41 4850 7
48 6 38 2861 17
2 36 9 3587 14
13 47 11 1793 9
34 11 36 6066 12
22 19 46 7442 10
12 10 1 3879 10
2 42 21 4915 1
39 43 38 3797 14
48 8 14 7030 2
31 24 45 4356 8
7 45 2 505 1
24 17 31 6414 12
30 17 10 7296 15
37 17 5 3611 16
5 14 41 4850 5
15 9 46 4409 9
10 26 24 7122 11
48 33 49 1872 20
24 27 18 2627 7
8 49 1 1627 14
11 42 21 6124 9
33 1 49 3705 13
3 26 49 2804 7
33 35 5 2274 20
49 32 43 2354 20
43 4 32 7400 19
18 12 13 6754 4
49 38 30 5219 3
13 7 50 6081 10
39 24 38 2913 4
28 44 25 7601 9
35 32 16 2159 16
23 20 19 1324 11
6 4 42 3697 4
11 23 5 5447 9
38 39 33 2854 7
46 42 5 3498 11
36 32 10 4786 11
44 35 20 6539 20
30 10 13 2502 15
46 24 38 161 12
19 4 2 1403 4
15 42 13 2971 7
19 17 21 2704 16
11 9 27 58 18
28 40 5 6869 17
11 44 34 831 9
34 43 29 1159 1
11 20 26 412 6
1 4 48 3306 17
41 46 12 2589 18
19 44 7 2482 11
14 31 39 4554 9
34 20 8 1647 3
20 47 19 6337 10
21 30 26 6760 10
14 13 6 837 20
41 7 39 7131 3
11 34 4 3806 13
28 12 23 105 7
38 7 9 4749 2
4 8 17 7322 17
12 20 46 5304 2
36 24 22 4211 5
20 40 30 4361 3
39 7 37 5984 3
43 33 11 5158 20
17 26 30 3661 4
24 2 37 5770 6
22 23 20 2091 3
46 15 39 1019 9
12 34 22 2408 16
12 43 13 2900 16
32 17 29 192 13
20 2 11 1553 9
48 17 25 4760 15
40 38 32 833 14
37 9 39 171 19
20 24 12 2251 10
19 16 45 3064 4
11 23 38 6656 10
14 41 27 5702 4
23 7 45 4851 9
13 49 10 2836 12
41 3 32 399 10
3 38 2 5180 2
5 15 19 5202 4
6 6 13 7285 2
7 2 11 4965 10
29 1 22 6304 20
11 24 12 2011 13
15 19 35 3966 9
14 33 33 1044 7
34 21 7 6491 10
21 35 20 5370 20
23 19 3 387 8
44 40 14 3763 5
38 35 50 6385 17
31 34 15 5973 12
26 22 40 1724 15
31 47 45 1827 9
23 46 22 4772 15
46 38 5 2979 18
32 23 27 5942 17
22 44 37 2415 10
5 24 34 223 12
34 43 36 7193 1
7 27 48 4440 20
45 33 19 167 11
25 31 46 1677 20
18 27 16 6030 1
31 5 9 761 4
7 23 9 4928 13
36 15 32 840 3
14 15 40 1066 12
11 22 31 6666 8
41 5 1 2528 20
5 1 18 2505 17
49 38 8 3894 12
9 34 49 6777 12
35 28 44 872 14
19 15 14 5469 12
2 12 13 6281 4
41 17 38 7077 19
47 47 11 171 11
5 11 5 4618 3
6 18 35 1435 20
8 4 49 4015 12
17 12 46 2429 14
28 47 1 1247 11
42 21 47 1108 17
39 8 1 2016 13
1 11 32 1776 5
24 23 24 621 10
24 38 28 1358 1
31 17 23 1961 20
14 34 44 2815 12
22 5 19 6517 20
47 36 35 558 14
14 13 18 208 20
18 3 48 5608 19
22 37 6 842 18
38 22 11 7217 16
19 49 45 3424 11
49 49 29 400 3
15 21 11 1295 19
42 33 16 6641 16
39 40 10 294 5
21 30 35 5500 12
19 26 27 6312 12
28 50 42 5491 20
45 30 31 1313 20
41 10 36 2575 7
34 12 35 6808 19
43 2 5 923 16
21 18 6 3909 20
13 50 20 6089 16
15 17 7 3486 10
23 1 29 5869 6
30 12 2 5357 6
2 19 48 6397 12
5 45 28 3245 4
46 38 36 2115 7
21 37 8 6508 4
44 44 38 700 19
10 42 34 4077 10
3 12 43 6596 14
34 20 18 4389 13
50 43 38 7102 1
20 27 45 6719 7
23 11 44 3940 11
31 40 4 3637 15
43 19 22 2103 15
25 7 3 3700 5
35 24 27 1249 17
2 44 26 7603 11
21 6 18 5863 12
50 6 41 2974 7
49 20 24 6802 20
49 8 44 6437 6
9 8 41 5607 7
49 32 7 1253 18
40 28 18 6138 19
50 3 16 3724 12
36 17 6 3369 11
22 25 37 7401 15
29 4 37 7078 2
34 4 13 2588 11
31 14 34 7291 18
3 10 29 5022 16
49 24 40 3508 9
38 45 18 6911 19
5 45 15 712 13
2 19 42 2754 14
22 4 38 1441 18
45 3 11 2429 15
16 41 17 6379 15
19 22 26 775 11
39 17 27 2829 20
36 15 50 3902 14
36 41 1 2333 16
40 31 26 2339 5
22 50 24 813 20
23 34 45 6395 19
14 4 7 2415 19
29 32 29 1928 14
20 39 43 6803 15
42 45 49 6466 3
4 3 9 5626 2
2 22 47 949 14
16 5 16 5654 8
48 26 3 3202 2
22 31 35 4322 13
8 3 7 7048 2
