500
4 48 41 9169 7
34 3 12 6498 4
38 1 15 5859 15
20 48 27 7427 12
46 13 46 3998 5
47 15 36 1078 5
37 15 26 5725 12
1 12 27 5040 17
37 12 36 5860 18
39 6 35 2654 11
20 26 38 4108 2
50 28 14 5776 2
25 19 13 3700 17
19 28 19 8644 16
13 30 30 2905 8
27 32 10 7977 11
24 24 50 1620 4
12 34 42 6426 17
28 21 43 262 9
27 32 12 3703 4
2 23 5 5170 13
50 36 23 4195 4
43 47 31 677 4
27 16 49 9158 16
16 13 31 1657 11
28 6 42 1899 17
28 23 13 814 20
36 48 14 871 13
18 20 18 5678 2
27 28 27 7982 16
1 41 16 8687 7
3 32 15 407 5
22 5 6 3280 6
1 36 33 1574 19
32 14 5 3717 11
23 24 24 4757 19
34 50 42 6648 3
48 45 11 618 16
36 43 26 6461 15
41 26 39 2545 19
9 1 28 8580 13
43 50 30 7318 13
38 22 23 6500 6
24 50 16 7799 11
17 20 32 3920 2
41 8 15 6738 12
44 18 29 8137 4
11 46 7 9293 3
25 9 20 5194 9
47 43 3 8517 14
20 11 20 9042 11
22 48 15 708 15
27 49 20 3817 9
44 36 6 1744 1
36 50 38 3692 11
22 22 22 5063 17
15 17 39 5946 6
31 44 31 6195 10
17 48 33 5837 13
39 39 6 2164 19
3 42 33 311 5
27 37 12 4948 16
4 19 37 8845 19
6 28 14 7344 20
39 28 13 3440 2
10 1 7 3711 14
18 46 4 2531 19
4 26 12 2182 20
44 42 23 5004 12
39 9 16 7620 12
5 50 11 1411 5
8 34 20 1073 16
35 34 42 9445 5
26 1 38 7195 1
36 50 45 4625 13
33 16 36 7360 12
7 39 4 7147 6
6 34 11 2294 13
13 34 1 5296 4
40 46 27 4422 14
27 15 12 3224 8
35 2 22 990 18
5 21 45 5120 16
14 34 46 6651 16
14 33 5 8410 8
31 5 34 8063 1
24 12 48 6105 17
1 28 12 1619 17
24 12 5 7383 8
4 17 45 8138 3
17 11 10 8282 14
40 21 17 526 12
39 11 46 4249 3
41 8 4 4356 9
32 11 46 2299 10
4 30 42 3711 11
10 5 17 7929 2
30 28 36 8623 19
39 49 2 4442 8
46 49 12 283 2
45 19 5 4277 17
33 5 50 6006 7
9 34 38 4384 18
22 22 2 7049 15
19 34 26 7172 15
5 14 50 8032 5
26 49 20 747 17
6 34 27 6078 13
50 43 29 6628 14
26 2 45 5777 2
5 1 45 7383 19
40 43 27 3731 7
48 15 2 942 5
24 27 48 1521 13
20 43 15 8395 14
36 8 10 8776 10
8 6 45 9300 12
44 17 12 2274 7
40 21 31 8415 2
20 5 22 4834 14
23 3 45 7118 17
32 15 9 946 10
45 47 16 4310 14
37 11 20 6320 19
41 20 39 8811 14
49 48 25 1013 13
4 35 23 6317 2
47 44 13 5164 6
22 32 12 4980 14
14 19 44 962 18
47 22 34 8899 19
1 29 30 8004 12
2 34 14 7347 20
17 37 35 5137 10
29 15 39 204 19
43 6 27 6711 1
35 2 11 6089 3
50 37 34 7549 9
27 46 39 8951 11
15 28 30 452 10
6 44 2 7404 6
31 13 49 114 15
47 37 6 4517 20
31 47 1 1691 17
46 33 12 840 20
18 25 30 4650 6
50 41 24 9048 9
48 9 11 2807 1
35 14 43 5456 20
5 14 21 2960 10
3 26 9 3862 5
32 35 42 5748 13
45 48 32 332 13
17 31 7 9060 13
15 37 14 2601 16
39 28 38 3411 16
27 5 15 1761 7
5 3 37 7526 13
13 39 48 7726 18
17 18 34 6273 6
50 44 28 1824 20
27 29 35 5060 2
8 12 35 1153 7
50 31 35 5743 10
38 20 37 6362 11
20 25 27 8856 17
12 50 20 5835 11
33 14 15 5289 19
4 50 41 1396 19
1 38 12 1739 19
21 11 10 2730 18
19 20 33 1833 13
5 23 6 2772 19
32 8 45 8035 10
18 36 39 6918 11
10 7 22 7088 18
48 38 15 5939 1
41 40 25 2701 20
9 39 6 5563 4
16 34 23 4232 17
17 39 23 1402 5
9 19 16 3565 19
5 16 28 9176 6
50 34 38 2111 6
40 16 46 6559 13
5 33 41 3239 7
48 6 38 7800 17
2 36 9 7761 14
13 47 11 2594 9
34 11 36 6281 12
22 19 46 5007 10
12 10 1 8033 10
2 42 21 9293 1
39 43 38 2781 14
48 8 14 8142 2
31 24 45 2450 8
7 45 2 8397 1
24 17 31 8256 12
30 17 10 4797 15
37 17 5 1430 16
5 14 41 8292 5
15 9 46 3823 9
10 26 24 1494 11
48 33 49 3798 20
24 27 18 299 7
8 49 1 2110 14
11 42 21 3007 9
33 1 49 1731 13
3 26 49 2225 7
33 35 5 4984 20
49 32 43 6951 20
43 4 32 8580 19
18 12 13 2010 4
49 38 30 3589 3
13 7 50 4948 10
39 24 38 7681 4
28 44 25 5360 9
35 32 16 8572 16
23 20 19 8650 11
6 4 42 3178 4
11 23 5 1102 9
38 39 33 7547 7
46 42 5 2785 11
36 32 10 4577 11
44 35 20 6240 20
30 10 13 4175 15
46 24 38 2042 12
19 4 2 78 4
15 42 13 9365 7
19 17 21 4546 16
11 9 27 8168 18
28 40 5 7147 17
11 44 34 7351 9
34 43 29 4220 1
11 20 26 5405 6
1 4 48 7041 17
41 46 12 2170 18
19 44 7 5484 11
14 31 39 1851 9
34 20 8 4495 3
20 47 19 314 10
21 30 26 6148 10
14 13 6 5601 20
41 7 39 7090 3
11 34 4 8813 13
28 12 23 5891 7
38 7 9 6072 2
4 8 17 5787 17
12 20 46 7273 2
36 24 22 548 5
20 40 30 6561 3
39 7 37 9303 3
43 33 11 9080 20
17 26 30 1685 4
24 2 37 373 6
22 23 20 819 3
46 15 39 1150 9
12 34 22 6404 16
12 43 13 7006 16
32 17 29 5593 13
20 2 11 140 9
48 17 25 2965 15
40 38 32 1862 14
37 9 39 7144 19
20 24 12 6281 10
19 16 45 9265 4
11 23 38 1304 10
14 41 27 7309 4
23 7 45 7624 9
13 49 10 7378 12
41 3 32 5599 10
3 38 2 9338 2
5 15 19 6792 4
6 6 13 4195 2
7 2 11 2927 10
29 1 22 4449 20
11 24 12 1975 13
15 19 35 5158 9
14 33 33 5237 7
34 21 7 398 10
21 35 20 7582 20
23 19 3 5673 8
44 40 14 2347 5
38 35 50 8902 17
31 34 15 7475 12
26 22 40 8345 15
31 47 45 7552 9
23 46 22 5741 15
46 38 5 3901 18
32 23 27 4663 17
22 44 37 6004 10
5 24 34 5214 12
34 43 36 7959 1
7 27 48 5729 20
45 33 19 4407 11
25 31 46 6830 20
18 27 16 4381 1
31 5 9 7946 4
7 23 9 841 13
36 15 32 9025 3
14 15 40 4660 12
11 22 31 8246 8
41 5 1 7650 20
5 1 18 9368 17
49 38 8 4427 12
9 34 49 6697 12
35 28 44 2599 14
19 15 14 4918 12
2 12 13 8190 4
41 17 38 5407 19
47 47 11 8310 11
5 11 5 5419 3
6 18 35 1233 20
8 4 49 6667 12
17 12 46 7485 14
28 47 1 3971 11
42 21 47 732 17
39 8 1 2389 13
1 11 32 9141 5
24 23 24 7417 10
24 38 28 1810 1
31 17 23 5044 20
14 34 44 3500 12
22 5 19 3019 20
47 36 35 1496 14
14 13 18 425 20
18 3 48 1455 19
22 37 6 1142 18
38 22 11 9303 16
19 49 45 5632 11
49 49 29 199 3
15 21 11 3503 19
42 33 16 4370 16
39 40 10 5690 5
21 30 35 5227 12
19 26 27 8809 12
28 50 42 7514 20
45 30 31 2459 20
41 10 36 4563 7
34 12 35 862 19
43 2 5 5832 16
21 18 6 2664 20
13 50 20 7015 16
15 17 7 7963 10
23 1 29 5820 6
30 12 2 597 6
2 19 48 4044 12
5 45 28 1359 4
46 38 36 7724 7
21 37 8 490 4
44 44 38 6215 19
10 42 34 2062 10
3 12 43 8281 14
34 20 18 2928 13
50 43 38 7314 1
20 27 45 9093 7
23 11 44 4833 11
31 40 4 4691 15
43 19 22 7985 15
25 7 3 4014 5
35 24 27 5311 17
2 44 26 1497 11
21 6 18 5088 12
50 6 41 2671 7
49 20 24 5333 20
49 8 44 4872 6
9 8 41 1140 7
49 32 7 5043 18
40 28 18 1534 19
50 3 16 8149 12
36 17 6 5935 11
22 25 37 7739 15
29 4 37 7327 2
34 4 13 8357 11
31 14 34 1654 18
3 10 29 8584 16
49 24 40 7516 9
38 45 18 5007 19
5 45 15 6682 13
2 19 42 897 14
22 4 38 5877 18
45 3 11 162 15
16 41 17 2909 15
19 22 26 8879 11
39 17 27 8894 20
36 15 50 7574 14
36 41 1 4714 16
40 31 26 1525 5
22 50 24 7861 20
23 34 45 5615 19
14 4 7 4023 19
29 32 29 2898 14
20 39 43 3943 15
42 45 49 652 3
4 3 9 4997 2
2 22 47 4414 14
16 5 16 7048 8
48 26 3 4433 2
22 31 35 2727 13
8 3 7 992 2
12 18 20 8945 1
39 40 21 8487 11
2 16 47 9306 8
26 41 45 9042 17
8 23 32 4025 10
16 9 36 7932 18
36 38 15 4207 5
11 17 50 9398 1
47 4 43 1370 14
3 46 46 8192 11
35 39 19 1673 13
30 34 30 9312 13
36 43 25 7486 15
22 33 39 7155 2
33 27 16 7630 1
26 9 17 5192 14
17 46 23 8067 9
48 10 40 5707 5
27 6 40 3235 12
41 4 14 7227 1
9 34 26 216 8
42 15 30 9124 6
15 40 3 6649 11
31 46 1 5396 11
23 34 16 4171 14
11 9 34 3113 11
4 14 9 3856 7
44 12 12 6806 12
14 13 43 3406 17
33 49 44 6724 1
17 9 7 1568 4
8 14 32 3136 13
6 14 6 2314 4
38 30 42 5731 1
1 1 15 1386 12
6 14 22 6862 2
28 24 13 336 8
4 9 43 3331 10
40 14 18 4920 1
2 25 19 1007 17
33 28 11 3442 12
6 5 42 4778 14
21 42 42 256 13
34 16 46 9144 2
38 3 31 4019 14
1 14 28 4197 19
21 32 19 4881 10
12 40 49 6260 11
33 25 47 2461 12
3 43 48 9297 10
32 29 47 5839 5
17 11 41 1430 10
19 15 15 1248 20
45 35 40 4983 8
50 14 9 894 10
36 19 23 9297 13
43 17 1 1894 4
20 18 1 3965 19
5 8 3 4914 9
17 16 30 969 5
42 45 6 4134 19
25 1 32 6861 20
35 28 29 6069 16
34 24 38 4132 6
7 16 19 6650 1
11 32 5 7978 1
15 20 44 7036 15
32 19 3 1821 14
35 48 33 5805 17
13 26 7 806 18
36 3 25 4926 17
40 11 12 4790 13
20 39 16 851 1
48 29 1 2279 5
40 5 33 3864 3
7 44 17 4904 7
26 45 6 8971 15
42 47 1 6990 13
10 27 16 1430 4
7 14 12 9432 2
9 13 19 7713 18
3 2 37 7100 3
48 23 2 4443 4
44 2 36 3592 17
36 9 17 945 18
6 26 40 240 10
39 36 42 1988 9
14 43 4 6861 11
44 29 47 4917 18
26 24 14 1604 10
8 50 39 5052 8
45 43 37 5853 4
41 25 22 7878 20
47 17 48 4038 14
23 46 5 6384 8
10 16 42 6050 2
19 26 15 8198 6
5 42 16 5576 5
45 43 37 2594 3
38 21 29 5519 19
