100
12 28 17 1673 3
46 47 26 1231 14
45 24 12 1746 1
4 8 2 190 5
31 48 25 1720 9
47 31 9 1838 20
14 33 31 1620 7
44 8 50 364 18
36 43 24 162 5
18 45 7 232 20
44 17 9 1852 8
4 17 8 1518 17
2 20 26 1589 2
24 25 19 815 13
19 18 43 307 6
17 11 41 908 15
25 19 16 941 5
34 42 44 1841 15
42 26 28 1221 12
22 40 46 1443 19
25 40 14 1705 10
33 47 20 1444 5
25 43 42 1272 1
2 44 34 1613 14
27 22 46 188 15
1 47 8 1031 5
26 40 12 1690 20
48 39 11 256 12
22 47 39 1041 11
47 17 5 345 11
49 6 37 832 17
50 44 35 214 20
43 45 4 1704 20
45 10 46 377 12
32 3 49 948 18
36 22 14 1473 15
33 13 29 1563 3
5 7 37 710 4
18 18 38 1401 19
10 17 12 331 13
5 14 6 1811 2
36 11 36 1721 5
1 11 45 1530 18
19 12 43 1640 11
43 2 9 1623 15
16 30 44 1259 15
8 44 33 280 11
23 1 18 284 7
42 17 39 617 9
17 10 1 73 9
27 17 6 1546 18
12 43 42 117 3
26 11 3 204 4
8 24 17 1409 11
20 20 46 1402 17
29 9 40 314 20
44 30 3 1822 1
23 21 11 190 13
2 38 11 128 20
24 50 25 767 7
2 26 2 181 5
49 10 8 1457 8
1 14 3 1160 19
15 9 43 1651 8
27 6 1 1267 14
40 41 34 1765 3
1 21 8 1687 9
14 17 2 1299 8
46 30 41 1745 2
8 29 2 672 14
22 35 1 1208 4
19 15 18 276 18
45 43 23 541 8
50 42 26 949 5
43 46 12 1494 12
3 38 5 1851 14
12 33 2 1769 15
18 40 11 1485 20
5 17 11 1853 3
40 24 38 798 15
3 15 26 826 9
44 34 21 1457 2
4 29 11 1495 5
18 24 32 981 14
31 18 49 681 15
13 32 26 799 2
32 26 14 1793 13
31 21 22 360 8
9 25 26 814 16
12 33 40 713 11
12 48 33 1522 16
30 49 31 1438 13
36 27 25 659 10
26 2 24 708 9
39 21 41 237 8
21 39 23 435 14
8 42 4 598 17
49 43 24 1751 20
28 22 25 435 7
50 37 26 1732 13
