150
12 28 17 110 3
46 47 26 1965 14
45 24 12 1955 1
4 8 2 1388 5
31 48 25 145 9
47 31 9 355 20
14 33 31 626 7
44 8 50 1402 18
36 43 24 962 5
18 45 7 924 20
44 17 9 1409 8
4 17 8 1588 17
2 20 26 657 2
24 25 19 1445 13
19 18 43 936 6
17 11 41 2248 15
25 19 16 1236 5
34 42 44 1742 15
42 26 28 2904 12
22 40 46 1658 19
25 40 14 1617 10
33 47 20 2759 5
25 43 42 2579 1
2 44 34 1169 14
27 22 46 299 15
1 47 8 2355 5
26 40 12 2014 20
48 39 11 1180 12
22 47 39 633 11
47 17 5 2542 11
49 6 37 1532 17
50 44 35 2100 20
43 45 4 2880 20
45 10 46 1271 12
32 3 49 2633 18
36 22 14 1613 15
33 13 29 1396 3
5 7 37 2894 4
18 18 38 1831 19
10 17 12 825 13
5 14 6 915 2
36 11 36 550 5
1 11 45 1044 18
19 12 43 2421 11
43 2 9 489 15
16 30 44 1002 15
8 44 33 2142 11
23 1 18 2786 7
42 17 39 958 9
17 10 1 2806 9
27 17 6 1030 18
12 43 42 1630 3
26 11 3 2431 4
8 24 17 219 11
20 20 46 1356 17
29 9 40 281 20
44 30 3 2283 1
23 21 11 848 13
2 38 11 1199 20
24 50 25 684 7
2 26 2 1212 5
49 10 8 2364 8
1 14 3 815 19
15 9 43 1303 8
27 6 1 2304 14
40 41 34 2245 3
1 21 8 1616 9
14 17 2 2321 8
46 30 41 1742 2
8 29 2 2217 14
22 35 1 916 4
19 15 18 1246 18
45 43 23 2801 8
50 42 26 2139 5
43 46 12 788 12
3 38 5 1128 14
12 33 2 1765 15
18 40 11 223 20
5 17 11 701 3
40 24 38 2203 15
3 15 26 266 9
44 34 21 2140 2
4 29 11 269 5
18 24 32 705 14
31 18 49 1581 15
13 32 26 2811 2
32 26 14 2554 13
31 21 22 2711 8
9 25 26 2813 16
12 33 40 2430 11
12 48 33 2243 16
30 49 31 637 13
36 27 25 1760 10
26 2 24 1227 9
39 21 41 2524 8
21 39 23 1495 14
8 42 4 2593 17
49 43 24 2659 20
28 22 25 183 7
50 37 26 1203 13
45 32 47 2274 2
46 50 44 2722 3
2 5 50 1126 17
43 21 7 1623 10
25 50 32 1965 16
46 39 34 2698 18
3 27 46 1728 2
27 8 21 368 1
46 8 25 2383 16
42 19 38 301 4
49 46 41 1442 18
44 33 6 2131 3
15 2 42 188 1
5 38 37 1927 3
49 4 3 429 8
5 39 31 2013 18
34 48 46 2157 14
47 18 32 246 3
13 24 40 2645 20
48 40 50 2420 8
22 39 40 2591 11
17 21 48 1837 4
21 18 41 2425 16
17 19 4 2195 4
16 47 11 2894 19
38 21 11 390 19
20 35 39 2415 13
48 38 10 1643 4
5 33 48 2515 7
49 6 28 2187 6
50 38 14 1472 12
28 44 41 2040 18
20 30 35 130 1
30 4 32 2460 1
29 43 6 2841 13
32 18 11 472 14
9 31 34 1070 14
21 39 12 1580 4
20 47 48 1677 1
8 32 21 1777 11
45 45 11 1174 8
3 9 31 2237 1
1 47 38 413 3
50 47 32 2615 13
28 31 21 1096 19
11 7 24 153 13
19 26 32 481 14
7 32 44 2737 19
23 31 37 881 16
7 42 31 586 20
