50
44 43 7 949 14
35 48 18 328 13
46 29 23 403 11
4 42 42 298 5
44 2 4 827 5
41 34 24 395 8
35 18 43 698 8
23 14 5 236 14
14 23 45 648 11
5 49 20 92 19
30 45 2 953 12
33 13 36 490 12
24 14 33 365 17
43 12 9 455 4
20 38 1 885 7
5 48 11 356 13
25 40 14 434 13
47 16 7 946 18
33 9 32 256 19
33 45 38 524 10
33 15 46 398 4
32 12 41 725 1
15 35 7 117 7
49 3 41 414 13
35 19 5 370 18
50 5 32 917 4
7 38 10 500 14
30 13 28 333 10
50 28 35 194 17
2 2 2 770 6
49 12 17 120 5
10 40 47 951 12
19 1 12 313 6
41 46 24 281 12
33 39 2 617 18
3 7 22 217 1
8 32 18 209 9
19 50 31 976 14
18 42 44 584 16
38 21 49 166 7
42 31 17 888 12
2 14 35 726 2
4 7 9 360 6
50 8 11 76 18
40 16 5 766 11
23 26 11 387 8
20 29 47 922 20
2 36 41 416 5
40 36 3 821 9
41 42 1 753 18
