200
12 28 17 1320 3
46 47 26 3661 14
45 24 12 1081 1
4 8 2 1155 5
31 48 25 3305 9
47 31 9 2261 20
14 33 31 1384 7
44 8 50 2750 18
36 43 24 3027 5
18 45 7 1526 20
44 17 9 2542 8
4 17 8 681 17
2 20 26 936 2
24 25 19 2342 13
19 18 43 2290 6
17 11 41 888 15
25 19 16 2984 5
34 42 44 2253 15
42 26 28 456 12
22 40 46 3629 19
25 40 14 445 10
33 47 20 3537 5
25 43 42 3372 1
2 44 34 3325 14
27 22 46 3680 15
1 47 8 2372 5
26 40 12 909 20
48 39 11 1936 12
22 47 39 3135 11
47 17 5 423 11
49 6 37 2382 17
50 44 35 1850 20
43 45 4 2457 20
45 10 46 3185 12
32 3 49 2467 18
36 22 14 187 15
33 13 29 2448 3
5 7 37 3791 4
18 18 38 3262 19
10 17 12 1588 13
5 14 6 1218 2
36 11 36 3835 5
1 11 45 167 18
19 12 43 3727 11
43 2 9 731 15
16 30 44 3401 15
8 44 33 1974 11
23 1 18 1520 7
42 17 39 1720 9
17 10 1 1142 9
27 17 6 2295 18
12 43 42 3704 3
26 11 3 3700 4
8 24 17 1506 11
20 20 46 1916 17
29 9 40 1687 20
44 30 3 367 1
23 21 11 1628 13
2 38 11 1391 20
24 50 25 1014 7
2 26 2 1395 5
49 10 8 3344 8
1 14 3 3495 19
15 9 43 2665 8
27 6 1 3033 14
40 41 34 831 3
1 21 8 2135 9
14 17 2 1640 8
46 30 41 3770 2
8 29 2 2157 14
22 35 1 2325 4
19 15 18 3078 18
45 43 23 2869 8
50 42 26 2728 5
43 46 12 2458 12
3 38 5 468 14
12 33 2 3421 15
18 40 11 3526 20
5 17 11 2637 3
40 24 38 378 15
3 15 26 458 9
44 34 21 3257 2
4 29 11 262 5
18 24 32 2027 14
31 18 49 2021 15
13 32 26 2559 2
32 26 14 2004 13
31 21 22 1002 8
9 25 26 1333 16
12 33 40 861 11
12 48 33 3712 16
30 49 31 910 13
36 27 25 2465 10
26 2 24 2331 9
39 21 41 285 8
21 39 23 1800 14
8 42 4 389 17
49 43 24 1432 20
28 22 25 760 7
50 37 26 3839 13
45 32 47 1352 2
46 50 44 439 3
2 5 50 1649 17
43 21 7 3421 10
25 50 32 2741 16
46 39 34 3119 18
3 27 46 918 2
27 8 21 1047 1
46 8 25 2962 16
42 19 38 1506 4
49 46 41 2176 18
44 33 6 733 3
15 2 42 2873 1
5 38 37 1131 3
49 4 3 568 8
5 39 31 2058 18
34 48 46 3139 14
47 18 32 1561 3
13 24 40 733 20
48 40 50 611 8
22 39 40 2688 11
17 21 48 1234 4
21 18 41 400 16
17 19 4 2982 4
16 47 11 2348 19
38 21 11 1520 19
20 35 39 713 13
48 38 10 611 4
5 33 48 2533 7
49 6 28 734 6
50 38 14 186 12
28 44 41 2111 18
20 30 35 2844 1
30 4 32 2697 1
29 43 6 2923 13
32 18 11 167 14
9 31 34 1668 14
21 39 12 755 4
20 47 48 3191 1
8 32 21 2783 11
45 45 11 1732 8
3 9 31 995 1
1 47 38 1935 3
50 47 32 3742 13
28 31 21 2594 19
11 7 24 3053 13
19 26 32 1894 14
7 32 44 1412 19
23 31 37 1839 16
7 42 31 2093 20
1 34 34 2552 10
1 5 10 2731 10
16 16 24 732 11
11 25 16 257 16
21 30 50 1251 12
28 48 45 211 8
4 41 35 3871 8
10 44 26 2559 15
50 21 46 1178 11
24 50 32 1303 6
16 9 18 2476 17
8 17 37 387 20
16 49 18 2423 11
42 3 23 2305 2
39 14 21 1405 5
21 41 14 130 9
40 39 28 1790 16
30 38 16 260 9
49 37 13 2104 8
31 3 12 453 15
4 37 4 437 5
27 49 44 2463 19
49 42 39 2274 4
30 21 44 1843 11
45 46 2 2731 8
39 47 19 1752 11
34 47 30 3192 3
41 4 24 538 15
3 33 7 443 14
37 3 46 3178 17
45 32 42 3522 16
50 6 42 3182 12
44 38 25 2661 14
1 43 49 529 3
18 27 28 2060 13
20 39 6 1292 18
18 2 8 1389 19
15 9 39 2633 17
1 11 26 1519 4
6 32 28 2828 12
5 2 13 143 2
30 40 36 3006 5
34 50 17 3500 4
25 16 23 1971 3
26 47 20 390 20
49 45 14 1414 14
49 33 35 2502 17
17 42 3 3507 15
49 1 26 2409 7
26 3 16 2527 12
