300
4 48 41 1557 7
34 3 12 1741 4
38 1 15 4514 15
20 48 27 3385 12
46 13 46 1275 5
47 15 36 2484 5
37 15 26 3511 12
1 12 27 2172 17
37 12 36 4597 18
39 6 35 637 11
20 26 38 115 2
50 28 14 5526 2
25 19 13 512 17
19 28 19 168 16
13 30 30 1994 8
27 32 10 4689 11
24 24 50 5496 4
12 34 42 4366 17
28 21 43 904 9
27 32 12 3239 4
2 23 5 1000 13
50 36 23 3890 4
43 47 31 5543 4
27 16 49 3252 16
16 13 31 3908 11
28 6 42 3149 17
28 23 13 4996 20
36 48 14 3867 13
18 20 18 2176 2
27 28 27 1765 16
1 41 16 1591 7
3 32 15 3407 5
22 5 6 202 6
1 36 33 1421 19
32 14 5 1456 11
23 24 24 1164 19
34 50 42 4681 3
48 45 11 1939 16
36 43 26 4334 15
41 26 39 5319 19
9 1 28 5302 13
43 50 30 5316 13
38 22 23 1235 6
24 50 16 2993 11
17 20 32 593 2
41 8 15 1258 12
44 18 29 560 4
11 46 7 716 3
25 9 20 681 9
47 43 3 2033 14
20 11 20 3939 11
22 48 15 5437 15
27 49 20 950 9
44 36 6 468 1
36 50 38 5507 11
22 22 22 3378 17
15 17 39 1933 6
31 44 31 1373 10
17 48 33 5184 13
39 39 6 3824 19
3 42 33 3192 5
27 37 12 5368 16
4 19 37 66 19
6 28 14 2895 20
39 28 13 4747 2
10 1 7 2372 14
18 46 4 5356 19
4 26 12 4817 20
44 42 23 4429 12
39 9 16 894 12
5 50 11 83 5
8 34 20 3646 16
35 34 42 146 5
26 1 38 1282 1
36 50 45 3674 13
33 16 36 1450 12
7 39 4 2712 6
6 34 11 2617 13
13 34 1 2706 4
40 46 27 2741 14
27 15 12 2666 8
35 2 22 4342 18
5 21 45 3232 16
14 34 46 259 16
14 33 5 3522 8
31 5 34 1881 1
24 12 48 2565 17
1 28 12 5501 17
24 12 5 1612 8
4 17 45 3806 3
17 11 10 4944 14
40 21 17 3399 12
39 11 46 2467 3
41 8 4 561 9
32 11 46 2209 10
4 30 42 5655 11
10 5 17 5303 2
30 28 36 4043 19
39 49 2 3961 8
46 49 12 3920 2
45 19 5 1623 17
33 5 50 1450 7
9 34 38 2026 18
22 22 2 5513 15
19 34 26 2006 15
5 14 50 365 5
26 49 20 5402 17
6 34 27 5359 13
50 43 29 2549 14
26 2 45 4137 2
5 1 45 711 19
40 43 27 5027 7
48 15 2 4343 5
24 27 48 2549 13
20 43 15 1220 14
36 8 10 4558 10
8 6 45 2198 12
44 17 12 5558 7
40 21 31 5097 2
20 5 22 2923 14
23 3 45 5563 17
32 15 9 5572 10
45 47 16 3275 14
37 11 20 680 19
41 20 39 1690 14
49 48 25 2440 13
4 35 23 1260 2
47 44 13 5249 6
22 32 12 4806 14
14 19 44 3717 18
47 22 34 1873 19
1 29 30 4402 12
2 34 14 4385 20
17 37 35 4531 10
29 15 39 1174 19
43 6 27 1312 1
35 2 11 2383 3
50 37 34 3456 9
27 46 39 3966 11
15 28 30 3233 10
6 44 2 2186 6
31 13 49 2927 15
47 37 6 3062 20
31 47 1 3218 17
46 33 12 3159 20
18 25 30 5644 6
50 41 24 4777 9
48 9 11 5637 1
35 14 43 5083 20
5 14 21 3341 10
3 26 9 3507 5
32 35 42 5467 13
45 48 32 4668 13
17 31 7 1078 13
15 37 14 4062 16
39 28 38 1793 16
27 5 15 3889 7
5 3 37 1387 13
13 39 48 3925 18
17 18 34 5309 6
50 44 28 4826 20
27 29 35 244 2
8 12 35 609 7
50 31 35 4533 10
38 20 37 2370 11
20 25 27 2042 17
12 50 20 712 11
33 14 15 5534 19
4 50 41 1457 19
1 38 12 5623 19
21 11 10 2218 18
19 20 33 4487 13
5 23 6 1649 19
32 8 45 1942 10
18 36 39 826 11
10 7 22 2700 18
48 38 15 2606 1
41 40 25 149 20
9 39 6 3243 4
16 34 23 1744 17
17 39 23 3361 5
9 19 16 1326 19
5 16 28 215 6
50 34 38 1561 6
40 16 46 295 13
5 33 41 2109 7
48 6 38 5465 17
2 36 9 3359 14
13 47 11 534 9
34 11 36 5114 12
22 19 46 3137 10
12 10 1 1021 10
2 42 21 5237 1
39 43 38 4373 14
48 8 14 4132 2
31 24 45 2063 8
7 45 2 2354 1
24 17 31 4247 12
30 17 10 917 15
37 17 5 1170 16
5 14 41 5011 5
15 9 46 4952 9
10 26 24 4266 11
48 33 49 5180 20
24 27 18 1187 7
8 49 1 4748 14
11 42 21 3861 9
33 1 49 2802 13
3 26 49 361 7
33 35 5 1418 20
49 32 43 4905 20
43 4 32 3855 19
18 12 13 3865 4
49 38 30 2273 3
13 7 50 2021 10
39 24 38 3553 4
28 44 25 5706 9
35 32 16 4820 16
23 20 19 4326 11
6 4 42 304 4
11 23 5 2275 9
38 39 33 3069 7
46 42 5 5073 11
36 32 10 2048 11
44 35 20 2580 20
30 10 13 1232 15
46 24 38 4972 12
19 4 2 3010 4
15 42 13 3518 7
19 17 21 4478 16
11 9 27 401 18
28 40 5 4061 17
11 44 34 4906 9
34 43 29 2164 1
11 20 26 2439 6
1 4 48 4117 17
41 46 12 2810 18
19 44 7 778 11
14 31 39 417 9
34 20 8 1225 3
20 47 19 3966 10
21 30 26 2742 10
14 13 6 3067 20
41 7 39 4838 3
11 34 4 264 13
28 12 23 4993 7
38 7 9 2895 2
4 8 17 3044 17
12 20 46 2414 2
36 24 22 671 5
20 40 30 2068 3
39 7 37 3269 3
43 33 11 5636 20
17 26 30 679 4
24 2 37 4600 6
22 23 20 2028 3
46 15 39 5600 9
12 34 22 2294 16
12 43 13 2679 16
32 17 29 5661 13
20 2 11 5499 9
48 17 25 915 15
40 38 32 5000 14
37 9 39 1601 19
20 24 12 1051 10
19 16 45 916 4
11 23 38 4667 10
14 41 27 1811 4
23 7 45 5514 9
13 49 10 3617 12
41 3 32 820 10
3 38 2 4993 2
5 15 19 4477 4
6 6 13 3146 2
7 2 11 2046 10
29 1 22 5272 20
11 24 12 5683 13
15 19 35 304 9
14 33 33 1835 7
34 21 7 3284 10
21 35 20 4061 20
23 19 3 1957 8
44 40 14 716 5
38 35 50 2953 17
31 34 15 2501 12
26 22 40 2886 15
31 47 45 4156 9
23 46 22 4301 15
46 38 5 3265 18
32 23 27 496 17
22 44 37 4249 10
5 24 34 564 12
34 43 36 3830 1
7 27 48 472 20
45 33 19 1469 11
25 31 46 3146 20
18 27 16 3457 1
31 5 9 1546 4
7 23 9 3832 13
36 15 32 5097 3
