350
4 48 41 5822 7
34 3 12 5747 4
38 1 15 4950 15
20 48 27 6010 12
46 13 46 1399 5
47 15 36 5519 5
37 15 26 4481 12
1 12 27 3225 17
37 12 36 414 18
39 6 35 1644 11
20 26 38 5687 2
50 28 14 4477 2
25 19 13 4491 17
19 28 19 2596 16
13 30 30 2342 8
27 32 10 4107 11
24 24 50 6626 4
12 34 42 5595 17
28 21 43 5029 9
27 32 12 364 4
2 23 5 2633 13
50 36 23 3555 4
43 47 31 5893 4
27 16 49 2380 16
16 13 31 2965 11
28 6 42 1442 17
28 23 13 5766 20
36 48 14 3528 13
18 20 18 4075 2
27 28 27 5204 16
1 41 16 469 7
3 32 15 4705 5
22 5 6 5687 6
1 36 33 2479 19
32 14 5 2824 11
23 24 24 4784 19
34 50 42 3269 3
48 45 11 924 16
36 43 26 491 15
41 26 39 1449 19
9 1 28 4586 13
43 50 30 3202 13
38 22 23 3583 6
24 50 16 5616 11
17 20 32 319 2
41 8 15 5797 12
44 18 29 3376 4
11 46 7 3549 3
25 9 20 2782 9
47 43 3 778 14
20 11 20 2367 11
22 48 15 3791 15
27 49 20 6545 9
44 36 6 789 1
36 50 38 5352 11
22 22 22 2349 17
15 17 39 6502 6
31 44 31 2680 10
17 48 33 3122 13
39 39 6 6573 19
3 42 33 6387 5
27 37 12 1039 16
4 19 37 5797 19
6 28 14 1822 20
39 28 13 1233 2
10 1 7 999 14
18 46 4 5417 19
4 26 12 2066 20
44 42 23 6404 12
39 9 16 4193 12
5 50 11 933 5
8 34 20 5800 16
35 34 42 5213 5
26 1 38 3670 1
36 50 45 2446 13
33 16 36 6124 12
7 39 4 6599 6
6 34 11 325 13
13 34 1 2100 4
40 46 27 3831 14
27 15 12 4706 8
35 2 22 2277 18
5 21 45 793 16
14 34 46 3405 16
14 33 5 2881 8
31 5 34 3336 1
24 12 48 4810 17
1 28 12 4979 17
24 12 5 3764 8
4 17 45 549 3
17 11 10 4913 14
40 21 17 659 12
39 11 46 4436 3
41 8 4 509 9
32 11 46 1688 10
4 30 42 3634 11
10 5 17 3999 2
30 28 36 1826 19
39 49 2 4464 8
46 49 12 5920 2
45 19 5 449 17
33 5 50 1364 7
9 34 38 3793 18
22 22 2 5231 15
19 34 26 6460 15
5 14 50 3217 5
26 49 20 5225 17
6 34 27 2940 13
50 43 29 5021 14
26 2 45 5859 2
5 1 45 2380 19
40 43 27 6231 7
48 15 2 608 5
24 27 48 5937 13
20 43 15 1937 14
36 8 10 4166 10
8 6 45 300 12
44 17 12 2477 7
40 21 31 5590 2
20 5 22 4521 14
23 3 45 2878 17
32 15 9 488 10
45 47 16 4958 14
37 11 20 5920 19
41 20 39 5917 14
49 48 25 404 13
4 35 23 1437 2
47 44 13 4759 6
22 32 12 2066 14
14 19 44 5415 18
47 22 34 2200 19
1 29 30 4858 12
2 34 14 2513 20
17 37 35 2850 10
29 15 39 3438 19
43 6 27 3434 1
35 2 11 5131 3
50 37 34 2230 9
27 46 39 3592 11
15 28 30 6314 10
6 44 2 4750 6
31 13 49 1950 15
47 37 6 6617 20
31 47 1 4561 17
46 33 12 4806 20
18 25 30 5333 6
50 41 24 154 9
48 9 11 5132 1
35 14 43 5237 20
5 14 21 4129 10
3 26 9 3374 5
32 35 42 1639 13
45 48 32 2893 13
17 31 7 6569 13
15 37 14 3105 16
39 28 38 6589 16
27 5 15 3028 7
5 3 37 4500 13
13 39 48 5965 18
17 18 34 6175 6
50 44 28 1881 20
27 29 35 560 2
8 12 35 930 7
50 31 35 6237 10
38 20 37 3761 11
20 25 27 4172 17
12 50 20 3778 11
33 14 15 4410 19
4 50 41 2587 19
1 38 12 5136 19
21 11 10 5672 18
19 20 33 4755 13
5 23 6 5536 19
32 8 45 5914 10
18 36 39 6413 11
10 7 22 987 18
48 38 15 552 1
41 40 25 494 20
9 39 6 1176 4
16 34 23 654 17
17 39 23 323 5
9 19 16 2935 19
5 16 28 6155 6
50 34 38 4584 6
40 16 46 2116 13
5 33 41 646 7
48 6 38 2085 17
2 36 9 2582 14
13 47 11 6371 9
34 11 36 3487 12
22 19 46 476 10
12 10 1 655 10
2 42 21 2871 1
39 43 38 4056 14
48 8 14 4540 2
31 24 45 4295 8
7 45 2 1046 1
24 17 31 455 12
30 17 10 866 15
37 17 5 688 16
5 14 41 1621 5
15 9 46 2335 9
10 26 24 2625 11
48 33 49 221 20
24 27 18 5104 7
8 49 1 5272 14
11 42 21 2709 9
33 1 49 3594 13
3 26 49 233 7
33 35 5 2166 20
49 32 43 6140 20
43 4 32 2656 19
18 12 13 3374 4
49 38 30 5388 3
13 7 50 5930 10
39 24 38 5538 4
28 44 25 1047 9
35 32 16 3022 16
23 20 19 4207 11
6 4 42 3172 4
11 23 5 2150 9
38 39 33 1279 7
46 42 5 4689 11
36 32 10 5730 11
44 35 20 4758 20
30 10 13 5043 15
46 24 38 1978 12
19 4 2 1540 4
15 42 13 1442 7
19 17 21 2189 16
11 9 27 6593 18
28 40 5 143 17
11 44 34 6223 9
34 43 29 594 1
11 20 26 5660 6
1 4 48 4614 17
41 46 12 416 18
19 44 7 6064 11
14 31 39 6103 9
34 20 8 3454 3
20 47 19 4576 10
21 30 26 5122 10
14 13 6 2416 20
41 7 39 4283 3
11 34 4 3978 13
28 12 23 4446 7
38 7 9 3943 2
4 8 17 4118 17
12 20 46 4748 2
36 24 22 5649 5
20 40 30 3340 3
39 7 37 4688 3
43 33 11 2892 20
17 26 30 4337 4
24 2 37 5165 6
22 23 20 447 3
46 15 39 4304 9
12 34 22 3541 16
12 43 13 2050 16
32 17 29 135 13
20 2 11 3376 9
48 17 25 1218 15
40 38 32 2243 14
37 9 39 4672 19
20 24 12 2201 10
19 16 45 6066 4
11 23 38 3069 10
14 41 27 2903 4
23 7 45 6357 9
13 49 10 1382 12
41 3 32 5215 10
3 38 2 1579 2
5 15 19 3538 4
6 6 13 782 2
7 2 11 5239 10
29 1 22 3682 20
11 24 12 5442 13
15 19 35 474 9
14 33 33 1820 7
34 21 7 363 10
21 35 20 1172 20
23 19 3 4448 8
44 40 14 3482 5
38 35 50 2468 17
31 34 15 5509 12
26 22 40 1991 15
31 47 45 3919 9
23 46 22 1971 15
46 38 5 2047 18
32 23 27 5282 17
22 44 37 427 10
5 24 34 3483 12
34 43 36 4099 1
7 27 48 6046 20
45 33 19 161 11
25 31 46 3454 20
18 27 16 2969 1
31 5 9 4404 4
7 23 9 2114 13
36 15 32 4564 3
14 15 40 1449 12
11 22 31 1118 8
41 5 1 4409 20
5 1 18 3412 17
49 38 8 526 12
9 34 49 1816 12
35 28 44 1232 14
19 15 14 2115 12
2 12 13 5719 4
41 17 38 1566 19
47 47 11 1672 11
5 11 5 3867 3
6 18 35 1791 20
8 4 49 1743 12
17 12 46 5600 14
28 47 1 5578 11
42 21 47 4387 17
39 8 1 6420 13
1 11 32 5796 5
24 23 24 303 10
24 38 28 2252 1
31 17 23 1182 20
14 34 44 951 12
22 5 19 1126 20
47 36 35 1095 14
14 13 18 1778 20
18 3 48 4156 19
22 37 6 4145 18
38 22 11 758 16
19 49 45 1912 11
49 49 29 836 3
15 21 11 1084 19
42 33 16 4984 16
39 40 10 3900 5
21 30 35 5563 12
19 26 27 116 12
28 50 42 159 20
45 30 31 139 20
41 10 36 2013 7
34 12 35 3782 19
43 2 5 829 16
21 18 6 1817 20
13 50 20 2878 16
15 17 7 528 10
23 1 29 3696 6
30 12 2 3133 6
2 19 48 1757 12
5 45 28 2408 4
46 38 36 562 7
21 37 8 1193 4
