450
4 48 41 5451 7
34 3 12 4934 4
38 1 15 7988 15
20 48 27 2061 12
46 13 46 2965 5
47 15 36 1852 5
37 15 26 6869 12
1 12 27 4129 17
37 12 36 3144 18
39 6 35 2550 11
20 26 38 2602 2
50 28 14 8301 2
25 19 13 7578 17
19 28 19 5833 16
13 30 30 6820 8
27 32 10 3240 11
24 24 50 8527 4
12 34 42 2419 17
28 21 43 1504 9
27 32 12 4154 4
2 23 5 6107 13
50 36 23 3193 4
43 47 31 3934 4
27 16 49 5370 16
16 13 31 7328 11
28 6 42 2818 17
28 23 13 124 20
36 48 14 1631 13
18 20 18 3319 2
27 28 27 3045 16
1 41 16 70 7
3 32 15 7703 5
22 5 6 872 6
1 36 33 1259 19
32 14 5 449 11
23 24 24 3715 19
34 50 42 2915 3
48 45 11 2802 16
36 43 26 5114 15
41 26 39 1877 19
9 1 28 7099 13
43 50 30 7588 13
38 22 23 980 6
24 50 16 7999 11
17 20 32 4277 2
41 8 15 111 12
44 18 29 5339 4
11 46 7 8215 3
25 9 20 5940 9
47 43 3 4724 14
20 11 20 4871 11
22 48 15 6711 15
27 49 20 5786 9
44 36 6 4110 1
36 50 38 6486 11
22 22 22 2341 17
15 17 39 1108 6
31 44 31 2722 10
17 48 33 3267 13
39 39 6 211 19
3 42 33 1775 5
27 37 12 5330 16
4 19 37 878 19
6 28 14 145 20
39 28 13 2538 2
10 1 7 3394 14
18 46 4 7465 19
4 26 12 6384 20
44 42 23 5451 12
39 9 16 3171 12
5 50 11 429 5
8 34 20 5815 16
35 34 42 5857 5
26 1 38 8174 1
36 50 45 5607 13
33 16 36 7077 12
7 39 4 2254 6
6 34 11 4436 13
13 34 1 1134 4
40 46 27 7289 14
27 15 12 6015 8
35 2 22 442 18
5 21 45 4202 16
14 34 46 7155 16
14 33 5 6692 8
31 5 34 1912 1
24 12 48 2008 17
1 28 12 5330 17
24 12 5 3306 8
4 17 45 6660 3
17 11 10 2655 14
40 21 17 258 12
39 11 46 8068 3
41 8 4 4964 9
32 11 46 168 10
4 30 42 1851 11
10 5 17 6757 2
30 28 36 893 19
39 49 2 5544 8
46 49 12 955 2
45 19 5 1188 17
33 5 50 7480 7
9 34 38 2855 18
22 22 2 2823 15
19 34 26 4355 15
5 14 50 7599 5
26 49 20 956 17
6 34 27 6139 13
50 43 29 7062 14
26 2 45 7936 2
5 1 45 125 19
40 43 27 5215 7
48 15 2 1609 5
24 27 48 4519 13
20 43 15 2721 14
36 8 10 1372 10
8 6 45 1187 12
44 17 12 2275 7
40 21 31 2026 2
20 5 22 667 14
23 3 45 1499 17
32 15 9 2183 10
45 47 16 3161 14
37 11 20 7313 19
41 20 39 595 14
49 48 25 304 13
4 35 23 6287 2
47 44 13 972 6
22 32 12 8095 14
14 19 44 3813 18
47 22 34 411 19
1 29 30 1459 12
2 34 14 7443 20
17 37 35 320 10
29 15 39 6166 19
43 6 27 7080 1
35 2 11 6136 3
50 37 34 1474 9
27 46 39 2899 11
15 28 30 7635 10
6 44 2 1032 6
31 13 49 4406 15
47 37 6 6830 20
31 47 1 3930 17
46 33 12 6591 20
18 25 30 6017 6
50 41 24 7182 9
48 9 11 3629 1
35 14 43 2341 20
5 14 21 7296 10
3 26 9 690 5
32 35 42 4579 13
45 48 32 7407 13
17 31 7 4912 13
15 37 14 7961 16
39 28 38 7538 16
27 5 15 4400 7
5 3 37 4059 13
13 39 48 2364 18
17 18 34 4166 6
50 44 28 1423 20
27 29 35 8529 2
8 12 35 6579 7
50 31 35 3341 10
38 20 37 7629 11
20 25 27 7214 17
12 50 20 6294 11
33 14 15 1374 19
4 50 41 6885 19
1 38 12 4164 19
21 11 10 3766 18
19 20 33 8302 13
5 23 6 7938 19
32 8 45 2921 10
18 36 39 8179 11
10 7 22 5631 18
48 38 15 3921 1
41 40 25 7752 20
9 39 6 782 4
16 34 23 3091 17
17 39 23 1623 5
9 19 16 2710 19
5 16 28 7151 6
50 34 38 912 6
40 16 46 3180 13
5 33 41 4360 7
48 6 38 2621 17
2 36 9 2580 14
13 47 11 878 9
34 11 36 7168 12
22 19 46 2749 10
12 10 1 2103 10
2 42 21 7627 1
39 43 38 7249 14
48 8 14 6325 2
31 24 45 1082 8
7 45 2 6345 1
24 17 31 3584 12
30 17 10 4831 15
37 17 5 7909 16
5 14 41 8262 5
15 9 46 5863 9
10 26 24 5284 11
48 33 49 6702 20
24 27 18 3588 7
8 49 1 944 14
11 42 21 5160 9
33 1 49 4564 13
3 26 49 5281 7
33 35 5 2392 20
49 32 43 3730 20
43 4 32 5203 19
18 12 13 3329 4
49 38 30 7795 3
13 7 50 2621 10
39 24 38 7194 4
28 44 25 1467 9
35 32 16 5791 16
23 20 19 215 11
6 4 42 3329 4
11 23 5 4664 9
38 39 33 3787 7
46 42 5 594 11
36 32 10 8252 11
44 35 20 1530 20
30 10 13 1698 15
46 24 38 779 12
19 4 2 727 4
15 42 13 5124 7
19 17 21 7190 16
11 9 27 7827 18
28 40 5 394 17
11 44 34 2995 9
34 43 29 1454 1
11 20 26 3356 6
1 4 48 4281 17
41 46 12 5986 18
19 44 7 535 11
14 31 39 5818 9
34 20 8 2268 3
20 47 19 7736 10
21 30 26 6587 10
14 13 6 5844 20
41 7 39 7028 3
11 34 4 3525 13
28 12 23 6074 7
38 7 9 7328 2
4 8 17 8374 17
12 20 46 4693 2
36 24 22 7675 5
20 40 30 8150 3
39 7 37 644 3
43 33 11 3439 20
17 26 30 1568 4
24 2 37 3297 6
22 23 20 4565 3
46 15 39 5371 9
12 34 22 5573 16
12 43 13 5252 16
32 17 29 1952 13
20 2 11 244 9
48 17 25 4469 15
40 38 32 7974 14
37 9 39 6627 19
20 24 12 3089 10
19 16 45 3383 4
11 23 38 2288 10
14 41 27 2001 4
23 7 45 4498 9
13 49 10 6869 12
41 3 32 1286 10
3 38 2 955 2
5 15 19 8511 4
6 6 13 6476 2
7 2 11 4117 10
29 1 22 6627 20
11 24 12 6441 13
15 19 35 2084 9
14 33 33 4788 7
34 21 7 3964 10
21 35 20 2923 20
23 19 3 885 8
44 40 14 4629 5
38 35 50 6004 17
31 34 15 7582 12
26 22 40 7269 15
31 47 45 5518 9
23 46 22 1504 15
46 38 5 6665 18
32 23 27 7337 17
22 44 37 7472 10
5 24 34 467 12
34 43 36 3844 1
7 27 48 3944 20
45 33 19 2084 11
25 31 46 3364 20
18 27 16 7150 1
31 5 9 7767 4
7 23 9 3980 13
36 15 32 242 3
14 15 40 3858 12
11 22 31 5407 8
41 5 1 3936 20
5 1 18 6347 17
49 38 8 6468 12
9 34 49 7242 12
35 28 44 693 14
19 15 14 5472 12
2 12 13 5947 4
41 17 38 5218 19
47 47 11 6666 11
5 11 5 3314 3
6 18 35 849 20
8 4 49 1346 12
17 12 46 7565 14
28 47 1 7911 11
42 21 47 8382 17
39 8 1 2035 13
1 11 32 7578 5
24 23 24 4370 10
24 38 28 6420 1
31 17 23 871 20
14 34 44 3881 12
22 5 19 5690 20
47 36 35 7942 14
14 13 18 854 20
18 3 48 5697 19
22 37 6 4640 18
38 22 11 4493 16
19 49 45 907 11
49 49 29 8021 3
15 21 11 7211 19
42 33 16 6631 16
39 40 10 4633 5
21 30 35 195 12
19 26 27 6048 12
28 50 42 5514 20
45 30 31 6802 20
41 10 36 8065 7
34 12 35 422 19
43 2 5 6673 16
21 18 6 64 20
13 50 20 4071 16
15 17 7 1497 10
23 1 29 731 6
30 12 2 4179 6
2 19 48 8152 12
5 45 28 2541 4
46 38 36 4932 7
21 37 8 2688 4
44 44 38 3535 19
10 42 34 5175 10
3 12 43 246 14
34 20 18 8165 13
50 43 38 2396 1
20 27 45 3072 7
23 11 44 1616 11
31 40 4 6789 15
43 19 22 6960 15
25 7 3 5643 5
35 24 27 1624 17
2 44 26 4555 11
21 6 18 1035 12
50 6 41 5172 7
49 20 24 5735 20
49 8 44 7983 6
9 8 41 5251 7
49 32 7 4781 18
40 28 18 1258 19
50 3 16 1585 12
36 17 6 2475 11
22 25 37 1667 15
29 4 37 2526 2
34 4 13 7236 11
31 14 34 6232 18
3 10 29 6389 16
49 24 40 5359 9
38 45 18 2438 19
5 45 15 5019 13
2 19 42 3812 14
22 4 38 1257 18
45 3 11 3224 15
16 41 17 8269 15
19 22 26 1869 11
39 17 27 5908 20
36 15 50 2939 14
36 41 1 7028 16
40 31 26 7003 5
22 50 24 2361 20
23 34 45 5669 19
14 4 7 4486 19
29 32 29 7249 14
20 39 43 8375 15
42 45 49 2526 3
4 3 9 7330 2
2 22 47 2194 14
16 5 16 7565 8
48 26 3 7441 2
22 31 35 4341 13
8 3 7 1258 2
12 18 20 7472 1
39 40 21 3467 11
2 16 47 1356 8
26 41 45 3420 17
8 23 32 270 10
16 9 36 1908 18
36 38 15 2725 5
11 17 50 1562 1
47 4 43 2023 14
3 46 46 4505 11
35 39 19 6259 13
30 34 30 7734 13
36 43 25 1863 15
22 33 39 3227 2
33 27 16 4465 1
26 9 17 6914 14
17 46 23 4829 9
48 10 40 7726 5
27 6 40 7796 12
41 4 14 2872 1
9 34 26 1023 8
42 15 30 6799 6
15 40 3 2492 11
31 46 1 4128 11
23 34 16 5617 14
11 9 34 3766 11
4 14 9 1785 7
44 12 12 115 12
14 13 43 8439 17
33 49 44 4136 1
17 9 7 7359 4
8 14 32 6437 13
6 14 6 6611 4
38 30 42 3811 1
1 1 15 4856 12
6 14 22 6343 2
28 24 13 1937 8
4 9 43 4939 10
40 14 18 1665 1
2 25 19 4045 17
33 28 11 278 12
6 5 42 5534 14
21 42 42 5078 13
34 16 46 6393 2
38 3 31 7944 14
1 14 28 5303 19
21 32 19 5480 10
12 40 49 5244 11
33 25 47 6562 12
3 43 48 513 10
