250
12 28 17 1668 3
46 47 26 2146 14
45 24 12 3974 1
4 8 2 1721 5
31 48 25 2119 9
47 31 9 222 20
14 33 31 698 7
44 8 50 3485 18
36 43 24 1796 5
18 45 7 4202 20
44 17 9 1061 8
4 17 8 4218 17
2 20 26 2662 2
24 25 19 2295 13
19 18 43 2044 6
17 11 41 3967 15
25 19 16 2013 5
34 42 44 2474 15
42 26 28 403 12
22 40 46 240 19
25 40 14 3221 10
33 47 20 3757 5
25 43 42 3232 1
2 44 34 3910 14
27 22 46 445 15
1 47 8 1655 5
26 40 12 3518 20
48 39 11 438 12
22 47 39 1913 11
47 17 5 1733 11
49 6 37 3895 17
50 44 35 4430 20
43 45 4 2511 20
45 10 46 2267 12
32 3 49 2341 18
36 22 14 2320 15
33 13 29 4799 3
5 7 37 1583 4
18 18 38 3348 19
10 17 12 2397 13
5 14 6 940 2
36 11 36 3106 5
1 11 45 1553 18
19 12 43 2529 11
43 2 9 2510 15
16 30 44 844 15
8 44 33 1129 11
23 1 18 2098 7
42 17 39 500 9
17 10 1 1273 9
27 17 6 4523 18
12 43 42 725 3
26 11 3 4041 4
8 24 17 2841 11
20 20 46 4754 17
29 9 40 2758 20
44 30 3 3729 1
23 21 11 119 13
2 38 11 1391 20
24 50 25 531 7
2 26 2 1490 5
49 10 8 346 8
1 14 3 1621 19
15 9 43 108 8
27 6 1 347 14
40 41 34 1496 3
1 21 8 1767 9
14 17 2 457 8
46 30 41 4792 2
8 29 2 4546 14
22 35 1 3995 4
19 15 18 475 18
45 43 23 3939 8
50 42 26 2815 5
43 46 12 4060 12
3 38 5 162 14
12 33 2 2245 15
18 40 11 760 20
5 17 11 1433 3
40 24 38 4426 15
3 15 26 593 9
44 34 21 1491 2
4 29 11 4765 5
18 24 32 659 14
31 18 49 2054 15
13 32 26 3259 2
32 26 14 450 13
31 21 22 4480 8
9 25 26 2320 16
12 33 40 4409 11
12 48 33 3426 16
30 49 31 4735 13
36 27 25 279 10
26 2 24 2904 9
39 21 41 989 8
21 39 23 709 14
8 42 4 1505 17
49 43 24 1553 20
28 22 25 2219 7
50 37 26 1156 13
45 32 47 3874 2
46 50 44 757 3
2 5 50 2144 17
43 21 7 756 10
25 50 32 2157 16
46 39 34 4110 18
3 27 46 1603 2
27 8 21 1311 1
46 8 25 3625 16
42 19 38 4639 4
49 46 41 626 18
44 33 6 3041 3
15 2 42 3500 1
5 38 37 1816 3
49 4 3 4716 8
5 39 31 121 18
34 48 46 465 14
47 18 32 1091 3
13 24 40 2904 20
48 40 50 1992 8
22 39 40 1110 11
17 21 48 2151 4
21 18 41 2998 16
17 19 4 426 4
16 47 11 1201 19
38 21 11 4091 19
20 35 39 322 13
48 38 10 1110 4
5 33 48 1910 7
49 6 28 3431 6
50 38 14 3508 12
28 44 41 843 18
20 30 35 3378 1
30 4 32 402 1
29 43 6 637 13
32 18 11 4749 14
9 31 34 4148 14
21 39 12 4081 4
20 47 48 3362 1
8 32 21 2760 11
45 45 11 1749 8
3 9 31 3950 1
1 47 38 939 3
50 47 32 2545 13
28 31 21 3912 19
11 7 24 427 13
19 26 32 1306 14
7 32 44 3285 19
23 31 37 3031 16
7 42 31 925 20
1 34 34 355 10
1 5 10 467 10
16 16 24 3444 11
11 25 16 318 16
21 30 50 137 12
28 48 45 1823 8
4 41 35 2536 8
10 44 26 1774 15
50 21 46 4389 11
24 50 32 2888 6
16 9 18 3867 17
8 17 37 572 20
16 49 18 4252 11
42 3 23 264 2
39 14 21 1212 5
21 41 14 4589 9
40 39 28 4493 16
30 38 16 3172 9
49 37 13 1271 8
31 3 12 4796 15
4 37 4 776 5
27 49 44 1198 19
49 42 39 2579 4
30 21 44 231 11
45 46 2 313 8
39 47 19 1980 11
34 47 30 1316 3
41 4 24 547 15
3 33 7 1352 14
37 3 46 829 17
45 32 42 2880 16
50 6 42 1865 12
44 38 25 2910 14
1 43 49 1070 3
18 27 28 3142 13
20 39 6 3051 18
18 2 8 2163 19
15 9 39 3106 17
1 11 26 339 4
6 32 28 3667 12
5 2 13 2261 2
30 40 36 2468 5
34 50 17 4526 4
25 16 23 538 3
26 47 20 3726 20
49 45 14 1248 14
49 33 35 4536 17
17 42 3 723 15
49 1 26 1381 7
26 3 16 4146 12
17 47 14 797 6
43 29 18 2971 14
39 20 33 2113 4
12 30 30 3056 5
39 29 5 192 19
5 46 44 4029 18
48 31 11 2802 10
41 5 31 3314 10
32 41 32 148 1
32 49 42 2996 9
16 50 2 573 20
9 44 25 2057 8
22 15 30 463 20
48 19 25 3645 9
4 21 18 57 5
18 43 45 2116 14
39 10 28 2516 9
49 28 30 3280 16
37 35 32 1974 3
44 46 34 3006 2
6 42 3 2462 11
26 33 26 1463 5
17 11 48 2870 5
32 30 3 2407 10
5 18 9 2561 20
17 4 21 3166 18
35 40 12 1476 6
38 19 28 2085 4
37 14 7 1306 11
41 20 9 3900 3
35 16 5 2247 16
30 20 9 615 3
33 9 2 3995 11
37 35 38 2074 1
21 9 41 95 15
22 13 25 4725 20
34 40 24 4577 7
24 27 33 4669 15
9 3 16 898 1
50 33 15 3950 7
32 5 31 326 12
18 1 23 3697 1
27 6 6 3053 13
29 24 35 2232 9
41 7 6 3157 17
46 41 34 353 3
27 17 18 2049 14
20 37 2 945 16
45 25 4 533 7
32 46 31 1720 13
