100
15 14 20 129 38
8 8 19 91 45
3 14 19 51 20
9 3 19 66 20
6 6 14 44 19
9 10 20 70 50
14 19 9 94 58
17 20 8 133 99
8 8 1 24 23
9 9 5 54 32
19 14 15 89 58
16 16 11 67 8
14 18 13 61 49
9 17 11 101 58
2 8 4 16 13
9 7 8 58 32
19 15 7 58 34
5 3 16 63 12
10 10 15 94 52
14 2 11 63 8
13 7 3 49 18
13 19 5 103 17
4 1 20 41 36
15 6 14 60 41
5 3 12 25 2
5 10 3 29 17
16 6 12 101 37
10 4 17 47 34
17 10 16 123 54
5 3 2 29 13
16 3 12 60 31
8 10 1 26 19
6 1 2 19 2
1 4 12 36 21
4 16 11 70 6
1 3 5 20 16
14 13 16 101 43
3 9 4 22 13
14 8 20 70 62
12 19 13 50 5
15 11 5 67 35
2 4 16 31 28
11 14 18 64 55
7 14 7 75 32
14 8 17 106 19
12 11 13 83 74
13 3 17 43 6
8 19 16 57 47
8 1 3 19 18
6 9 9 30 28
10 6 6 39 33
5 10 13 68 19
1 13 9 46 33
6 18 11 80 23
4 4 5 34 28
3 15 2 41 22
11 20 14 98 36
12 15 15 70 48
13 11 16 92 21
12 13 3 51 21
4 6 13 39 9
11 17 6 38 37
10 14 18 100 39
6 9 18 59 17
9 7 4 26 7
18 10 16 61 13
2 1 5 17 3
17 4 3 42 34
4 14 19 90 50
14 2 14 65 10
19 1 20 100 77
16 1 18 87 16
16 5 5 69 59
3 11 6 28 8
8 8 10 60 12
17 7 12 67 47
1 1 3 7 2
20 11 1 55 20
8 8 5 47 42
9 6 16 82 12
5 3 1 11 1
12 13 16 103 61
20 12 7 86 61
18 6 17 60 46
6 1 18 25 18
2 12 3 19 16
20 11 16 102 71
17 1 14 61 23
5 18 20 103 85
4 10 14 66 46
12 4 1 21 16
7 17 3 73 61
16 10 6 36 2
16 19 3 93 86
3 12 19 80 70
17 6 15 70 44
2 16 12 39 2
9 5 12 66 14
9 9 10 65 5
3 19 8 64 7
