200
2 6 11 36 2
10 8 11 44 43
20 12 17 91 48
11 12 7 30 1
15 3 6 64 59
10 12 5 77 20
16 20 16 119 53
5 3 13 32 18
13 16 18 63 48
13 8 16 84 46
12 12 3 30 25
6 12 17 37 23
20 4 9 82 47
15 8 15 91 48
13 2 16 81 78
15 11 8 36 22
20 15 18 123 72
2 13 8 44 16
19 5 3 34 4
16 3 2 37 25
10 7 6 64 9
5 9 10 46 31
20 7 12 89 3
16 3 8 77 23
14 6 6 48 1
5 11 6 29 28
4 6 1 11 4
19 16 19 138 99
14 6 19 66 56
18 8 17 49 37
13 18 4 83 50
1 12 17 85 84
10 9 2 56 18
10 20 1 92 4
18 5 8 74 7
15 1 14 36 16
17 19 4 85 31
13 9 10 74 18
11 13 14 94 30
9 11 20 79 78
6 5 8 40 9
6 19 10 36 31
5 14 8 49 15
19 1 16 96 19
18 20 9 80 45
20 11 1 90 68
14 18 15 50 32
18 5 8 67 32
6 10 19 59 14
8 20 16 64 30
12 19 11 62 1
11 2 4 44 10
8 8 14 89 77
18 3 2 50 6
13 16 17 88 38
15 19 12 64 22
13 6 8 79 43
5 4 8 31 11
16 18 9 68 25
13 5 5 51 21
13 13 18 99 9
15 8 7 40 29
19 11 10 81 48
19 14 16 127 47
20 6 5 63 39
19 1 14 59 2
9 16 8 64 11
12 5 12 68 50
3 9 19 40 11
3 10 6 21 19
2 1 14 32 22
17 1 10 63 61
12 16 9 84 81
5 18 5 73 41
8 1 5 23 6
10 20 9 115 71
19 16 6 61 54
5 10 18 36 16
9 10 4 54 42
12 18 13 103 89
13 13 3 46 28
18 14 11 128 45
15 15 4 93 35
10 17 16 72 58
13 1 18 36 12
11 11 14 76 34
17 19 11 74 70
16 1 14 41 14
20 13 19 138 42
12 5 3 56 52
1 13 5 36 34
5 11 18 34 26
1 17 8 35 13
19 2 10 41 14
19 17 18 63 12
9 11 20 119 70
7 12 12 37 15
20 10 16 121 26
19 15 2 78 52
9 7 19 94 64
11 3 12 45 15
15 20 4 100 53
2 11 14 56 3
6 10 3 39 14
3 19 6 39 13
20 7 13 96 28
18 4 4 73 41
2 20 9 68 61
6 18 4 36 4
2 9 17 70 36
11 19 3 42 5
16 6 10 38 27
20 1 10 68 27
11 19 10 109 16
14 9 9 78 2
11 11 15 66 35
4 3 5 23 16
10 8 3 42 36
20 6 7 40 8
2 3 18 63 26
5 14 8 42 36
9 14 11 76 58
9 12 18 92 12
19 8 19 108 72
18 14 17 134 54
4 2 12 29 25
1 8 18 59 18
3 20 7 82 24
5 1 19 48 3
14 2 7 28 21
9 20 20 133 73
20 20 11 80 62
18 15 5 65 59
19 20 5 94 82
6 5 4 39 6
9 17 5 76 7
6 1 15 49 23
19 7 17 81 1
15 17 5 77 17
9 1 14 57 15
16 12 15 84 77
1 19 12 37 13
2 20 10 42 37
14 3 6 29 22
11 19 2 51 6
3 8 15 58 26
17 7 18 45 34
12 15 8 65 19
9 8 1 35 1
1 12 7 23 20
9 2 16 32 4
8 7 19 35 16
20 14 19 156 22
8 19 20 119 45
18 18 13 107 97
2 8 11 61 51
1 15 15 84 60
12 1 3 20 2
7 7 5 34 22
15 11 19 104 12
7 1 2 18 17
9 18 13 49 3
6 5 2 15 5
16 12 11 88 67
12 16 15 94 47
2 20 3 28 25
19 2 19 43 33
11 9 14 90 67
1 16 19 105 103
20 6 15 62 24
7 20 16 118 40
9 11 13 37 35
20 9 11 75 24
20 16 4 67 33
18 6 8 53 17
19 9 15 109 47
15 20 7 120 1
15 10 16 92 83
11 7 1 42 32
12 6 16 87 8
3 3 8 41 38
9 15 16 41 29
10 1 13 66 36
10 14 19 95 75
5 6 8 31 23
13 8 14 77 46
17 3 19 89 30
13 15 11 59 40
5 9 9 29 24
18 16 17 68 51
13 20 8 93 44
12 17 12 50 10
1 12 7 33 15
16 8 17 105 39
14 18 1 81 71
3 7 8 41 29
19 1 5 54 16
14 8 9 89 54
8 3 6 27 8
15 4 12 53 22
