300
14 12 10 65 59
3 10 10 54 27
6 3 13 64 43
8 1 3 23 6
2 15 3 45 24
19 1 13 47 6
12 18 12 110 57
10 10 17 57 37
19 1 20 65 45
4 18 10 74 55
8 6 6 46 42
1 7 10 19 3
12 9 4 33 2
8 1 2 19 10
13 19 7 58 10
2 6 8 41 7
19 9 5 35 3
4 15 13 66 22
18 15 8 106 99
7 13 14 36 9
19 18 16 122 103
9 8 10 27 4
3 18 13 39 28
13 11 10 80 67
12 17 19 107 73
11 18 18 105 82
10 20 8 93 29
11 18 9 55 36
4 9 18 74 29
4 19 7 39 28
13 16 2 49 25
7 14 6 63 8
8 9 15 90 67
1 5 15 37 4
6 11 11 48 39
13 9 7 56 7
10 14 15 91 24
7 19 2 58 30
7 5 7 27 5
9 6 9 61 20
12 17 13 96 26
11 18 12 118 40
12 13 19 121 107
9 10 19 80 72
20 9 8 38 15
16 18 7 68 66
12 1 15 44 3
13 1 10 27 18
11 5 17 51 28
6 18 15 70 12
17 12 20 83 41
17 20 19 112 62
6 5 7 49 5
2 7 1 28 8
8 19 14 70 33
3 8 1 35 10
9 4 9 53 4
7 15 5 74 40
16 3 20 89 60
3 7 11 42 8
17 12 6 100 94
12 2 18 43 3
10 15 12 88 83
3 11 7 21 8
5 11 16 36 9
6 19 6 51 41
3 4 6 35 18
7 12 7 44 38
20 9 15 74 61
9 3 17 34 17
4 4 1 14 1
19 15 13 117 112
11 3 9 28 20
1 4 3 10 2
14 6 11 37 27
15 3 2 33 21
19 2 3 41 26
5 6 19 33 1
9 5 3 37 21
9 4 17 61 37
1 11 5 33 28
13 18 19 149 80
5 8 17 57 30
6 14 13 39 34
17 3 18 96 22
18 4 17 56 32
12 20 15 51 26
4 12 1 22 4
19 14 13 98 7
3 19 6 52 47
12 12 6 78 39
2 10 17 81 11
19 10 17 56 54
18 1 5 48 19
5 8 14 33 17
11 20 7 101 99
4 6 10 59 17
6 14 9 63 7
11 1 11 52 39
5 15 14 90 58
17 19 5 45 16
10 13 14 101 55
4 9 3 40 23
7 3 4 39 17
3 7 12 29 19
1 15 2 46 30
5 1 4 20 19
4 10 7 49 14
9 3 12 46 30
11 7 20 67 58
17 9 3 85 21
16 2 4 55 18
20 11 7 94 44
19 9 18 97 57
20 10 9 68 67
2 18 1 48 43
11 1 5 43 7
20 7 1 38 9
5 13 20 46 41
13 15 20 49 8
11 2 15 47 15
13 8 15 48 29
3 1 9 19 12
7 16 19 46 36
3 17 10 53 8
19 3 7 57 49
11 4 16 49 42
20 15 8 100 37
17 10 7 45 12
19 15 4 78 23
5 17 15 109 59
15 16 5 72 52
4 16 13 56 4
16 16 14 129 16
13 10 18 56 36
9 3 5 23 15
14 5 8 71 21
17 20 7 98 33
13 7 11 64 61
3 20 8 43 23
4 2 20 73 63
9 6 15 75 61
13 12 3 29 2
5 19 12 99 93
20 16 1 72 51
4 7 11 23 22
8 7 14 70 19
10 14 6 73 64
6 2 13 36 13
11 7 2 39 32
4 5 7 34 7
7 14 9 41 25
14 8 14 100 12
18 10 3 88 9
20 18 4 106 18
17 14 8 73 62
9 8 5 51 9
2 12 1 24 5
5 15 14 46 31
19 18 12 66 31
7 12 12 82 32
7 5 6 18 5
1 7 2 23 5
7 14 15 67 36
12 9 2 23 13
16 19 14 79 70
10 17 17 93 87
19 18 15 62 27
9 15 19 80 33
11 15 9 80 70
19 16 15 139 83
10 9 6 36 9
11 18 4 57 14
5 14 13 85 2
5 4 4 28 9
9 17 12 67 47
20 2 1 67 57
1 13 18 70 31
15 20 8 57 2
14 6 4 35 15
15 1 6 38 32
2 2 9 38 33
10 18 7 61 60
4 12 17 59 15
1 14 12 44 3
11 8 16 102 9
8 17 19 88 9
14 11 2 63 41
14 6 14 60 16
5 2 3 22 21
12 11 12 92 2
15 6 17 53 35
11 4 15 37 18
18 3 14 48 38
8 1 18 35 13
18 8 13 51 42
8 11 13 80 44
3 15 18 96 35
17 20 10 73 7
14 5 18 83 21
9 11 19 82 5
17 10 17 100 53
7 12 6 38 7
7 1 6 16 10
4 3 11 38 8
20 15 1 76 66
1 16 12 44 38
17 9 11 95 40
18 13 14 104 73
11 10 4 63 44
18 11 2 55 49
4 18 18 77 30
7 13 17 68 40
15 2 13 48 28
2 13 14 82 17
7 15 12 54 17
15 19 14 93 19
15 2 19 96 9
10 16 13 111 79
14 3 4 40 38
10 19 16 133 103
6 1 8 27 1
16 2 18 50 28
14 3 2 41 15
6 1 12 44 37
14 1 2 22 15
14 2 11 40 4
20 3 4 74 7
9 17 3 51 39
4 11 6 21 10
7 17 19 119 43
16 17 9 117 10
2 19 11 44 9
16 4 6 57 25
4 17 16 51 49
20 8 17 67 1
6 5 11 58 23
11 3 10 31 1
16 19 11 114 63
8 1 11 43 5
1 5 14 26 16
17 12 10 96 10
11 18 14 104 61
5 14 20 115 93
18 12 18 136 129
20 8 13 90 4
16 2 2 45 30
16 10 9 104 56
7 15 18 41 22
3 6 13 57 8
12 20 16 80 58
19 5 2 53 44
18 4 15 94 21
6 7 18 36 2
6 20 10 75 18
5 9 20 48 3
20 18 14 129 27
16 9 4 74 70
14 13 9 93 74
16 5 1 47 38
4 7 15 30 12
2 14 19 46 17
7 2 4 18 1
3 19 5 43 22
3 17 10 86 33
7 18 8 74 30
4 16 4 26 12
13 8 15 83 44
16 7 14 81 77
17 4 11 70 61
16 13 4 82 59
20 13 12 77 69
17 13 17 86 76
16 11 3 62 55
6 20 8 63 16
9 3 3 28 15
4 9 9 37 25
18 4 20 115 15
8 15 7 88 22
18 15 14 88 77
4 5 16 55 25
9 7 1 38 15
9 16 7 52 51
20 13 16 64 12
6 19 14 86 80
8 9 16 54 21
9 2 20 75 10
7 12 9 63 32
4 10 10 46 3
2 1 6 14 13
10 14 12 67 48
8 13 10 89 33
3 18 9 39 7
19 2 7 33 4
17 5 12 56 49
5 16 11 64 20
18 6 4 54 5
2 20 10 53 6
18 18 15 144 16
16 14 8 52 24
