50
7 7 16 88 75
1 10 7 52 20
15 9 19 107 80
9 12 17 108 88
16 19 19 128 108
10 13 19 97 53
11 2 10 48 13
18 4 1 38 21
4 14 3 29 18
9 4 12 45 35
13 16 1 79 16
1 19 17 53 2
2 11 4 40 25
1 3 9 23 20
5 6 8 29 20
19 5 19 95 26
2 20 16 48 39
3 9 6 24 3
17 11 7 99 29
7 7 15 78 39
20 7 14 112 31
8 5 19 69 32
8 7 13 58 56
5 15 1 39 30
16 3 19 64 5
10 13 9 60 7
8 15 2 72 22
20 5 9 36 34
12 13 13 71 10
12 4 8 55 33
12 4 14 46 35
14 17 20 102 80
13 16 16 69 54
12 13 4 48 41
5 5 8 29 24
20 16 12 90 62
14 3 5 31 27
15 4 9 53 50
19 6 12 84 1
11 11 14 60 32
7 12 2 41 14
13 5 19 71 60
12 9 2 47 42
11 20 5 36 1
5 9 19 50 27
2 9 10 56 25
2 10 6 27 9
1 15 7 31 23
8 9 17 80 37
3 4 2 26 3
