450
14 5 12 55 38
17 16 1 95 89
2 4 8 22 6
13 7 4 66 62
7 15 13 45 27
11 18 1 60 57
13 18 9 93 41
20 19 10 111 51
20 20 17 57 33
4 9 15 38 21
1 9 3 25 3
18 2 18 98 35
18 20 20 157 55
10 1 10 47 20
15 6 17 103 20
16 9 3 56 30
13 15 2 53 47
15 13 10 54 16
11 4 12 78 20
10 8 19 91 52
17 14 5 48 3
18 9 9 79 5
9 10 18 99 65
17 6 5 58 53
18 11 10 95 78
4 16 18 87 68
8 5 7 41 1
11 11 19 55 6
2 10 18 77 39
19 13 15 69 34
16 3 11 72 59
18 13 14 92 2
1 4 1 15 3
18 18 7 127 48
10 12 13 86 66
16 6 14 55 5
4 18 1 52 30
7 1 6 26 5
20 7 18 76 45
11 9 19 62 57
17 8 17 69 8
20 20 12 56 53
12 1 8 31 28
6 19 9 58 6
5 2 14 32 12
3 6 6 33 3
3 10 19 41 26
15 4 19 108 81
6 11 18 36 34
13 10 3 59 7
2 2 10 40 16
3 10 7 49 24
2 7 7 23 20
12 19 12 60 48
10 3 3 28 22
2 10 9 45 8
3 4 13 58 10
12 18 13 104 74
2 12 10 37 7
8 17 6 63 23
5 1 4 12 6
11 11 12 39 27
16 19 5 105 78
16 7 10 93 2
7 8 17 51 8
2 1 5 18 10
11 18 4 58 17
19 13 8 47 6
15 18 5 86 28
1 8 4 27 4
11 16 3 88 74
15 12 5 78 41
8 13 6 75 73
18 15 2 103 34
12 8 14 63 43
20 15 12 108 10
5 15 15 99 7
14 4 10 63 18
18 7 19 67 25
18 11 8 86 58
4 6 9 21 20
19 8 7 92 46
3 20 14 86 85
17 9 2 65 42
19 13 20 101 29
19 3 12 51 34
19 13 13 66 24
14 15 6 74 4
3 14 11 50 27
19 18 20 112 62
16 5 3 40 16
7 6 3 40 25
17 13 8 68 3
2 11 7 52 22
4 12 20 46 36
5 19 20 58 32
18 13 4 74 50
13 18 11 80 17
10 3 6 28 15
4 4 1 19 14
10 17 5 66 47
7 10 18 85 16
13 9 14 87 12
2 20 7 34 33
8 19 8 62 61
17 11 7 62 50
1 6 5 30 4
16 8 7 92 59
18 12 14 88 1
18 3 8 59 42
13 17 9 88 44
11 1 12 43 23
7 12 16 74 28
10 13 20 87 46
5 4 9 45 4
8 19 18 132 49
20 10 6 100 21
5 17 12 51 23
16 3 1 56 54
5 15 19 79 55
4 12 15 81 64
15 6 16 50 24
11 5 1 34 18
8 11 6 39 21
4 5 16 41 40
16 12 12 119 24
20 9 7 80 4
9 5 18 63 39
13 6 4 29 20
2 17 12 80 28
2 9 20 41 13
19 4 14 107 84
8 8 17 98 6
1 10 18 30 24
5 3 12 44 15
20 14 14 72 47
4 10 16 31 29
17 3 20 48 46
9 20 6 62 30
19 17 2 80 73
6 19 5 62 45
7 1 13 43 2
19 13 16 121 120
12 5 15 87 86
9 17 9 38 24
13 4 8 61 16
15 15 11 65 64
12 4 13 49 25
15 7 3 58 51
14 13 2 69 68
6 4 5 40 22
17 12 7 46 13
4 11 2 43 8
4 18 3 52 12
3 11 3 21 2
12 6 20 78 55
17 19 16 137 114
5 10 18 41 37
9 6 18 93 73
6 19 16 55 1
9 2 9 54 43
8 3 18 39 1
12 11 12 96 41
1 14 15 38 32
9 5 2 47 6
8 16 6 50 48
7 13 14 82 25
9 7 13 46 8
1 6 8 19 14
20 17 6 57 3
11 17 9 40 4
18 1 7 67 9
15 6 6 27 14
20 3 17 48 14
17 1 4 40 17
10 4 17 51 30
7 1 5 38 7
20 9 5 45 16
12 6 1 32 21
19 6 14 39 31
19 2 12 33 25
1 2 11 27 14
10 12 14 65 56
15 9 15 57 43
1 8 7 20 17
19 5 16 93 20
18 8 16 92 62
18 7 4 83 56
13 17 12 101 75
17 4 19 41 28
19 2 6 76 66
13 15 20 114 71
13 1 2 18 16
16 13 2 41 4
12 13 13 96 28
12 17 16 50 22
6 9 15 30 5
15 5 14 58 37
10 7 13 30 12
14 5 4 42 32
9 4 18 41 16
6 2 16 70 9
4 8 15 54 49
14 6 6 61 35
12 17 5 49 30
1 8 15 28 19
4 12 12 63 31
8 20 8 57 30
18 5 8 59 44
20 16 19 68 67
12 14 8 76 67
10 11 8 41 36
9 13 19 78 53
9 18 15 75 57
3 8 20 51 10
7 5 3 32 8
11 20 3 39 33
18 7 18 113 93
20 1 12 46 22
8 20 20 72 43
3 10 15 38 16
13 5 9 55 24
2 13 13 80 45
5 15 20 80 26
9 6 4 26 4
15 9 17 104 44
14 12 2 61 25
5 11 16 92 87
3 14 16 77 37
4 2 17 63 12
14 7 12 48 42
20 10 17 101 23
1 16 3 27 6
13 4 4 46 23
5 12 14 45 6
17 9 12 71 45
4 5 14 27 25
11 3 15 79 13
9 11 13 71 60
4 15 16 91 86
9 17 1 77 12
4 1 8 33 16
1 5 12 31 20
9 5 19 92 68
8 1 14 64 41
11 2 18 34 29
3 11 1 41 16
7 8 19 51 1
8 12 11 32 30
19 19 13 128 75
2 2 17 52 43
4 16 16 96 47
14 17 13 54 29
1 17 3 41 3
11 11 9 71 63
6 4 10 20 19
10 9 6 58 37
18 14 16 109 14
1 16 7 25 15
15 13 5 48 23
20 5 1 39 34
5 18 4 80 31
15 11 19 128 93
8 14 3 40 6
3 5 16 49 24
16 17 14 130 49
18 15 16 61 14
17 14 14 88 80
1 19 18 40 35
17 9 1 76 42
2 14 3 25 20
15 15 13 87 18
14 7 5 48 29
14 17 10 44 6
1 16 10 36 15
10 1 6 43 41
9 4 2 16 3
1 12 20 45 43
11 1 1 20 16
17 7 15 67 12
19 5 6 55 49
4 1 1 6 5
3 12 2 35 11
13 17 13 82 38
7 16 2 36 13
15 7 11 80 11
20 20 2 63 4
2 8 1 26 1
13 9 3 39 27
19 20 11 132 23
5 6 3 33 14
12 16 19 140 94
9 11 17 97 79
4 6 9 27 8
17 4 1 44 30
18 8 9 81 36
14 13 1 46 25
20 12 8 61 51
9 18 18 92 22
1 11 3 44 33
8 3 4 40 19
9 7 15 87 9
17 12 14 64 31
16 3 14 88 72
14 15 5 57 22
5 11 17 74 21
17 18 12 75 65
11 9 10 82 22
18 17 16 88 37
3 15 8 31 19
9 17 1 80 65
15 1 4 49 36
19 1 6 62 24
5 12 16 92 73
9 17 11 102 98
12 5 17 86 49
18 3 20 99 35
14 19 17 99 82
1 1 14 46 6
2 6 19 57 55
2 5 4 25 1
19 15 8 100 49
20 2 1 28 20
20 5 6 88 69
14 18 2 53 22
20 2 11 37 1
10 3 10 62 35
2 4 2 10 8
13 13 10 70 66
11 18 13 83 42
6 4 4 37 20
19 15 10 99 19
7 14 5 54 22
20 7 4 56 8
18 18 19 92 12
5 17 3 65 26
14 6 7 30 7
10 17 2 69 65
11 9 19 56 29
10 12 14 40 36
9 19 17 79 8
14 19 18 107 26
20 11 13 128 39
16 3 1 21 8
7 18 5 89 65
14 4 7 27 14
14 17 2 86 54
1 1 9 24 6
5 20 9 55 17
5 4 18 33 23
13 10 1 47 14
13 13 20 109 92
17 12 7 107 49
18 13 7 111 7
8 9 2 20 9
16 16 17 83 67
12 6 16 89 54
15 4 3 41 30
19 1 13 48 39
1 13 4 39 18
14 18 9 98 8
9 4 17 76 18
11 17 5 37 2
17 5 15 40 23
20 2 17 61 33
14 12 13 101 24
17 16 2 71 22
17 9 12 49 30
5 3 17 70 30
1 12 12 51 24
7 4 9 57 24
13 14 19 126 109
15 17 15 116 112
3 20 4 38 7
20 10 2 64 6
12 11 4 39 38
3 8 16 66 52
14 8 6 36 15
14 18 13 87 24
3 14 18 53 17
16 7 7 68 20
11 10 1 38 17
4 4 1 23 7
10 11 2 33 21
3 18 17 54 45
8 20 8 107 27
2 16 2 52 37
17 13 1 66 11
16 1 3 30 4
6 8 7 52 22
16 7 12 35 28
7 7 18 32 4
3 2 2 9 8
13 17 4 92 83
7 13 6 66 56
19 16 6 74 2
15 18 1 45 33
16 5 15 54 1
12 20 13 98 78
4 15 8 60 53
13 20 19 124 51
12 17 13 72 6
6 9 1 37 13
16 17 13 59 23
19 13 20 150 91
5 19 19 103 70
10 18 18 54 29
12 5 17 79 21
14 14 11 67 26
3 6 4 25 15
6 19 18 93 54
19 12 17 87 80
6 12 6 58 1
18 12 7 97 45
16 13 20 64 15
18 13 8 66 59
8 18 7 79 54
7 1 13 34 22
12 4 15 72 41
3 9 7 51 21
9 6 6 25 16
14 8 16 66 34
18 5 12 78 14
12 4 15 69 66
20 9 16 95 43
8 18 5 56 40
2 14 12 64 54
6 8 14 51 21
2 8 16 38 1
17 13 15 126 123
6 2 7 32 24
7 4 4 31 20
15 18 14 68 35
17 1 6 25 21
5 11 5 51 6
9 17 3 30 10
20 17 12 142 45
6 14 8 63 22
3 6 7 22 19
19 14 4 110 34
18 16 10 101 39
19 6 19 85 25
9 9 4 31 15
4 6 20 78 68
15 12 14 73 36
15 17 9 96 3
7 15 18 41 10
6 4 15 52 48
2 7 1 15 12
16 6 15 44 35
