150
9 18 2 29 23
20 20 18 139 36
8 15 14 64 41
12 13 12 80 79
4 14 16 78 17
13 16 6 84 83
18 11 4 95 31
19 15 5 106 16
18 14 7 58 14
13 14 5 86 37
5 1 16 31 16
7 18 12 108 62
18 20 8 118 89
1 3 9 14 5
20 8 1 75 44
9 8 15 66 21
16 18 5 78 5
5 15 9 30 24
2 1 12 39 9
13 16 13 62 61
3 14 11 38 13
4 4 19 37 21
6 9 10 47 22
1 1 20 54 13
13 5 10 59 54
18 17 17 64 39
15 11 3 45 37
2 8 17 54 28
12 19 13 66 9
1 20 7 53 40
2 8 6 45 31
16 19 4 42 28
18 16 15 64 23
2 2 10 23 6
1 19 3 47 13
3 9 3 32 18
14 19 5 58 30
8 18 12 66 22
4 5 16 38 26
1 16 18 92 77
3 7 12 36 35
15 13 12 93 55
9 2 12 43 25
2 18 5 56 50
20 4 12 63 12
1 7 10 31 27
16 5 4 33 14
19 1 9 64 6
18 1 5 46 9
15 18 19 138 5
9 17 11 53 48
18 11 6 73 32
3 20 2 68 58
3 16 15 63 57
9 19 15 76 73
2 7 9 48 34
20 7 10 71 22
14 7 19 77 14
3 1 4 12 4
19 6 4 84 51
12 20 4 92 25
2 20 2 43 1
11 14 3 76 72
15 13 6 42 26
4 15 1 54 16
18 1 4 34 3
18 16 13 111 24
4 4 9 30 6
9 3 5 25 22
20 11 6 44 36
15 8 9 80 41
20 10 20 83 40
13 1 19 73 15
1 8 12 32 19
9 1 3 34 3
4 12 17 67 48
9 8 1 27 14
15 15 10 104 28
13 18 12 88 27
1 7 16 26 18
10 9 13 70 6
18 10 14 60 18
4 9 20 97 87
13 15 17 92 38
20 11 19 118 27
18 6 16 67 4
17 5 12 101 41
12 5 7 41 12
4 15 1 37 28
6 17 17 92 34
12 10 5 33 3
10 17 20 127 23
14 20 19 75 61
5 9 17 64 9
16 20 2 94 92
2 16 20 86 11
2 8 15 60 26
4 3 8 24 23
3 8 1 28 16
10 8 18 71 15
7 19 11 106 16
18 5 20 126 120
19 1 5 57 4
11 13 18 47 10
16 10 10 91 65
5 14 12 69 65
11 8 15 89 60
16 14 3 75 16
12 9 6 45 13
18 15 17 109 97
9 10 9 74 6
1 7 10 28 11
5 1 17 30 18
4 10 17 80 53
1 15 20 53 28
11 6 16 88 46
11 19 3 83 64
7 14 6 72 22
4 20 10 90 42
4 16 8 48 41
2 15 11 45 33
19 7 4 39 33
14 9 8 37 3
16 16 13 82 66
15 2 12 62 7
14 20 17 140 126
18 12 6 46 40
10 6 19 42 38
6 2 10 21 10
1 10 18 60 37
20 17 1 71 28
14 16 15 63 57
3 6 6 15 2
19 20 20 143 37
14 17 14 89 40
15 13 1 72 3
19 1 17 54 27
10 18 20 111 32
6 16 5 45 23
13 19 20 152 54
5 7 17 36 26
10 12 15 75 50
4 10 9 44 35
17 19 5 105 58
10 15 10 75 39
15 7 2 71 69
20 4 10 70 8
8 4 7 31 9
9 19 7 73 7
1 12 17 48 44
