400
12 7 10 83 55
7 15 2 33 23
16 10 10 104 18
1 8 11 57 19
17 8 16 96 10
11 13 8 67 38
20 19 12 82 19
8 2 17 44 21
8 13 6 62 41
8 8 20 60 37
6 11 19 86 85
17 7 15 86 40
5 1 20 48 9
6 12 20 80 29
14 15 4 54 1
7 9 15 76 59
7 5 18 52 3
3 5 9 25 23
8 5 15 57 21
7 15 7 41 23
16 13 15 107 14
16 4 10 76 52
9 19 13 59 35
15 20 9 122 117
3 5 8 41 22
19 16 12 76 33
4 12 18 36 4
19 5 17 69 16
4 7 6 27 7
12 17 14 104 74
5 6 4 19 17
6 3 9 22 15
3 5 20 32 24
10 17 12 45 33
10 6 3 38 19
8 16 20 52 39
1 6 4 29 28
15 8 11 74 20
15 17 5 59 47
11 4 18 65 59
15 14 16 126 41
12 15 18 134 102
8 7 8 42 39
11 13 6 51 31
18 3 20 64 27
17 16 11 78 48
11 3 16 54 17
17 5 19 66 11
5 14 13 86 4
19 13 14 136 10
4 2 1 8 3
16 6 7 64 12
20 4 19 56 16
12 3 7 58 45
7 9 12 54 7
15 15 18 113 11
4 7 10 32 17
8 4 10 46 11
13 12 5 51 22
9 11 1 23 1
3 7 2 12 10
7 4 12 25 12
10 11 19 94 74
15 1 13 46 27
3 19 20 112 87
6 7 13 48 26
17 20 16 71 61
9 3 13 74 41
20 20 5 98 58
2 17 13 49 36
15 17 6 87 65
1 16 19 58 48
16 14 18 123 102
6 5 13 57 53
4 4 4 18 6
15 5 8 83 60
4 9 7 46 38
1 10 3 24 3
9 19 1 80 59
15 16 13 59 28
7 15 15 51 49
4 17 13 72 27
8 15 15 90 27
1 11 16 40 6
14 5 1 56 30
6 11 19 105 55
11 18 20 90 28
20 10 7 72 41
9 20 12 84 78
13 17 15 121 2
7 10 10 49 23
7 8 1 29 9
4 10 3 34 7
15 8 18 41 16
12 14 10 54 25
9 4 16 37 12
13 14 19 55 12
2 7 4 23 18
13 9 5 43 25
15 20 11 135 77
17 4 12 82 42
20 7 6 45 35
15 10 15 50 48
2 11 12 35 19
3 18 9 73 6
8 5 8 41 9
3 7 17 69 68
2 6 13 53 21
13 11 12 105 100
15 13 5 43 41
11 19 5 98 53
12 11 14 62 26
20 9 18 82 38
4 20 16 99 13
6 10 9 60 21
12 17 3 34 6
17 9 5 73 71
8 5 15 40 2
1 16 18 83 58
12 11 18 63 50
12 10 7 52 22
7 2 2 15 14
9 19 19 64 31
8 12 19 99 42
3 7 14 61 22
20 17 14 147 29
7 17 1 34 8
9 2 7 31 10
9 8 14 45 30
8 14 1 48 34
20 7 1 75 11
10 18 12 78 71
13 13 17 86 51
4 16 5 30 4
16 16 19 59 19
17 15 11 99 53
5 6 5 45 39
18 16 5 98 51
11 15 18 116 69
12 14 16 66 33
8 8 14 57 8
3 17 9 81 79
19 1 10 54 18
5 1 5 25 16
15 17 5 78 1
2 17 4 42 1
8 4 12 28 25
15 11 11 94 34
1 4 2 13 8
9 8 18 43 14
11 15 15 84 30
3 11 10 33 8
6 10 10 30 7
2 18 8 34 8
7 19 13 82 41
6 3 5 31 7
3 18 17 63 16
18 16 3 66 41
18 1 8 76 7
18 9 7 97 3
11 14 10 72 64
16 6 15 75 64
16 17 6 43 5
9 17 4 77 47
15 17 20 116 82
4 9 9 50 45
1 2 17 20 8
12 6 4 30 26
19 6 4 53 42
5 7 10 61 6
8 15 17 45 3
10 9 11 31 29
1 17 8 47 5
1 7 12 52 43
17 3 2 46 28
5 13 17 37 4
2 15 5 34 21
6 8 17 89 11
16 20 10 103 5
14 18 5 76 47
2 12 3 17 14
6 11 14 37 17
5 5 9 25 9
2 5 15 63 32
19 19 19 58 41
6 7 8 46 16
11 16 2 50 49
11 7 16 88 71
7 18 20 120 44
14 15 7 52 14
3 7 19 75 39
14 6 1 36 9
2 18 16 102 77
10 19 19 89 63
11 5 9 57 50
16 17 3 83 48
14 8 1 54 47
1 11 14 34 12
7 9 13 39 11
19 18 9 106 84
13 12 2 30 3
14 12 3 40 9
5 18 8 67 59
11 9 4 32 24
14 20 1 57 27
16 11 15 81 62
7 20 19 117 11
12 3 6 50 47
6 15 3 56 30
11 7 16 86 16
16 14 15 95 36
4 15 15 91 22
10 13 4 40 9
12 18 11 85 39
8 14 14 79 78
9 12 12 51 19
17 20 8 117 95
11 5 19 96 36
16 6 4 44 20
5 15 9 62 15
5 11 18 63 23
16 7 13 37 8
18 10 11 93 47
19 14 12 114 82
17 1 19 55 20
12 13 16 77 75
4 14 17 52 12
5 6 9 31 24
19 19 10 130 17
16 6 14 52 13
6 17 12 46 42
19 5 3 76 1
12 18 10 40 17
15 11 8 77 68
11 2 15 60 12
7 15 18 68 49
17 12 12 115 25
12 14 10 71 63
9 8 20 49 42
17 14 10 101 88
10 12 7 79 41
7 20 6 96 55
9 18 14 98 30
14 8 9 52 30
11 20 18 72 50
6 12 5 40 28
8 15 17 89 61
8 11 13 78 25
20 5 1 40 33
7 13 5 60 57
17 18 1 83 6
6 7 18 49 30
4 1 2 12 9
3 12 4 31 25
4 1 18 38 4
7 14 7 58 10
19 4 5 80 69
15 8 4 66 47
12 5 5 43 27
11 13 6 47 25
17 9 18 99 28
15 3 17 95 43
8 15 14 56 48
14 1 10 42 8
14 1 12 27 19
4 5 17 27 9
5 1 20 49 2
20 2 12 84 58
19 4 12 48 6
7 20 9 36 32
6 12 12 69 60
17 11 8 99 79
16 20 5 88 19
17 2 13 87 31
9 12 10 40 14
18 17 5 63 55
6 17 15 103 18
1 16 16 73 35
15 4 13 64 23
9 20 1 44 30
6 8 6 36 5
18 18 5 55 14
20 1 2 42 12
20 15 11 66 57
2 15 7 42 22
7 2 8 26 22
20 17 14 116 74
18 7 16 86 12
9 10 10 42 35
13 1 13 59 11
20 2 10 64 23
1 20 8 47 10
1 8 9 48 35
8 13 20 118 72
2 2 15 41 40
19 16 20 55 28
12 14 11 100 17
2 11 7 55 3
20 5 9 86 83
19 14 2 99 78
9 20 19 136 73
10 7 16 84 60
14 2 6 53 23
2 5 12 52 39
14 15 15 113 71
5 16 3 44 11
15 17 14 98 15
17 8 9 68 12
14 20 18 142 82
16 18 2 71 19
18 14 10 121 114
5 16 16 86 43
11 10 5 77 34
7 6 8 48 44
18 12 11 116 95
7 12 11 62 45
1 10 6 42 39
20 4 11 76 23
9 18 11 96 66
10 9 8 74 39
5 6 9 42 27
1 12 2 17 3
8 1 4 32 7
8 14 15 95 19
17 5 5 53 50
12 16 12 87 15
10 4 17 91 9
12 5 10 59 18
18 14 8 78 33
9 2 6 23 14
15 20 19 88 33
8 12 14 83 57
2 11 9 35 23
9 11 16 68 11
4 4 3 14 3
14 4 12 82 37
17 5 7 73 3
7 5 10 51 37
12 16 18 96 82
13 7 3 32 24
3 1 5 14 10
20 18 3 95 38
10 7 5 47 39
19 20 19 125 60
3 9 18 77 18
5 2 8 33 29
9 13 2 38 37
12 9 15 69 34
9 15 13 37 4
9 1 14 51 31
4 2 5 22 7
15 20 5 45 19
18 4 9 74 37
15 11 11 70 31
11 13 1 63 54
18 5 11 98 21
19 20 2 45 12
8 4 19 74 66
10 2 19 43 42
3 1 2 10 5
2 17 18 110 5
2 20 4 42 31
19 4 14 80 68
15 6 14 97 82
8 13 17 98 11
11 9 3 40 8
13 17 12 94 6
7 18 19 114 46
3 5 8 29 2
2 19 10 49 22
10 5 10 71 33
9 11 9 67 28
1 5 4 11 1
12 11 9 33 11
1 1 19 39 29
19 19 3 102 87
17 17 12 73 7
10 9 2 44 14
10 7 18 51 25
13 10 3 69 43
8 3 17 60 16
12 6 15 65 29
2 7 19 63 54
9 4 2 22 6
12 4 13 78 33
2 12 9 58 46
17 4 11 52 37
6 5 19 80 45
11 5 7 66 39
10 14 2 63 18
17 1 18 61 53
17 18 1 77 50
7 13 17 80 12
8 1 7 36 23
10 20 1 31 13
3 5 20 39 6
2 13 20 88 3
12 12 3 75 18
18 13 18 85 62
12 16 10 94 59
