250
14 8 17 110 17
11 10 9 89 47
19 18 11 87 11
16 11 5 77 11
15 11 9 77 30
1 17 9 35 6
1 6 9 26 8
2 13 8 47 33
12 4 3 36 31
15 15 6 69 14
20 19 14 56 14
7 5 10 27 23
14 9 5 32 14
7 8 15 51 42
11 1 12 52 41
16 10 14 43 6
9 3 3 24 15
3 15 16 73 11
12 9 17 77 26
6 11 8 29 11
15 13 13 82 13
20 16 12 95 26
3 8 17 39 6
7 15 10 66 47
17 1 11 61 8
14 4 7 55 15
3 11 19 58 24
20 11 4 101 93
13 7 7 64 33
13 3 1 47 18
5 17 16 93 4
7 10 1 32 31
16 2 12 50 47
10 10 9 50 9
9 14 18 102 73
3 17 10 82 78
14 2 2 29 10
15 8 9 70 51
17 4 2 55 35
11 4 1 32 3
14 3 2 51 7
18 18 17 122 109
2 16 19 87 56
14 16 20 52 13
18 15 6 96 74
5 6 13 38 2
16 10 7 43 39
3 17 15 102 96
3 12 9 32 30
13 1 13 44 38
19 9 9 47 39
10 2 7 20 14
4 10 17 34 31
9 1 20 31 27
9 20 15 117 84
14 9 20 77 70
18 11 10 92 15
19 12 15 116 88
12 7 9 75 47
7 9 18 52 27
4 14 1 54 25
13 2 2 44 26
8 4 3 39 7
5 18 7 46 11
1 5 11 49 15
8 2 7 39 1
7 9 17 56 35
3 20 19 91 59
6 4 4 27 25
4 16 2 34 32
8 11 1 22 19
5 18 11 59 18
20 4 17 76 55
5 20 17 79 27
6 18 20 77 40
7 15 6 49 10
18 7 10 65 8
15 17 4 103 35
8 16 18 97 52
12 8 16 81 16
18 5 4 80 48
12 12 20 67 4
7 18 10 52 25
1 12 3 22 9
17 10 12 51 29
7 11 4 26 1
1 18 17 56 53
1 18 13 32 2
2 3 14 23 11
4 11 3 25 10
16 19 17 105 68
6 15 14 39 8
17 15 7 43 14
20 17 9 99 75
1 20 19 62 31
6 6 17 66 51
4 11 18 46 11
14 16 13 66 49
10 20 19 54 24
13 18 19 109 91
14 6 15 41 40
13 16 12 85 3
1 6 17 42 2
1 17 3 34 8
5 20 18 117 84
16 19 20 161 134
12 15 20 114 48
19 1 6 59 49
7 1 15 63 45
11 13 5 62 33
13 4 12 70 18
14 13 6 85 47
17 9 5 87 4
4 1 20 47 11
3 11 19 93 89
1 1 16 52 49
12 16 1 58 13
11 12 8 45 21
14 7 2 28 7
10 18 11 112 51
8 8 13 41 38
9 16 11 63 6
20 5 17 50 13
8 2 18 38 23
17 1 14 95 12
1 3 10 34 27
18 11 11 52 25
4 6 18 72 32
8 11 3 24 18
8 3 3 31 24
4 4 4 23 1
1 8 16 37 28
9 17 13 49 3
20 3 20 45 16
11 3 3 33 3
5 8 19 93 69
15 17 12 112 22
13 3 10 28 8
8 20 13 106 51
19 3 14 84 8
15 11 12 101 56
2 8 19 34 12
17 19 7 54 42
16 5 18 47 38
1 15 18 83 21
10 8 10 76 6
5 3 3 32 17
13 10 6 70 10
12 19 5 59 30
20 11 14 121 84
14 4 18 98 63
10 6 9 46 10
14 7 15 70 38
14 4 6 39 33
4 4 10 48 32
14 13 12 41 27
17 5 6 52 7
18 3 20 101 44
5 12 9 55 22
4 5 13 37 36
15 11 2 57 46
3 17 5 67 28
16 12 7 67 23
14 5 8 70 19
5 9 20 71 18
15 14 7 48 26
8 13 13 70 1
8 13 5 72 46
14 15 16 106 52
2 5 16 35 29
15 6 20 91 68
5 2 6 34 29
18 5 10 80 15
4 19 20 87 10
10 8 17 89 13
5 11 14 77 58
12 15 6 93 21
1 8 13 29 2
16 18 18 76 12
2 20 10 56 49
2 15 16 50 49
1 17 2 24 18
20 9 17 70 42
17 13 13 89 83
8 4 7 26 4
14 8 6 37 14
16 3 17 55 36
3 13 7 68 32
15 1 1 27 22
13 11 17 50 30
15 15 16 60 42
1 8 13 44 40
9 13 16 70 32
18 19 1 60 21
19 20 9 136 121
4 8 15 66 50
18 19 2 88 79
19 6 3 74 23
16 8 16 61 39
10 20 13 71 65
15 16 17 72 37
13 19 13 126 19
16 10 7 81 66
7 7 17 77 51
19 7 9 104 72
2 10 15 77 63
20 10 4 63 54
15 20 2 72 47
12 18 12 103 8
4 17 13 67 24
2 8 19 66 16
10 5 9 27 14
14 7 20 90 5
14 5 19 65 4
1 10 13 61 19
1 16 9 39 10
15 7 11 93 81
6 5 14 71 45
9 13 13 62 12
16 10 19 96 51
17 11 16 114 93
10 3 19 39 24
13 11 17 45 30
3 10 2 38 22
17 2 19 94 12
18 17 8 75 37
6 15 4 33 5
14 12 15 54 42
1 20 16 48 21
13 2 5 38 2
15 12 3 48 2
12 6 15 83 54
7 14 4 45 29
5 10 4 52 31
17 5 2 57 12
5 5 5 19 11
14 13 16 59 1
16 13 3 77 65
18 17 4 106 17
2 14 12 44 33
3 5 3 11 9
5 3 6 34 24
19 3 20 53 28
17 13 8 43 2
20 7 6 46 24
9 6 4 33 7
19 16 5 77 61
14 12 9 93 2
4 5 7 24 8
11 8 20 92 4
