350
1 10 13 35 12
18 10 7 41 4
18 9 20 121 80
11 5 13 70 35
9 13 9 65 14
12 9 7 79 70
19 12 15 101 26
2 6 20 34 6
20 1 14 88 32
14 3 20 79 13
10 17 3 39 23
14 15 3 64 48
7 10 9 31 7
14 13 3 83 59
18 17 17 82 40
13 16 18 53 13
5 16 17 108 65
17 19 10 65 59
20 7 7 72 6
7 15 15 81 9
4 10 9 56 2
9 9 1 30 15
10 11 19 87 51
6 19 2 46 14
4 15 4 44 6
9 11 16 69 56
18 6 3 71 20
11 11 15 96 76
9 19 13 52 35
1 20 12 46 23
14 2 20 90 72
5 17 14 59 28
12 12 18 116 8
18 14 15 119 48
5 6 12 45 9
14 8 12 48 37
3 10 9 26 18
8 9 12 56 5
3 20 9 59 39
9 8 16 76 13
7 14 8 48 11
14 12 5 83 50
3 16 11 41 28
9 8 11 41 9
13 16 6 83 45
20 15 8 92 25
1 17 4 22 7
15 14 14 109 31
1 2 1 5 1
9 5 14 82 24
7 19 2 55 39
2 7 10 42 18
5 12 3 48 39
3 7 13 26 18
14 7 1 41 17
1 4 10 35 11
16 14 13 64 54
14 9 11 93 2
2 19 13 48 23
4 17 11 84 69
6 20 4 42 27
14 13 11 44 39
2 20 14 73 28
2 17 16 44 25
20 9 20 76 74
10 4 14 33 8
12 17 5 78 48
7 10 10 78 41
18 4 9 89 18
9 1 10 40 8
8 10 16 63 39
1 19 17 82 68
7 18 15 76 50
10 16 11 78 11
1 6 12 35 25
19 12 18 106 94
16 3 5 38 22
10 14 2 63 53
10 6 13 41 33
9 12 17 69 67
3 14 15 93 24
17 15 9 42 29
1 19 13 98 11
15 4 17 82 50
18 20 6 92 12
4 1 7 23 8
4 17 6 34 2
18 5 3 26 14
11 16 18 133 3
12 12 1 40 24
6 12 6 54 39
19 6 5 88 84
9 3 13 30 15
9 14 18 87 32
11 16 19 94 8
1 10 19 87 55
11 8 15 90 10
18 14 19 83 10
19 4 9 81 40
5 8 5 25 1
13 18 19 137 105
10 15 6 74 45
13 3 19 88 50
5 19 9 80 21
6 6 7 23 12
18 15 7 116 22
18 1 6 29 16
15 9 19 57 56
10 16 20 126 88
2 1 6 16 10
8 2 4 29 6
3 16 1 57 39
15 10 15 58 28
9 7 17 35 30
5 4 18 77 39
4 20 15 85 48
12 14 18 112 66
19 5 5 85 63
7 20 2 60 59
1 4 17 30 26
14 10 19 124 17
4 8 18 73 66
6 1 8 44 27
10 17 18 74 53
9 18 3 79 18
18 19 11 143 133
9 9 1 36 34
1 3 3 19 4
16 14 11 58 12
4 13 2 45 38
3 10 10 35 8
2 11 7 33 26
16 4 6 54 37
6 18 11 83 5
1 19 18 62 32
7 15 8 34 19
11 6 17 51 37
4 15 3 53 36
16 17 10 122 11
1 6 9 25 16
2 16 6 41 30
16 3 20 81 37
6 17 10 73 12
12 19 9 99 57
19 6 15 113 70
14 19 4 98 49
3 17 17 98 67
12 7 20 57 11
20 4 18 69 67
12 14 13 104 49
16 5 11 92 14
9 7 5 40 18
19 12 11 57 26
5 12 2 26 13
3 16 14 93 58
1 20 10 53 29
8 8 6 56 25
7 15 19 51 40
11 10 3 53 43
3 6 6 20 17
5 12 16 96 8
19 3 10 51 36
20 10 18 61 55
6 7 8 33 22
12 10 6 75 24
3 16 18 100 92
11 18 13 90 32
8 19 8 67 22
8 1 11 21 15
16 10 14 76 33
20 1 3 66 23
19 16 11 51 47
3 5 11 56 34
19 15 20 127 27
11 18 2 35 13
14 5 6 43 15
5 9 6 41 18
20 14 16 64 10
20 7 20 75 25
1 20 14 67 25
7 17 19 52 51
9 12 20 83 60
6 9 14 43 15
9 1 4 38 5
11 7 6 41 10
17 9 1 63 29
15 3 12 45 26
6 4 7 28 19
2 13 5 25 14
8 18 16 54 33
1 5 18 66 20
16 4 14 79 75
7 8 20 43 22
1 5 2 18 12
9 8 20 69 11
7 6 18 63 58
20 1 16 37 20
5 17 4 67 38
18 2 10 54 20
19 17 19 114 54
19 10 6 88 51
15 2 11 47 2
5 15 1 29 13
7 5 13 67 14
17 6 8 41 6
4 3 8 36 25
2 3 13 45 21
16 12 5 89 78
1 18 13 56 47
18 5 10 76 4
2 4 15 52 22
11 3 17 68 25
13 20 16 69 32
2 2 4 16 10
7 6 4 36 33
5 12 15 39 3
18 4 1 54 18
9 8 10 41 1
2 7 11 56 43
18 15 2 70 68
20 17 3 45 37
6 17 20 71 64
20 19 2 114 87
1 10 4 15 3
16 6 4 53 17
14 4 9 52 32
10 20 12 90 14
2 4 4 28 8
11 11 5 52 32
3 8 3 32 29
20 19 8 88 14
3 18 19 96 49
15 3 1 34 3
12 16 6 43 39
13 4 15 68 44
9 16 10 96 13
19 17 16 79 24
10 3 18 67 37
11 4 9 54 16
2 4 4 18 11
19 3 13 62 8
15 12 16 75 40
1 17 10 58 17
20 14 16 55 1
3 6 6 29 16
20 13 6 47 29
9 3 4 25 9
3 12 15 61 44
6 13 3 30 25
7 20 17 92 29
17 4 9 59 42
20 20 9 103 3
18 1 3 31 30
19 20 11 52 25
12 18 4 45 44
7 15 8 42 12
20 9 3 32 6
15 3 4 51 10
9 8 20 75 65
7 12 19 42 10
10 8 6 46 17
5 11 11 41 6
13 13 15 108 86
20 18 14 53 28
6 20 18 93 35
10 12 6 37 5
16 8 6 55 39
11 10 3 69 9
1 2 13 25 15
6 9 13 82 23
1 15 4 30 1
1 5 9 44 16
1 6 15 54 48
15 18 11 120 33
9 12 16 97 59
18 19 10 72 35
12 16 12 119 49
18 1 10 63 16
17 10 14 84 60
10 19 9 54 51
20 7 5 44 4
9 12 17 86 51
13 11 18 65 51
12 20 11 70 34
2 9 13 46 32
13 8 16 55 30
18 16 4 92 79
18 19 1 77 12
20 2 6 37 1
17 12 9 39 37
14 18 19 94 62
19 16 12 70 44
3 15 19 80 26
6 6 10 55 43
1 10 10 62 24
9 1 16 37 1
6 7 14 44 4
20 5 5 63 60
1 16 5 62 47
10 16 6 52 44
10 8 17 68 33
4 8 17 52 51
13 17 17 113 101
11 20 15 121 17
12 14 16 117 48
15 13 2 47 5
13 3 6 48 9
5 4 2 15 11
17 7 8 59 26
18 7 4 69 22
15 9 8 53 29
7 10 15 48 14
11 1 2 19 2
18 10 2 89 6
15 11 5 78 42
16 11 15 114 112
19 16 6 67 2
11 14 5 72 27
8 4 16 68 30
20 19 8 47 31
3 7 4 38 28
16 8 8 57 31
15 11 6 62 35
20 20 4 101 88
7 7 1 38 33
10 18 19 102 46
14 14 19 136 27
10 11 3 68 7
18 6 8 50 5
17 6 20 60 37
20 4 3 38 32
8 5 1 32 18
16 10 14 62 55
16 12 4 63 20
6 11 9 55 11
4 20 1 27 13
14 14 3 59 2
1 15 13 81 60
13 14 11 106 85
8 19 18 134 72
20 13 14 102 82
16 16 17 91 64
11 3 17 54 38
13 9 9 33 23
12 17 14 126 72
6 17 8 91 7
18 4 7 48 41
14 17 4 46 22
8 14 9 61 10
18 18 4 48 32
