500
7 16 14 45 28
8 16 8 56 15
7 13 12 75 68
4 6 19 85 33
15 14 11 92 40
4 9 19 48 29
8 10 14 91 52
14 14 17 71 43
10 6 9 72 26
8 16 6 57 29
3 18 19 72 29
5 18 11 68 31
12 11 10 64 18
6 11 10 34 25
15 11 16 120 87
1 15 20 66 14
6 8 7 42 29
18 8 13 115 96
16 3 10 79 56
17 6 16 53 27
16 2 9 41 13
4 6 20 34 12
20 3 11 74 37
10 10 8 54 13
9 11 15 62 54
2 4 10 39 15
4 2 16 60 24
10 20 9 99 51
1 17 2 38 3
13 6 20 100 98
6 8 19 65 54
7 7 4 22 8
1 11 10 38 8
11 5 12 75 61
14 19 19 119 88
5 8 10 30 26
14 3 9 72 24
17 16 16 80 33
16 8 11 77 48
12 20 2 82 16
14 14 12 98 75
2 10 10 26 11
2 6 10 43 30
18 6 17 43 20
17 16 16 109 103
3 1 20 69 53
4 11 9 54 3
4 7 10 60 28
17 12 18 87 26
6 14 4 45 4
9 8 5 25 14
10 8 17 64 62
6 3 16 44 4
6 4 11 45 12
2 10 6 53 22
1 8 5 26 3
14 3 13 70 32
20 4 4 42 23
4 14 11 64 3
9 20 7 88 8
14 15 17 48 37
20 15 13 49 5
16 19 9 84 82
3 5 3 27 22
17 2 9 74 7
19 18 3 63 47
14 9 1 51 46
15 6 7 59 48
20 6 20 67 35
5 9 1 43 22
11 4 3 40 36
9 9 18 36 24
4 1 3 9 5
7 19 17 76 44
9 11 7 27 7
5 11 6 53 18
12 20 6 78 18
12 4 1 22 7
16 4 18 43 41
9 14 5 62 14
1 6 12 48 28
12 4 10 37 30
4 1 15 56 24
7 1 2 20 4
10 4 13 68 22
11 5 3 47 32
18 5 4 66 5
4 1 4 18 17
4 11 5 26 22
1 13 5 20 11
19 14 15 138 108
19 9 17 92 58
20 15 19 98 75
13 11 8 50 21
15 20 6 49 48
4 3 6 24 22
8 1 13 65 33
14 3 16 52 2
18 11 13 111 48
11 4 3 19 9
5 10 9 35 14
5 3 18 27 12
20 10 20 60 38
15 6 16 72 13
8 10 17 85 60
14 2 20 106 16
15 15 6 74 41
13 8 11 79 24
11 16 15 93 31
19 11 11 76 38
8 6 7 33 28
12 13 14 93 5
2 20 10 52 27
7 4 10 58 52
7 4 14 62 55
7 1 7 42 1
17 18 13 114 86
11 4 9 51 1
15 14 17 131 41
18 7 14 97 63
4 3 10 24 17
7 12 13 53 10
17 4 14 90 78
6 20 20 49 32
9 11 5 25 8
13 15 16 94 23
8 4 2 35 23
6 3 14 68 7
19 20 4 105 42
6 4 10 50 11
1 10 7 42 38
6 16 3 63 21
2 18 12 39 27
19 2 5 74 28
11 12 19 107 36
6 14 7 45 7
11 10 5 62 42
18 4 15 37 2
11 6 14 38 8
5 19 8 79 52
6 7 11 36 23
19 6 10 79 12
19 5 18 112 9
16 16 5 57 9
17 12 6 56 52
11 9 2 22 9
4 19 4 38 13
9 12 17 87 23
9 8 20 54 21
7 20 17 54 49
1 4 19 42 38
12 17 20 127 28
4 16 18 71 42
11 5 11 71 69
19 17 9 107 55
18 12 14 116 14
13 7 11 34 7
15 15 15 58 22
13 16 9 50 23
11 1 17 41 37
11 1 15 80 25
11 7 3 54 32
9 8 17 84 80
5 1 16 53 42
11 11 3 28 13
11 8 1 21 13
5 1 17 37 6
12 6 4 27 13
18 17 3 111 9
3 18 19 60 41
13 11 17 42 14
6 5 15 28 20
16 20 20 95 81
7 14 4 60 28
12 1 5 28 16
4 4 8 41 3
11 1 13 43 5
11 8 3 61 57
11 3 10 37 24
13 14 14 96 66
19 8 14 72 53
20 10 17 58 55
5 14 14 65 4
2 10 6 33 3
13 8 11 81 61
5 9 10 60 14
7 10 10 77 63
16 14 16 92 79
19 12 15 93 54
17 5 18 90 47
9 17 18 107 83
20 15 20 153 139
1 2 20 64 22
18 20 16 112 80
1 8 15 40 13
9 17 14 90 16
18 8 4 71 47
3 20 19 82 24
7 2 7 28 10
16 11 3 42 15
9 14 13 99 24
10 2 1 25 17
19 14 19 101 41
14 20 20 70 52
15 4 7 42 25
19 17 17 101 77
16 14 10 60 30
20 13 16 126 41
14 7 13 75 27
14 5 6 63 33
4 19 13 82 10
17 12 15 130 8
8 14 4 71 59
8 8 15 67 42
19 5 9 82 18
12 15 20 75 28
20 2 18 116 112
18 15 15 93 25
9 8 7 33 19
2 7 14 23 11
20 15 17 82 71
3 20 18 88 68
9 20 2 88 20
16 8 10 36 8
13 4 18 76 27
16 2 12 68 58
18 20 16 79 9
8 8 17 43 26
5 20 20 79 62
1 20 18 73 49
1 3 10 38 1
6 2 11 42 10
18 4 11 72 30
19 15 4 43 24
16 8 14 60 24
4 6 13 50 45
15 2 7 66 5
20 20 1 79 3
16 6 15 102 31
6 1 11 29 9
4 5 6 32 23
8 17 15 70 28
18 1 15 63 9
19 15 6 41 36
11 12 2 28 11
12 6 9 62 36
9 19 4 51 7
10 14 16 59 22
14 1 18 56 13
13 13 17 71 13
6 20 18 110 44
17 12 6 74 63
3 2 13 51 13
3 12 16 75 29
2 11 3 23 22
13 10 12 52 24
10 16 17 59 26
6 4 16 41 10
11 1 18 44 38
8 15 11 90 77
7 4 5 31 5
16 12 13 72 17
8 19 12 106 48
13 7 8 65 10
5 1 13 56 3
16 3 15 89 72
6 2 8 39 24
13 9 5 73 20
10 9 7 62 45
1 8 13 40 9
11 8 5 56 33
9 2 15 32 4
16 20 7 54 6
20 20 7 105 12
2 6 2 25 12
6 6 1 28 2
19 4 9 41 37
7 11 12 74 43
16 18 12 49 6
5 16 10 65 19
12 17 18 135 124
5 18 11 81 7
10 18 4 88 41
2 2 12 33 17
1 6 17 31 9
9 18 18 47 38
13 16 3 69 14
10 7 19 68 16
10 9 3 34 24
3 6 2 31 15
5 19 15 64 43
10 2 19 31 21
8 1 17 40 25
13 9 13 84 49
1 3 11 44 14
18 20 12 116 12
4 6 20 75 10
10 3 20 48 47
14 11 13 56 39
5 17 5 76 20
2 17 4 42 16
20 6 13 61 19
4 2 5 30 23
7 9 13 53 31
13 7 16 78 36
3 5 12 51 47
8 7 11 34 14
1 11 20 49 38
20 8 3 65 9
20 13 12 130 84
16 8 17 122 52
15 4 10 61 18
8 17 19 72 71
3 2 5 21 13
1 16 19 50 40
12 16 2 67 61
8 9 1 52 19
20 14 5 55 34
12 10 20 54 16
19 5 15 78 22
5 4 11 55 47
12 4 10 50 7
3 9 10 51 16
16 18 3 48 25
5 20 14 43 6
12 1 6 52 8
9 12 8 66 10
18 3 1 64 45
11 15 10 60 53
9 8 17 39 9
10 7 10 28 15
13 6 5 38 26
7 16 13 92 71
20 12 15 127 36
6 19 5 85 35
4 10 16 31 19
6 8 5 49 32
10 20 19 111 54
2 12 16 64 34
14 19 2 99 19
12 5 16 56 26
1 14 7 43 15
16 3 13 87 68
1 19 3 35 3
19 15 15 121 110
7 18 5 59 55
17 14 1 90 24
4 3 12 27 15
10 11 5 36 31
3 2 17 46 21
9 19 10 77 22
18 9 4 52 9
2 18 2 25 8
19 15 6 81 23
20 20 17 87 82
4 5 8 37 8
15 6 8 63 45
16 20 12 95 90
14 6 15 98 53
20 5 16 63 23
8 14 15 92 67
6 13 19 64 27
11 19 13 90 49
7 3 3 20 12
4 17 6 49 40
17 1 6 64 2
1 18 8 45 44
2 5 17 43 8
17 3 10 80 78
15 9 8 93 48
17 1 16 98 6
8 8 2 41 29
6 1 14 39 12
20 8 1 82 25
3 10 16 57 38
17 17 15 79 76
9 8 10 27 23
17 6 3 72 13
9 2 2 29 4
9 11 3 35 27
12 2 20 39 5
16 20 3 63 51
18 2 7 57 6
18 2 18 106 35
16 18 2 66 11
4 19 17 41 6
12 4 5 35 32
8 18 16 86 36
18 9 17 56 10
4 2 11 43 30
2 9 10 28 20
17 18 18 98 65
3 6 9 45 22
19 2 20 52 5
1 11 7 40 35
2 17 2 55 4
12 10 3 30 20
19 5 6 79 13
12 15 16 122 18
1 13 5 43 42
8 12 6 42 29
18 10 14 62 29
20 9 15 59 8
11 18 20 53 44
20 9 11 40 35
9 4 1 34 22
10 13 1 66 9
8 14 9 63 16
1 4 19 49 42
5 7 6 22 9
19 5 13 65 36
8 3 16 59 52
13 20 3 75 28
1 3 5 20 12
7 12 15 38 14
9 19 12 73 14
20 18 17 154 65
16 5 12 36 1
18 17 6 75 34
6 13 13 42 32
1 20 15 98 79
20 19 18 127 79
8 16 3 40 7
20 1 13 97 88
7 5 13 50 23
10 19 7 78 3
13 15 8 46 29
18 10 3 66 3
11 6 19 103 87
15 12 10 83 62
4 6 1 28 11
10 10 9 85 47
7 16 19 90 53
12 6 10 71 25
4 13 17 38 9
7 1 1 11 6
9 17 6 80 66
3 16 11 35 25
9 2 17 41 32
6 17 5 80 30
20 9 19 50 44
19 10 19 60 52
10 15 13 92 52
17 4 5 38 22
18 9 18 111 88
14 15 9 76 21
17 8 7 84 76
6 14 20 52 6
16 3 11 50 18
8 13 10 39 20
13 9 5 30 15
6 19 9 92 36
17 4 6 50 24
14 8 1 41 14
3 2 20 47 16
7 4 1 21 11
4 5 2 17 1
5 18 18 77 63
10 5 6 43 15
3 15 6 44 14
13 3 17 80 52
3 4 14 29 17
14 10 1 52 9
2 11 14 39 19
12 12 7 45 29
8 15 9 75 56
12 4 13 72 71
3 7 19 76 61
15 7 12 76 48
20 10 8 109 79
8 18 11 86 21
7 17 13 49 17
12 6 5 39 19
3 11 11 47 3
7 9 20 71 55
20 3 18 69 13
11 5 1 27 24
13 14 20 114 77
7 19 11 82 70
18 17 16 132 2
15 2 5 32 10
7 10 4 27 24
11 15 20 61 52
19 18 16 114 82
12 10 6 76 48
9 8 17 86 52
19 9 18 66 28
11 18 9 102 46
10 9 5 47 32
8 20 15 79 57
11 1 18 35 27
6 16 10 61 34
4 5 19 67 59
19 3 18 88 43
14 16 10 90 18
2 5 5 24 16
18 2 16 36 15
3 20 8 36 24
8 6 3 43 25
1 18 1 49 38
