350
3.6 2.67 1 1.11 3.12 
5 59
9 64
17 46
12 82
10 72
13 38
4 45
4 18
15 113
19 38
14 130
1 82
1 25
18 56
1 103
1 131
7 114
3 99
3 51
6 7
20 100
4 58
6 112
6 53
1 38
16 74
13 86
13 131
8 130
11 35
7 110
9 121
19 121
15 90
9 43
1 20
8 138
6 24
14 72
16 111
7 52
19 121
18 84
14 42
10 137
15 38
16 100
11 108
8 41
20 21
10 131
1 139
11 85
13 73
10 53
2 86
10 62
12 68
9 83
16 134
20 69
1 89
14 57
4 3
18 125
8 63
20 123
16 108
17 75
17 4
6 33
2 16
9 132
9 11
14 18
11 7
18 117
3 3
6 28
20 47
13 88
18 51
6 125
2 93
9 95
10 130
18 134
15 2
20 9
1 107
19 120
4 50
16 13
12 124
16 89
3 107
8 80
13 119
1 9
9 8
5 104
9 13
8 44
18 101
16 127
13 44
5 125
6 125
18 134
3 26
19 3
4 20
3 36
6 83
1 108
20 1
16 70
19 11
1 7
9 71
19 110
10 136
17 126
1 84
6 11
9 11
17 14
2 98
7 114
12 33
1 122
1 51
9 93
15 103
17 135
17 28
4 85
10 50
2 23
7 118
19 127
20 89
8 14
4 138
18 93
12 61
16 34
19 100
13 65
5 59
5 83
17 118
15 92
10 88
15 139
18 66
12 36
13 15
10 4
8 100
11 91
19 76
11 20
19 78
10 80
8 69
9 80
6 54
8 132
11 26
19 93
20 52
6 95
3 115
3 88
16 139
13 74
11 14
5 95
13 117
16 12
17 38
9 78
8 110
10 87
2 70
7 115
9 112
5 34
18 73
10 79
7 29
1 133
6 63
16 132
8 24
16 91
17 51
19 139
15 75
6 37
18 136
15 120
7 44
15 125
5 44
4 22
20 109
7 41
6 97
7 60
9 105
2 46
12 65
18 124
6 102
19 10
8 25
4 128
15 107
4 23
10 38
12 83
15 31
20 37
3 16
9 52
12 95
10 80
12 83
19 83
6 91
13 124
6 101
10 15
20 15
9 111
14 27
9 68
6 10
7 43
1 47
16 98
14 21
6 56
13 14
20 64
4 129
11 24
12 26
2 107
3 113
5 7
7 6
8 36
17 102
9 131
14 29
12 96
2 73
4 5
18 50
12 108
19 8
10 46
3 140
12 3
10 83
6 46
20 39
11 48
16 110
5 89
2 98
4 77
1 13
10 39
3 48
9 30
1 62
9 44
16 138
14 91
3 2
12 62
9 47
3 94
9 30
20 88
9 120
4 122
14 65
8 62
20 49
8 116
1 21
19 133
10 3
4 1
9 96
12 42
20 51
19 61
20 54
12 139
16 53
3 70
3 26
8 45
7 109
15 11
11 139
14 93
9 116
18 126
20 102
16 2
20 139
20 65
8 66
12 38
19 35
7 62
7 48
13 7
13 123
5 131
9 112
11 132
3 118
3 85
13 118
19 73
5 85
15 137
10 45
11 135
5 37
2 22
10 99
8 84
6 63
6 114
19 17
7 128
2 9
9 10
5 61
3 92
20 128
