300
3.45 1 1.51 2.43 4.68 
15 9
8 9
20 10
18 112
20 75
3 21
19 44
14 83
7 87
20 67
8 51
7 34
14 21
19 20
17 89
12 99
3 38
17 12
8 95
14 75
18 8
20 5
6 119
1 85
3 92
15 119
14 4
2 45
4 20
15 51
4 77
13 119
6 98
19 17
14 74
19 34
19 101
1 10
10 99
17 113
12 50
15 32
16 48
20 110
18 70
19 89
18 4
15 33
9 118
11 70
10 15
20 63
20 19
12 84
17 108
3 29
18 76
18 68
14 99
1 104
2 99
15 18
14 99
13 79
19 32
8 14
5 112
3 94
13 39
11 92
11 3
4 5
8 100
6 90
11 17
12 96
9 83
15 68
4 11
1 84
5 88
16 96
11 75
11 17
8 22
19 102
4 115
19 68
20 117
5 71
4 83
13 18
13 116
11 22
12 91
1 29
1 90
14 85
9 10
16 67
13 86
13 47
19 52
5 50
6 64
15 98
13 71
13 83
8 112
5 101
4 61
5 3
17 55
15 19
2 78
17 14
10 99
14 56
10 117
15 50
15 116
20 28
8 96
9 97
7 107
19 10
6 97
9 63
9 108
16 100
17 66
10 48
14 25
14 100
6 54
10 111
5 114
12 85
16 78
10 93
3 50
8 2
16 84
5 12
15 78
12 76
13 53
1 95
9 8
13 80
12 97
8 20
3 70
5 75
12 81
3 12
5 19
20 57
18 67
12 77
2 63
19 79
4 64
14 110
8 5
20 72
6 11
4 68
19 19
16 112
6 79
2 100
12 90
13 62
19 82
9 4
11 107
1 78
19 54
16 79
14 93
20 69
11 42
18 89
16 94
9 29
13 95
11 109
14 63
5 73
5 115
12 46
8 46
4 25
15 111
18 58
11 69
1 63
12 70
13 29
18 86
1 81
14 11
12 96
17 55
11 70
18 86
3 78
20 8
1 81
18 53
19 72
19 49
7 19
16 20
11 44
5 87
14 90
20 61
15 8
20 89
12 61
20 14
15 87
20 33
15 11
11 25
17 40
8 38
15 2
17 110
16 103
16 77
6 88
14 115
18 95
4 56
5 80
7 116
8 39
9 93
9 84
14 72
18 1
9 109
15 115
8 19
9 106
20 65
1 81
3 99
4 112
12 8
10 50
8 55
3 99
11 7
9 98
9 85
2 110
3 78
13 115
1 96
2 52
10 85
10 17
6 98
8 106
11 78
4 47
5 98
3 78
7 25
6 30
4 111
15 3
3 74
4 96
19 46
4 33
18 85
10 74
11 90
5 109
14 13
4 46
13 102
4 75
7 21
7 11
10 36
6 53
1 21
19 16
2 83
10 69
11 24
5 105
18 74
5 3
