500
4.76 3.12 1.86 4.35 1 
9 136
12 161
10 174
3 123
7 99
18 198
15 40
14 168
11 67
8 34
4 92
7 3
17 69
11 57
20 164
20 16
12 142
12 68
13 9
9 181
10 191
20 137
20 116
7 119
19 177
6 160
19 128
7 177
4 191
1 180
19 102
15 164
17 24
16 143
12 99
1 174
19 93
19 51
19 7
4 134
20 43
11 173
1 17
20 83
13 37
6 53
8 185
1 183
15 184
12 119
16 114
17 78
17 125
14 34
4 14
10 117
6 32
1 142
8 22
1 14
8 117
11 149
16 91
16 192
20 121
12 146
7 23
5 26
18 61
12 95
10 185
16 31
2 40
1 151
13 114
14 83
19 69
13 146
11 198
16 64
3 95
20 178
10 197
15 16
9 13
7 132
14 11
1 119
15 75
5 150
1 27
18 32
18 82
3 69
11 182
13 26
5 129
16 106
4 31
5 167
19 16
14 165
5 7
19 119
18 2
4 200
7 137
17 79
4 173
1 162
15 127
4 98
10 31
4 128
5 150
7 188
14 99
15 132
7 103
13 62
2 45
18 164
5 58
16 129
12 185
14 192
10 56
12 12
11 63
20 173
18 6
4 104
13 34
2 29
18 182
15 154
18 64
10 188
9 96
17 106
12 185
16 183
17 185
12 15
12 91
11 175
12 105
14 87
2 141
13 117
12 184
4 103
14 157
10 78
5 75
6 94
13 62
13 120
12 89
20 78
11 114
12 110
8 104
15 7
14 102
6 55
13 95
13 89
16 49
4 143
2 52
7 55
7 169
9 175
9 61
10 94
19 36
8 141
3 102
12 78
4 18
15 24
1 72
14 35
10 176
4 186
10 35
6 148
14 153
11 170
14 127
16 14
16 179
7 94
20 122
12 139
3 175
16 11
3 139
5 169
15 122
14 44
19 30
18 125
10 186
4 43
2 162
11 60
11 78
1 90
10 69
14 134
20 69
3 11
9 84
5 173
6 156
18 113
1 197
18 103
16 60
2 192
19 116
10 91
8 159
18 200
4 187
1 180
11 25
6 57
14 105
10 70
20 189
13 119
2 100
9 62
1 145
6 136
19 166
6 60
7 33
13 116
18 151
2 33
7 187
13 175
13 132
4 107
1 13
4 94
12 187
18 116
10 16
2 49
17 123
15 186
13 164
7 143
17 158
5 86
11 53
12 183
2 77
7 178
5 156
5 146
14 108
14 112
19 104
15 151
1 27
5 166
6 70
2 9
16 174
11 8
9 86
4 58
5 56
8 58
5 153
3 16
7 192
1 79
4 6
1 130
16 131
2 28
8 1
8 33
10 42
15 17
18 108
5 194
14 122
7 2
12 7
4 200
4 113
17 36
20 107
1 135
7 79
12 36
2 100
14 109
12 1
3 140
8 123
2 94
10 7
5 6
1 1
2 111
5 195
13 145
9 80
16 30
11 10
20 110
13 27
10 189
12 187
5 26
2 156
11 193
7 114
10 82
12 58
1 85
12 165
3 82
5 9
18 111
15 4
1 192
9 148
13 147
12 147
2 28
12 38
8 14
10 167
7 152
4 40
9 95
18 133
18 61
17 115
19 132
1 77
6 38
13 121
1 31
12 49
7 18
14 151
5 54
16 67
20 55
5 18
4 2
12 47
2 114
20 19
15 36
17 138
5 68
17 57
4 174
4 131
1 185
1 61
3 4
19 126
4 16
7 13
16 64
6 5
2 125
3 7
18 89
11 8
17 57
15 67
2 69
20 29
20 163
9 120
2 14
13 171
9 45
19 131
10 131
3 1
2 174
10 13
10 170
9 82
5 69
8 5
5 137
4 30
1 197
11 83
18 139
2 67
4 160
1 48
18 155
5 38
4 50
19 82
14 77
14 71
11 3
17 85
18 7
8 146
6 12
10 9
16 117
9 133
6 77
4 131
16 9
4 12
8 84
17 194
15 25
11 108
16 155
19 182
11 166
15 94
11 21
12 38
4 142
4 69
1 72
1 118
11 160
15 60
13 181
19 43
4 86
15 179
14 184
4 150
16 119
15 120
14 57
9 171
1 54
18 107
6 141
14 124
14 132
11 187
2 82
19 111
9 151
3 164
19 92
4 115
9 45
13 54
11 137
13 129
5 119
18 105
12 109
5 32
2 198
8 177
7 12
14 71
18 3
8 176
10 131
7 45
14 89
15 63
7 15
1 78
12 122
7 174
15 9
4 43
1 109
14 107
1 165
13 5
12 171
20 194
9 60
16 178
20 153
15 193
8 100
