400
1.71 2.16 4.23 1.39 1 
1 114
19 35
11 79
7 132
3 79
13 103
17 6
3 135
20 1
8 101
18 117
7 112
18 51
20 55
1 77
16 119
1 85
19 104
5 14
13 119
1 7
14 52
10 88
19 147
4 98
1 99
7 49
14 158
6 94
2 19
19 51
13 31
10 120
7 133
9 95
8 126
10 59
12 98
10 143
6 69
6 17
18 30
7 94
11 84
12 118
18 62
10 55
1 68
8 96
3 14
2 13
4 115
18 91
3 153
2 63
17 31
19 109
1 40
2 137
19 4
4 55
19 8
8 64
7 35
5 59
1 61
4 24
16 127
12 145
17 146
6 39
13 80
2 5
4 77
13 41
14 42
20 4
20 100
7 17
3 52
7 131
5 137
19 58
6 35
5 29
16 36
6 79
16 102
5 132
14 73
12 54
11 43
3 108
4 6
12 103
7 41
4 50
14 105
1 68
17 43
2 99
7 131
2 64
3 29
20 143
17 124
11 156
11 135
11 105
6 63
20 115
13 145
7 35
10 90
17 33
11 50
8 38
1 3
2 130
14 123
9 92
9 72
19 85
13 137
17 121
8 138
12 41
11 137
10 47
8 127
8 99
1 25
18 127
12 103
3 117
8 11
15 93
14 82
5 2
8 107
19 102
7 151
14 32
10 30
20 68
3 73
15 94
19 147
10 159
20 78
7 1
12 152
11 130
13 66
1 123
15 79
20 98
18 106
15 4
17 96
17 105
18 30
20 113
19 115
2 35
7 125
6 143
4 50
18 39
12 142
7 91
1 70
19 82
15 129
8 9
17 19
3 45
2 32
15 92
8 57
13 96
19 32
20 137
7 63
5 140
13 68
10 149
5 122
7 47
12 19
3 88
6 156
16 7
15 26
15 59
5 157
2 50
9 128
19 47
18 147
9 52
17 3
8 88
2 62
3 33
11 14
2 130
14 104
13 99
7 106
18 80
6 43
17 14
11 71
6 73
6 144
14 95
7 30
17 74
7 37
7 63
5 46
2 5
13 71
10 20
10 127
10 109
3 112
7 159
9 110
3 60
17 49
1 44
10 56
20 106
5 138
2 96
10 75
11 83
17 50
9 6
17 46
14 99
6 14
13 28
13 121
14 61
11 68
12 94
19 108
14 68
1 112
3 67
18 68
20 129
4 28
12 50
3 145
14 27
13 125
17 111
3 59
15 129
13 64
11 19
6 51
6 96
12 21
17 118
6 92
11 19
16 125
19 68
13 68
8 114
20 58
1 39
16 130
9 81
19 10
17 138
4 75
19 84
11 13
8 26
10 127
3 58
15 100
6 152
14 147
1 91
8 136
14 46
5 155
10 45
19 141
6 132
4 106
19 47
17 90
11 159
16 11
11 18
5 113
7 63
15 150
1 134
4 18
17 15
1 36
10 69
5 43
20 114
7 74
18 67
6 14
3 4
7 58
1 149
11 1
2 58
6 79
19 136
20 63
16 41
15 73
7 80
15 70
18 89
4 10
19 47
14 32
9 96
11 121
3 85
9 128
6 89
19 71
3 74
3 49
14 113
5 52
10 33
14 63
19 15
5 62
16 140
5 158
19 2
6 83
2 56
15 62
5 143
3 152
13 12
12 118
17 98
14 158
10 73
1 123
20 98
2 140
13 55
7 149
18 111
15 151
3 46
2 74
4 103
12 145
9 29
19 72
12 91
12 141
18 54
14 128
16 73
8 88
19 30
7 16
2 112
11 52
3 29
15 69
13 117
4 108
2 75
4 81
9 151
17 86
1 83
12 128
15 88
9 39
18 42
14 53
6 151
14 47
3 46
19 131
