150
4.41 4.23 3.29 1 4.06 
13 25
4 27
19 45
20 4
2 56
1 58
19 30
3 58
11 21
18 50
12 59
9 50
10 16
19 7
1 7
14 28
3 39
15 3
10 39
8 50
3 18
3 13
8 19
3 29
4 26
16 21
6 60
6 37
15 13
4 40
14 42
3 11
17 16
2 16
5 58
18 45
15 28
9 34
1 53
14 43
16 55
2 53
18 42
17 60
2 33
20 35
16 34
4 23
14 40
4 34
11 56
17 11
20 3
14 42
17 7
7 8
10 6
5 26
4 49
7 37
5 50
2 60
6 32
1 23
6 44
10 18
9 29
6 3
3 51
1 45
2 25
16 59
15 2
16 34
17 9
17 45
12 43
3 37
12 3
5 1
6 21
14 58
1 47
7 24
16 9
9 26
8 38
14 21
11 25
19 30
2 37
11 56
12 14
20 19
14 12
4 10
18 49
5 21
14 30
16 1
14 11
1 38
1 36
1 40
18 20
1 19
10 30
20 43
3 4
19 40
10 19
3 43
4 32
18 35
13 2
20 42
12 10
11 3
7 31
19 51
16 17
10 19
9 27
18 56
4 54
13 17
15 31
5 38
15 42
18 30
7 56
1 17
8 22
10 45
8 26
11 26
2 13
12 45
9 57
11 35
17 28
3 58
4 6
6 57
8 44
14 15
19 17
17 40
5 57
8 41
