100
1.64 1.44 1.36 1 1.42 
16 5
20 32
7 10
9 25
10 15
18 20
2 28
4 1
19 25
15 28
4 21
5 1
10 33
13 39
4 40
17 31
9 40
16 37
9 13
16 7
20 40
13 22
6 38
8 13
7 36
7 24
5 1
6 13
3 1
20 35
19 36
7 39
14 3
4 31
8 5
18 2
8 13
15 38
2 24
4 4
7 26
12 31
9 3
15 34
1 38
9 1
19 2
18 16
12 10
11 19
12 19
11 9
20 3
14 34
7 28
16 20
15 20
7 21
13 17
15 28
8 39
4 1
16 15
16 25
6 13
17 13
17 17
15 26
4 35
12 9
17 24
5 4
3 35
20 32
13 32
3 28
14 39
19 2
17 16
13 20
20 31
2 30
15 32
5 26
11 31
2 20
8 16
13 25
17 8
4 34
19 12
18 29
6 39
11 21
7 17
10 9
11 13
10 19
10 30
9 32
