450
3.99 3.89 1 2.65 1.56 
2 47
4 50
19 12
18 101
11 170
6 117
4 136
17 170
10 158
19 147
11 91
14 44
10 104
11 71
17 119
10 172
9 79
10 40
1 69
6 35
9 167
16 92
9 7
7 38
6 70
8 73
20 121
5 110
12 80
8 32
9 141
10 74
4 16
12 170
15 97
6 144
3 105
12 98
12 41
11 120
5 125
10 59
2 32
8 29
13 119
19 138
1 140
2 35
13 12
14 25
15 97
13 110
15 172
8 114
10 1
15 108
13 104
9 116
3 113
18 145
9 117
10 67
7 36
10 11
16 107
4 58
4 25
11 7
16 142
20 151
16 173
4 8
1 141
19 62
20 86
2 135
2 33
14 44
8 57
12 14
13 59
12 138
16 168
14 121
15 107
12 85
16 155
10 180
11 151
12 170
10 21
17 126
7 116
11 155
7 55
11 172
7 149
4 31
1 84
12 93
12 168
7 98
8 138
20 26
15 23
3 67
2 20
8 128
20 88
19 138
11 53
1 160
16 25
15 106
18 166
2 55
17 50
2 145
1 54
12 166
3 59
15 36
10 58
5 95
10 116
2 177
9 98
7 82
8 93
5 169
15 57
12 161
15 170
10 30
20 73
5 121
19 155
12 29
8 155
13 163
4 121
14 23
5 109
3 45
9 72
2 123
20 22
2 62
2 131
19 2
13 139
6 91
8 48
15 65
1 3
4 73
7 77
12 18
13 35
10 30
13 5
4 17
8 110
2 58
2 27
9 24
18 139
13 20
11 82
6 174
10 6
20 79
8 159
17 143
16 101
11 56
10 177
5 142
20 97
7 177
6 53
20 174
4 158
2 62
11 51
7 62
8 2
1 34
11 47
19 163
1 59
1 2
15 113
5 177
4 46
18 149
11 54
17 49
13 83
10 82
3 39
20 102
6 168
17 134
7 32
5 165
9 138
17 79
6 158
4 126
14 154
6 60
20 50
2 17
14 8
4 19
6 76
12 130
11 26
6 36
2 121
1 131
9 146
9 31
19 152
4 5
18 84
9 55
11 155
19 180
10 19
16 36
2 46
11 32
5 145
16 130
5 141
12 11
20 162
1 157
10 97
3 112
9 99
13 145
18 130
14 50
13 58
19 143
20 68
14 158
6 33
7 174
13 107
8 4
12 70
12 26
19 113
19 176
18 92
1 169
13 80
2 72
1 80
8 66
20 120
6 50
10 22
6 162
17 170
3 154
7 51
12 69
17 134
5 77
7 18
3 12
13 78
12 69
9 115
10 116
6 135
4 25
18 19
16 37
14 87
4 173
7 97
3 178
8 155
17 57
2 91
8 72
14 150
3 70
13 55
3 117
19 156
17 162
4 9
16 32
5 35
18 39
9 5
10 27
9 166
3 102
16 155
20 87
15 126
20 19
13 161
5 138
17 125
13 56
10 146
19 161
2 170
13 26
15 77
13 13
18 171
18 67
10 38
1 15
7 154
15 84
14 102
5 158
16 149
16 9
20 126
12 85
10 65
18 72
12 119
17 23
10 46
17 28
11 54
4 97
1 107
9 146
2 149
10 28
1 95
13 158
3 141
6 44
9 141
19 70
8 114
3 156
14 59
11 119
16 107
19 96
11 39
18 65
3 156
10 78
19 4
4 152
16 141
18 12
12 74
10 79
3 124
16 92
16 36
19 22
8 110
16 94
19 21
15 71
13 100
15 174
19 115
9 156
3 134
20 8
3 13
17 33
15 145
6 152
17 53
15 45
2 63
15 75
19 60
18 36
13 115
15 81
7 57
3 121
6 13
14 78
14 13
10 80
10 131
15 106
13 76
1 12
13 40
5 127
15 124
9 80
13 172
19 109
1 20
11 51
17 131
17 10
1 28
2 105
12 15
13 128
18 145
20 133
2 135
6 29
4 103
9 173
13 47
13 39
13 72
6 170
3 56
8 8
2 126
20 139
9 138
2 9
16 100
3 26
2 134
2 149
9 119
10 113
14 74
7 8
5 46
19 17
3 27
8 156
15 97
7 50
15 150
12 67
19 46
6 153
