200
1.14 1.37 4.25 1 4.95 
20 74
20 49
11 58
19 27
19 4
19 53
13 37
19 47
4 52
10 60
13 6
5 43
12 24
9 64
17 11
3 62
8 56
14 14
17 60
7 2
19 55
9 44
7 21
19 76
7 63
1 40
17 58
10 34
17 34
16 38
20 50
13 34
15 37
12 11
20 49
20 51
18 39
9 3
17 16
6 25
14 13
15 32
10 77
18 48
5 77
4 30
5 76
17 11
1 24
4 67
2 38
16 63
6 30
4 40
2 29
1 59
5 73
18 27
5 80
10 79
1 10
4 69
4 9
4 7
2 56
4 62
17 17
5 49
7 18
9 56
12 19
20 76
2 46
5 57
19 73
19 22
10 70
7 56
14 79
13 75
3 61
1 2
3 80
17 42
20 43
10 78
7 13
9 58
3 22
12 22
10 34
15 37
20 59
6 37
16 55
7 71
1 72
2 47
18 42
3 74
1 62
2 3
12 46
3 71
15 26
5 18
3 9
16 16
3 76
4 7
9 44
9 38
19 71
5 80
19 3
2 51
20 35
6 21
1 15
12 36
4 5
13 42
8 7
9 3
8 80
15 79
3 30
17 48
12 37
4 39
15 33
8 70
20 72
10 51
20 1
20 41
19 43
5 17
20 21
11 35
14 14
9 60
8 79
14 36
3 73
2 23
4 3
7 74
3 10
18 19
13 62
19 7
20 31
17 75
1 12
20 43
5 70
5 6
9 59
3 1
2 22
20 24
11 45
2 80
8 2
11 34
12 76
7 16
19 25
12 18
9 56
4 37
13 44
14 40
20 76
3 8
14 47
8 11
13 57
3 27
13 76
10 77
20 66
20 2
12 15
20 37
3 67
18 2
10 58
10 47
2 74
13 15
9 59
17 50
14 22
18 57
10 36
1 76
4 29
20 20
