250
2.16 3.15 4.55 2.27 1 
18 3
7 92
11 54
11 3
15 58
7 73
15 70
5 61
6 55
11 95
8 92
16 76
2 42
13 47
9 58
3 59
7 32
16 96
12 65
1 89
14 87
8 47
4 83
14 84
3 95
20 41
12 96
9 58
9 17
3 92
1 21
4 93
13 82
3 74
13 49
11 20
12 44
18 100
19 89
14 73
14 7
12 84
4 22
15 45
5 29
14 82
5 84
13 86
10 39
11 58
17 11
3 98
1 65
17 68
3 10
20 18
1 98
2 66
18 36
7 77
9 4
17 33
16 8
10 15
2 23
2 16
9 59
4 16
2 96
15 15
13 22
10 6
8 11
17 86
12 97
1 24
20 78
3 72
11 64
13 32
16 71
9 46
1 77
18 25
13 49
5 65
14 87
18 68
17 60
11 36
17 64
13 3
6 47
5 99
19 14
6 20
9 6
7 85
10 16
12 52
4 61
18 66
10 32
19 24
8 59
16 92
20 45
2 77
2 80
12 32
8 41
5 68
15 28
2 1
19 85
10 33
17 73
20 34
12 35
8 49
8 96
5 20
5 57
18 92
9 44
7 2
18 18
16 34
8 56
12 32
11 49
16 54
20 18
2 70
6 12
3 69
6 43
2 30
8 19
5 5
3 10
19 69
15 31
3 45
14 67
1 2
15 78
17 27
17 23
9 48
18 100
3 89
15 5
10 24
9 100
1 62
10 32
2 80
16 2
12 12
10 30
18 19
18 40
10 52
2 5
17 54
2 93
13 88
12 42
10 40
5 29
13 73
1 91
7 4
14 73
19 5
6 51
12 59
10 5
6 87
8 72
2 18
2 38
8 14
3 47
1 24
6 84
11 6
1 44
12 68
3 6
17 16
14 15
11 98
14 65
7 83
17 13
4 2
2 16
13 13
11 85
3 22
18 19
16 74
5 38
11 22
5 21
19 95
6 41
1 64
11 14
20 15
10 100
11 85
12 34
19 16
15 1
5 34
12 27
17 31
20 51
18 79
9 98
16 10
13 100
3 69
20 80
4 23
8 82
2 97
15 2
13 66
7 57
13 71
5 31
5 21
11 59
20 85
2 37
8 30
14 6
16 51
19 100
20 29
9 29
4 84
16 83
5 90
2 42
12 27
