450
17 298 701 5
15 44 1337 6
19 149 1998 5
8 60 280 9
6 322 466 7
9 31 118 10
10 2227 2276 1
18 1389 1804 4
19 776 1585 9
5 188 1073 10
9 1047 2235 3
6 2 2042 4
9 409 451 5
20 378 2278 8
20 542 688 5
17 626 771 8
4 712 1718 6
8 1384 1844 6
19 1174 2132 8
9 713 1085 1
17 302 388 10
8 413 2248 5
10 770 1524 4
19 449 2112 7
18 1707 1755 4
12 132 516 7
2 859 1615 3
3 618 766 6
5 803 1493 4
3 1858 2099 5
10 347 377 7
18 872 2332 8
18 205 971 8
16 734 1457 10
14 559 585 4
9 192 2244 2
9 106 146 2
3 5 62 5
19 877 1377 9
18 628 953 1
11 116 174 4
18 324 1132 7
19 69 1494 2
13 70 436 10
10 242 267 9
8 118 369 6
12 950 1731 10
12 261 1266 3
3 1140 2126 6
12 783 1955 8
12 783 2261 10
1 1768 2413 6
18 20 190 4
4 446 508 10
2 267 1252 7
14 595 633 4
9 69 392 1
19 879 2019 2
16 780 1205 3
18 647 1904 7
3 44 106 9
10 292 1001 9
19 1189 2047 9
13 472 951 5
13 520 650 10
7 11 576 4
6 2049 2096 2
11 1325 1854 6
7 1294 1796 4
16 261 555 6
20 594 2074 8
18 1429 1621 8
4 314 1688 1
3 217 419 6
1 131 1804 5
10 367 1778 10
14 841 1882 10
13 436 896 8
11 1587 2322 2
13 1069 2220 1
16 1263 1815 8
6 1059 1534 2
8 561 2415 4
2 47 268 4
10 106 1060 4
17 1324 1751 5
9 307 1076 4
15 922 1240 4
19 962 1893 7
14 959 1502 10
15 878 1033 1
9 354 1896 2
10 5 239 4
13 251 638 4
10 391 1526 8
1 82 1906 2
15 1479 2023 8
16 256 1843 3
9 1574 1642 8
8 1009 2237 9
19 190 210 9
2 143 228 7
12 851 900 1
10 900 1902 4
4 1419 2335 3
16 763 1790 9
10 49 200 7
7 145 173 8
6 996 2293 2
14 1403 1479 10
14 1690 2405 8
17 232 1378 7
8 533 807 7
15 1610 2318 7
13 477 1335 5
20 168 229 3
6 231 1488 9
20 585 1400 9
20 258 1899 8
12 273 2030 5
18 480 633 4
4 11 1115 3
1 451 1309 2
15 1330 2375 1
10 1432 1648 1
1 118 512 3
1 853 896 4
3 433 1169 3
20 979 1082 4
7 522 757 10
6 2 45 9
15 1345 2302 8
6 1182 1288 6
12 1863 2033 6
14 1090 1706 5
15 201 268 6
11 694 1507 3
3 342 1735 4
12 341 635 7
14 1533 1575 3
20 648 1731 8
4 49 78 6
9 321 384 7
5 705 1085 10
15 323 1681 8
18 2048 2431 7
9 261 2047 7
4 52 297 1
13 1786 2079 4
20 727 1210 5
12 55 1281 2
8 52 2144 1
7 782 1896 6
16 1364 1531 8
6 167 611 8
14 255 300 4
14 225 707 2
19 1548 2447 6
14 28 119 2
7 712 1073 6
7 205 1188 7
18 292 604 9
11 409 1617 2
2 1142 2367 9
2 446 848 1
16 337 879 2
13 4 156 3
14 744 1145 9
7 6 1250 2
6 1625 2204 10
19 309 592 5
13 401 1005 10
3 18 192 6
20 699 1399 4
15 157 340 6
7 191 339 5
1 866 1056 4
2 109 319 9
6 737 1978 5
11 466 914 3
9 151 1115 9
14 979 1373 3
20 1639 2274 5
15 518 2044 5
9 712 2121 1
5 12 325 6
18 634 929 5
14 997 1072 10
2 1578 1890 9
16 572 1043 1
3 771 1697 8
3 741 862 5
15 744 971 3
3 562 2363 3
4 259 2211 8
12 278 2102 9
12 593 1570 1
10 68 714 1
15 1649 2421 4
20 410 1191 7
16 204 674 6
18 1254 1593 7
8 84 869 8
12 363 507 7
15 177 963 2
17 1364 1426 4
15 1893 2345 5
2 2021 2031 8
16 1334 1940 3
11 117 815 8
8 1112 1886 5
6 651 881 7
10 1181 1194 4
20 971 998 9
20 333 1015 7
4 194 2355 7
18 60 886 2
6 267 710 6
17 1096 1996 5
3 369 1259 10
15 319 1422 5
11 1481 2092 10
19 1169 1338 2
4 364 445 1
20 395 1373 8
6 221 767 6
18 290 888 3
5 971 1439 3
6 2107 2344 3
4 271 770 1
16 357 1719 8
14 42 810 2
1 279 566 2
11 1325 1510 6
5 575 1294 5
18 106 471 4
3 15 449 6
20 750 1412 9
20 1168 1830 3
15 297 512 3
5 1156 2011 9
17 124 1087 3
8 40 68 7
16 38 1790 6
18 724 1204 10
7 952 1054 6
5 93 598 1
4 536 1469 10
17 1755 2219 5
19 54 1194 8
14 198 683 6
18 79 748 6
18 19 277 10
9 86 276 4
6 85 1878 4
7 705 2301 10
11 1221 1719 10
17 158 1329 9
19 394 1902 5
15 39 84 4
8 1112 1890 10
14 890 986 3
4 13 50 3
3 60 2439 1
9 220 1083 1
2 1480 1568 6
8 63 409 10
13 412 805 7
1 224 682 4
7 23 31 5
5 553 1373 5
7 279 640 6
14 197 1664 4
2 274 521 4
6 724 1526 3
1 1012 1462 4
14 1726 1893 6
8 467 691 8
18 843 2213 7
7 183 227 7
17 17 224 5
19 1203 2174 3
6 992 1007 8
13 190 364 6
7 16 965 2
18 910 2077 6
3 39 492 3
4 5 18 10
13 778 825 2
11 530 600 9
4 74 163 8
15 953 1005 2
1 1417 1501 7
17 106 448 9
11 1378 2161 9
16 1357 1535 4
20 105 603 8
14 998 2125 8
11 893 1287 1
5 54 83 9
14 1601 2401 6
1 202 335 2
9 236 1560 5
6 833 1216 5
8 2048 2244 5
3 812 865 8
3 67 355 5
9 1162 1882 1
14 1530 1675 8
4 1079 2332 7
19 1783 2005 9
1 1222 1630 5
9 920 977 5
13 9 509 5
13 283 544 4
8 1305 2072 6
19 1256 2277 7
5 894 2271 7
15 644 818 6
15 368 819 7
9 540 1114 5
10 787 827 1
14 482 722 1
6 89 1845 6
6 248 1028 7
2 1171 1952 8
18 1044 1854 6
20 166 2144 9
10 7 29 6
15 347 523 10
17 1102 2336 9
16 436 1166 10
2 130 183 7
17 23 56 5
6 243 663 8
6 628 721 2
2 713 1457 6
5 10 35 5
8 969 1391 10
16 805 1141 4
5 76 497 1
3 1441 1481 1
7 438 1821 7
13 769 2167 4
14 1417 1691 4
5 894 953 2
18 937 1468 9
17 1213 1259 6
14 42 57 6
1 1247 2185 1
5 264 1634 9
5 89 1921 6
7 2139 2341 10
14 5 34 4
8 743 1371 5
10 387 1269 6
17 1113 2277 4
14 938 1194 8
14 1060 2150 8
14 1301 1577 5
20 1349 2065 5
16 932 2219 9
10 839 2419 2
5 658 700 3
15 87 2414 7
17 458 768 9
20 1762 2001 7
3 4 129 5
18 506 930 6
14 46 69 4
20 352 589 3
20 274 1974 3
19 63 826 8
8 4 50 6
3 287 405 2
19 130 269 10
18 43 788 6
3 7 1803 8
2 229 642 4
2 94 157 3
15 96 1562 5
13 356 698 8
13 526 594 6
12 43 1224 2
4 481 1087 3
18 327 1046 2
2 950 1166 4
10 322 1477 7
11 1600 2113 6
20 203 244 8
15 147 824 7
3 515 1924 7
15 1795 2298 10
1 547 724 4
12 18 395 4
8 30 1914 6
10 506 1215 5
12 79 478 6
14 233 841 3
12 941 2222 4
4 1406 1437 3
8 1165 1627 9
6 563 723 8
17 58 133 6
3 575 1125 5
5 178 362 6
8 103 659 3
10 300 676 1
7 8 695 10
20 644 1448 8
12 1105 1506 2
12 847 2165 8
18 660 1647 4
13 109 2034 6
16 655 1544 10
20 1241 2171 3
19 1396 2114 7
13 275 798 5
7 80 1286 3
8 357 2400 10
2 1442 1817 6
6 473 740 2
4 615 2218 9
3 614 1846 3
1 269 364 6
4 712 2190 8
6 771 1714 9
16 1682 2008 10
14 66 262 6
1 114 129 10
4 2338 2357 3
15 60 2152 2
9 880 1555 10
12 941 1581 8
14 1889 2063 10
15 495 2288 2
13 39 102 1
14 1423 1757 1
19 253 1093 5
13 468 1216 1
4 792 1612 5
12 1965 2230 3
15 732 1331 3
1 881 2166 2
18 990 2095 7
16 154 623 8
4 2 29 5
16 347 482 9
16 609 2265 1
15 10 45 3
