300
17 548 1108 5
15 5 57 6
19 277 682 5
8 168 426 9
6 269 585 7
9 175 251 10
10 82 183 1
18 25 698 4
19 907 1165 9
5 194 309 10
9 1293 1559 3
6 26 63 4
9 341 693 5
20 433 1023 8
20 408 1048 5
17 342 659 8
4 991 1528 6
8 231 341 6
19 716 1239 8
9 749 1206 1
17 299 686 10
8 60 766 5
10 39 1164 4
19 224 455 7
18 294 495 4
12 119 171 7
2 890 1489 3
3 1315 1587 6
5 437 778 4
3 1070 1184 5
10 1093 1340 7
18 1213 1290 8
18 74 139 8
16 599 1332 10
14 322 460 4
9 54 494 2
9 61 118 2
3 189 387 5
19 589 635 9
18 475 1269 1
11 37 393 4
18 2 249 7
19 318 512 2
13 336 1060 10
10 426 1156 9
8 66 381 6
12 1180 1452 10
12 792 1364 3
3 564 1118 6
12 0 20 8
12 312 397 10
1 229 403 6
18 523 549 4
4 381 1131 10
2 282 609 7
14 383 762 4
9 441 1336 1
19 783 1125 2
16 856 1135 3
18 461 1091 7
3 777 1626 9
10 1129 1265 9
19 93 832 9
13 97 405 5
13 786 1229 10
7 1176 1359 4
6 1065 1578 2
11 101 252 6
7 809 1422 4
16 356 1145 6
20 470 1601 8
18 361 1587 8
4 1086 1524 1
3 337 625 6
1 27 242 5
10 1358 1504 10
14 808 1417 10
13 131 186 8
11 28 93 2
13 25 134 1
16 532 1244 8
6 715 999 2
8 625 1076 4
2 117 933 4
10 77 317 4
17 152 1417 5
9 43 137 4
15 523 782 4
19 456 879 7
14 1263 1630 10
15 849 1233 1
9 105 177 2
10 1113 1233 4
13 10 41 4
10 369 953 8
1 316 617 2
15 391 833 8
16 496 951 3
9 270 1160 8
8 321 972 9
19 62 269 9
2 525 590 7
12 343 442 1
10 706 1381 4
4 77 185 3
16 197 395 9
10 175 608 7
7 38 781 8
6 536 555 2
14 1189 1626 10
14 174 949 8
17 725 928 7
8 494 1464 7
15 603 1021 7
13 1187 1280 5
20 467 1636 3
6 1017 1574 9
20 506 1051 9
20 117 581 8
12 567 612 5
18 65 147 4
4 65 443 3
1 227 267 2
15 50 261 1
10 9 27 1
1 238 330 3
1 359 425 4
3 1225 1271 3
20 637 1159 4
7 18 26 10
6 70 311 9
15 212 1242 8
6 684 732 6
12 673 954 6
14 1068 1107 5
15 143 1179 6
11 34 1018 3
3 71 1094 4
12 618 1531 7
14 30 1058 3
20 126 331 8
4 244 980 6
9 320 1228 7
5 5 60 10
15 964 1469 8
18 1024 1326 7
9 144 335 7
4 1068 1263 1
13 114 1260 4
20 254 1183 5
12 201 474 2
8 29 902 1
7 101 1348 6
16 40 198 8
6 217 316 8
14 21 87 4
14 1497 1537 2
19 934 1220 6
14 524 1071 2
7 126 727 6
7 707 1509 7
18 1 1381 9
11 275 308 2
2 257 1537 9
2 368 456 1
16 421 523 2
13 478 1163 3
14 929 1247 9
7 795 1438 2
6 481 732 10
19 202 268 5
13 277 1518 10
3 521 1027 6
20 302 1427 4
15 1150 1185 6
7 89 347 5
1 580 1090 4
2 417 517 9
6 541 1009 5
11 1248 1418 3
9 233 256 9
14 588 1574 3
20 138 661 5
15 494 985 5
9 378 395 1
5 130 1515 6
18 71 110 5
14 3 53 10
2 596 925 9
16 423 646 1
3 78 113 8
3 220 759 5
15 47 1009 3
3 47 289 3
4 163 177 8
12 79 254 9
12 640 1170 1
10 176 855 1
15 763 1437 4
20 525 1322 7
16 526 1527 6
18 1181 1629 7
8 14 124 8
12 299 350 7
15 179 852 2
17 400 433 4
15 46 272 5
2 597 1361 8
16 525 816 3
11 437 1285 8
8 29 77 5
6 197 675 7
10 804 1382 4
20 317 649 9
20 349 447 7
4 7 388 7
18 1372 1417 2
6 895 1251 6
17 868 1216 5
3 177 369 10
15 401 1401 5
11 965 1094 10
19 210 1145 2
4 146 284 1
20 87 1223 8
6 248 1200 6
18 565 1273 3
5 295 602 3
6 1072 1567 3
4 724 1498 1
16 850 1227 8
14 711 1040 2
1 380 1630 2
11 31 189 6
5 71 715 5
18 891 1184 4
3 208 724 6
20 619 842 9
20 647 1280 3
15 645 1016 3
5 595 695 9
17 237 1282 3
8 3 162 7
16 169 436 6
18 263 1035 10
7 55 1288 6
5 1002 1365 1
4 173 1243 10
17 1056 1112 5
19 676 1512 8
14 129 143 6
18 96 169 6
18 572 614 10
9 607 1285 4
6 955 1576 4
7 517 1208 10
11 33 139 10
17 97 128 9
19 666 1549 5
15 944 1001 4
8 1143 1624 10
14 156 931 3
4 360 544 3
3 1092 1565 1
9 322 901 1
2 115 144 6
8 156 1006 10
13 395 945 7
1 176 1279 4
7 184 1370 5
5 326 422 5
7 7 755 6
14 302 890 4
2 902 1603 4
6 967 1112 3
1 79 346 4
14 571 613 6
8 291 792 8
18 659 733 7
7 353 513 7
17 1 43 5
19 903 1554 3
6 797 870 8
13 1255 1374 6
7 737 1151 2
18 135 188 6
3 469 1015 3
4 231 1172 10
13 229 432 2
11 1034 1064 9
4 440 1166 8
15 33 64 2
1 218 255 7
17 472 740 9
11 218 1135 9
16 1379 1641 4
20 174 1384 8
14 35 210 8
11 1204 1404 1
5 493 813 9
