350
17 358 458 5
15 261 473 6
19 601 629 5
8 437 1299 9
6 323 702 7
9 441 871 10
10 507 1533 1
18 900 1290 4
19 982 1303 9
5 533 1246 10
9 890 1866 3
6 1299 1451 4
9 108 949 5
20 110 468 8
20 899 1411 5
17 1343 1561 8
4 1224 1811 6
8 117 285 6
19 922 1633 8
9 411 1311 1
17 541 1837 10
8 416 1820 5
10 1242 1749 4
19 383 726 7
18 30 292 4
12 1558 1726 7
2 934 1625 3
3 151 203 6
5 32 100 4
3 29 143 5
10 613 1425 7
18 816 1151 8
18 714 1238 8
16 133 1076 10
14 89 366 4
9 176 1624 2
9 50 157 2
3 605 890 5
19 524 1007 9
18 1448 1870 1
11 977 1413 4
18 120 210 7
19 1272 1417 2
13 12 45 10
10 424 1093 9
8 361 712 6
12 451 954 10
12 570 1088 3
3 311 1329 6
12 367 1116 8
12 72 301 10
1 603 676 6
18 392 510 4
4 813 1583 10
2 88 210 7
14 226 450 4
9 201 696 1
19 44 902 2
16 612 643 3
18 1363 1866 7
3 201 1083 9
10 836 1061 9
19 564 1681 9
13 694 1170 5
13 1363 1468 10
7 540 1877 4
6 1168 1806 2
11 585 1202 6
7 136 657 4
16 651 704 6
20 74 168 8
18 74 518 8
4 260 309 1
3 58 288 6
1 10 20 5
10 271 385 10
14 409 497 10
13 1398 1460 8
11 736 1327 2
13 21 35 1
16 80 364 8
6 245 1422 2
8 785 841 4
2 777 1090 4
10 1229 1268 4
17 164 1353 5
9 39 1167 4
15 81 1260 4
19 707 1757 7
14 34 1214 10
15 146 373 1
9 279 1126 2
10 368 1409 4
13 6 76 4
10 1110 1685 8
1 1188 1518 2
15 165 388 8
16 1219 1453 3
9 131 1444 8
8 294 1353 9
19 230 547 9
2 34 1032 7
12 116 1548 1
10 46 220 4
4 249 360 3
16 24 100 9
10 1723 1763 7
7 1081 1396 8
6 604 1225 2
14 145 837 10
14 808 1732 8
17 1 1584 7
8 317 350 7
15 293 1764 7
13 420 531 5
20 483 602 3
6 551 1332 9
20 1064 1432 9
20 907 1652 8
12 551 843 5
18 232 304 4
4 320 1742 3
1 599 1178 2
15 348 1637 1
10 1325 1358 1
1 102 393 3
1 666 1251 4
3 478 593 3
20 617 1163 4
7 1436 1627 10
6 269 291 9
15 675 1806 8
6 159 748 6
12 569 1129 6
14 433 456 5
15 148 1739 6
11 82 117 3
3 4 48 4
12 681 1066 7
14 486 738 3
20 90 146 8
4 253 872 6
9 54 1155 7
5 54 333 10
15 186 213 8
18 90 296 7
9 736 1341 7
4 203 978 1
13 878 1648 4
20 603 1516 5
12 606 1752 2
8 1365 1870 1
7 16 140 6
16 343 404 8
6 206 972 8
14 461 493 4
14 53 310 2
19 679 1565 6
14 605 935 2
7 503 1474 6
7 33 86 7
18 225 781 9
11 923 1585 2
2 367 732 9
2 405 498 1
16 8 455 2
13 1580 1625 3
14 1023 1437 9
7 1002 1392 2
6 203 425 10
19 459 1607 5
13 1107 1255 10
3 243 1308 6
20 166 339 4
15 101 1401 6
7 285 1377 5
1 655 1456 4
2 340 689 9
6 1231 1799 5
11 828 1720 3
9 981 1406 9
14 817 1192 3
20 432 1871 5
15 36 220 5
9 82 822 1
5 1030 1354 6
18 237 840 5
14 714 962 10
2 751 1464 9
16 741 1166 1
3 683 795 8
3 275 1468 5
15 4 192 3
3 195 489 3
4 304 1181 8
12 63 1479 9
12 1145 1567 1
10 198 1428 1
15 1215 1275 4
20 776 1734 7
16 147 164 6
18 110 192 7
8 661 697 8
12 696 1475 7
15 1092 1809 2
17 590 1388 4
15 38 162 5
2 112 130 8
16 767 1777 3
11 1087 1146 8
8 1311 1863 5
6 180 1064 7
10 412 628 4
20 1242 1796 9
20 368 1039 7
4 131 167 7
18 178 1158 2
6 455 1081 6
17 200 1472 5
3 212 1571 10
15 372 491 5
11 9 868 10
19 346 1023 2
4 1035 1840 1
20 1102 1281 8
6 91 401 6
18 655 705 3
5 335 907 3
6 763 833 3
4 405 586 1
16 2 46 8
14 1040 1783 2
1 918 996 2
11 1443 1576 6
5 847 1320 5
18 155 213 4
3 539 1165 6
20 263 1350 9
20 262 499 3
15 1185 1222 3
5 505 1338 9
17 38 74 3
8 248 298 7
16 543 848 6
18 250 1304 10
7 1592 1883 6
5 202 1585 1
4 40 230 10
17 1379 1612 5
19 562 940 8
14 43 995 6
18 40 1663 6
18 602 1472 10
9 1059 1185 4
6 129 474 4
7 198 229 10
11 174 548 10
17 1198 1896 9
19 22 100 5
15 549 837 4
8 158 921 10
14 226 468 3
4 318 1251 3
3 884 1834 1
9 344 662 1
2 262 674 6
8 3 119 10
13 576 889 7
1 5 967 4
7 1258 1708 5
5 241 451 5
7 311 776 6
14 14 160 4
2 546 1078 4
6 121 258 3
1 148 258 4
14 667 826 6
8 84 252 8
18 567 1535 7
7 361 707 7
17 117 869 5
19 755 1067 3
6 1276 1761 8
13 401 1584 6
7 552 1643 2
18 9 264 6
3 494 713 3
4 774 826 10
13 1216 1467 2
11 443 807 9
4 597 1315 8
15 571 676 2
1 580 746 7
17 432 1831 9
11 200 1714 9
16 215 1629 4
20 456 1220 8
14 53 558 8
11 1278 1875 1
5 319 917 9
14 157 523 6
1 978 1230 2
9 65 675 5
6 282 390 5
8 138 744 5
3 1062 1100 8
3 1474 1817 5
9 1560 1575 1
14 1032 1503 8
4 91 629 7
19 856 1464 9
1 506 680 5
9 915 926 5
13 753 771 5
13 258 785 4
8 150 1825 6
19 47 690 7
5 207 551 7
15 849 1547 6
15 283 981 7
9 248 1100 5
10 1146 1621 1
14 906 1036 1
6 281 347 6
6 307 1059 7
2 171 592 8
18 225 691 6
20 747 1122 9
10 1628 1816 6
15 209 605 10
17 275 1333 9
16 32 631 10
2 216 439 7
17 1022 1173 5
6 444 1003 8
6 82 358 2
2 12 348 6
5 585 1090 5
8 909 1416 10
16 230 400 4
5 895 1558 1
3 96 836 1
7 31 53 7
13 29 1387 4
14 560 932 4
5 738 816 2
18 71 474 9
17 412 1144 6
14 1360 1720 6
1 42 918 1
