200
17 454 846 5
15 664 999 6
19 312 423 5
8 400 658 9
6 150 811 7
9 363 924 10
10 387 795 1
18 51 90 4
19 185 874 9
5 394 566 10
9 208 436 3
6 191 294 4
9 191 538 5
20 893 1100 8
20 651 1071 5
17 116 191 8
4 127 980 6
8 176 306 6
19 399 930 8
9 112 127 1
17 380 786 10
8 569 595 5
10 203 1051 4
19 16 188 7
18 824 1099 4
12 147 288 7
2 281 984 3
3 73 272 6
5 74 323 4
3 1 219 5
10 657 871 7
18 77 731 8
18 4 47 8
16 329 581 10
14 116 258 4
9 332 974 2
9 68 129 2
3 990 1111 5
19 304 1061 9
18 223 803 1
11 202 237 4
18 184 934 7
19 252 420 2
13 509 869 10
10 977 988 9
8 200 342 6
12 26 279 10
12 168 190 3
3 395 936 6
12 807 1046 8
12 428 759 10
1 497 971 6
18 880 987 4
4 150 471 10
2 111 320 7
14 347 362 4
9 520 579 1
19 780 896 2
16 457 1028 3
18 323 828 7
3 394 431 9
10 171 775 9
19 52 208 9
13 1 124 5
13 26 454 10
7 30 63 4
6 364 394 2
11 421 676 6
7 7 28 4
16 158 360 6
20 103 245 8
18 181 355 8
4 232 758 1
3 30 93 6
1 90 330 5
10 7 27 10
14 406 762 10
13 328 445 8
11 627 977 2
13 227 385 1
16 364 899 8
6 231 1023 2
8 260 338 4
2 414 716 4
10 57 347 4
17 569 968 5
9 42 160 4
15 195 225 4
19 105 688 7
14 516 610 10
15 165 229 1
9 101 796 2
10 31 57 4
13 755 945 4
10 507 609 8
1 311 839 2
15 763 1097 8
16 569 732 3
9 47 602 8
8 235 270 9
19 364 744 9
2 3 30 7
12 185 456 1
10 112 289 4
4 180 392 3
16 116 176 9
10 54 125 7
7 16 464 8
6 611 778 2
14 129 216 10
14 860 1044 8
17 17 55 7
8 228 465 7
15 290 686 7
13 273 701 5
20 227 446 3
6 661 1023 9
20 153 240 9
20 476 831 8
12 499 809 5
18 199 463 4
4 40 512 3
1 26 777 2
15 149 306 1
10 198 330 1
1 80 108 3
1 596 996 4
3 879 1062 3
20 288 530 4
7 713 794 10
6 732 897 9
15 810 864 8
6 50 87 6
12 401 892 6
14 214 311 5
15 36 337 6
11 40 83 3
3 126 260 4
12 394 424 7
14 318 850 3
20 24 273 8
4 1 160 6
9 213 340 7
5 226 708 10
15 283 776 8
18 44 264 7
9 789 972 7
4 532 912 1
13 374 752 4
20 0 25 5
12 209 269 2
8 152 275 1
7 352 364 6
16 252 761 8
6 188 411 8
14 255 513 4
14 293 896 2
19 521 755 6
14 571 761 2
7 310 728 6
7 518 1088 7
18 748 850 9
11 62 556 2
2 65 266 9
2 529 821 1
16 780 912 2
13 707 1057 3
14 67 174 9
7 540 952 2
6 239 765 10
19 313 1072 5
13 241 1062 10
3 726 1020 6
20 221 429 4
15 18 174 6
7 909 1007 5
1 545 948 4
2 89 119 9
6 19 61 5
11 17 92 3
9 357 832 9
14 475 673 3
20 413 726 5
15 77 630 5
9 52 214 1
5 102 947 6
18 29 103 5
14 349 525 10
2 308 583 9
16 840 1091 1
3 572 823 8
3 70 115 5
15 739 827 3
3 7 22 3
4 248 637 8
12 209 420 9
12 262 559 1
10 332 636 1
15 179 779 4
20 211 656 7
