250
17 541 961 5
15 622 1229 6
19 1116 1248 5
8 189 597 9
6 140 407 7
9 441 452 10
10 658 732 1
18 990 1131 4
19 578 1300 9
5 414 1043 10
9 497 548 3
6 218 978 4
9 67 251 5
20 1 160 8
20 33 577 5
17 37 87 8
4 462 496 6
8 535 853 6
19 9 46 8
9 202 448 1
17 131 304 10
8 231 438 5
10 292 960 4
19 37 132 7
18 112 429 4
12 8 34 7
2 519 959 3
3 419 555 6
5 798 1235 4
3 290 478 5
10 463 1135 7
18 290 1294 8
18 327 433 8
16 518 910 10
14 72 440 4
9 727 1223 2
9 53 200 2
3 250 272 5
19 133 868 9
18 653 772 1
11 209 283 4
18 127 1008 7
19 40 79 2
13 957 1195 10
10 642 769 9
8 391 1063 6
12 970 1387 10
12 724 923 3
3 60 757 6
12 296 343 8
12 465 937 10
1 4 37 6
18 234 578 4
4 142 359 10
2 228 493 7
14 147 217 4
9 69 155 1
19 21 593 2
16 768 986 3
18 163 273 7
3 1098 1319 9
10 22 58 9
19 286 593 9
13 368 865 5
13 346 886 10
7 290 553 4
6 837 1294 2
11 195 292 6
7 610 1047 4
16 630 1023 6
20 252 584 8
18 50 655 8
4 33 984 1
3 192 376 6
1 252 409 5
10 100 144 10
14 746 1261 10
13 1104 1343 8
11 368 662 2
13 899 1005 1
16 920 1135 8
6 1034 1090 2
8 63 111 4
2 512 1126 4
10 273 388 4
17 45 424 5
9 51 101 4
15 158 337 4
19 497 539 7
14 403 1074 10
15 31 337 1
9 1 205 2
10 270 429 4
13 284 898 4
10 361 979 8
1 56 318 2
15 995 1230 8
16 668 1156 3
9 475 949 8
8 0 15 9
19 263 343 9
2 194 342 7
12 444 462 1
10 321 960 4
4 238 517 3
16 323 647 9
10 373 1131 7
7 667 949 8
6 728 958 2
14 391 923 10
14 652 1376 8
17 950 1073 7
8 79 700 7
15 82 346 7
13 664 1040 5
20 986 1153 3
6 901 1336 9
20 85 222 9
20 678 1206 8
12 302 969 5
18 397 1355 4
4 308 1343 3
1 921 1290 2
15 282 536 1
10 22 212 1
1 1155 1272 3
1 689 1198 4
3 112 151 3
20 24 89 4
7 21 110 10
6 453 1051 9
15 602 850 8
6 530 911 6
12 98 794 6
14 65 273 5
15 129 1199 6
11 36 119 3
3 446 657 4
12 387 742 7
14 1067 1379 3
20 715 1045 8
4 89 146 6
9 942 1044 7
5 9 29 10
15 311 810 8
18 264 533 7
9 332 703 7
4 422 801 1
13 228 983 4
20 269 828 5
12 53 224 2
8 442 503 1
7 290 371 6
16 594 1170 8
6 65 159 8
14 167 335 4
14 147 518 2
19 32 668 6
14 450 475 2
7 1010 1376 6
7 148 801 7
18 612 787 9
11 417 1240 2
2 515 860 9
2 1011 1081 1
16 395 1384 2
13 856 1332 3
14 430 889 9
7 100 485 2
6 482 516 10
19 55 128 5
13 54 382 10
3 192 228 6
20 42 227 4
15 7 29 6
7 200 284 5
1 304 360 4
2 1037 1075 9
6 544 978 5
11 15 27 3
9 59 266 9
14 179 1051 3
20 573 628 5
15 568 810 5
9 906 936 1
5 121 996 6
18 29 865 5
14 60 930 10
2 526 1295 9
16 25 897 1
3 108 269 8
3 207 829 5
15 270 1041 3
3 4 49 3
4 821 1242 8
12 869 1122 9
12 122 287 1
10 900 1071 1
15 96 1067 4
20 215 1002 7
16 170 405 6
18 25 768 7
8 85 1141 8
12 34 166 7
15 182 275 2
17 17 78 4
15 1264 1301 5
2 799 1029 8
16 442 908 3
11 107 618 8
8 597 1277 5
6 1 1168 7
10 233 261 4
20 215 1302 9
20 307 399 7
4 359 436 7
18 402 986 2
6 790 1054 6
17 668 1219 5
3 408 619 10
15 172 226 5
11 235 1285 10
19 436 876 2
4 258 1206 1
20 968 1005 8
6 75 294 6
18 485 929 3
5 353 440 3
6 458 854 3
4 1061 1200 1
16 197 224 8
14 497 1333 2
1 118 549 2
11 419 833 6
5 320 332 5
18 109 1283 4
3 61 81 6
20 3 53 9
20 498 791 3
15 357 547 3
5 66 98 9
17 184 650 3
8 40 852 7
16 39 256 6
18 137 163 10
7 67 213 6
5 544 989 1
4 150 722 10
17 644 1217 5
19 443 1119 8
