500
14 1811 2601 9
5 1016 2006 8
14 244 1093 6
2 632 2134 4
3 2608 2647 2
10 56 665 7
17 575 2496 9
8 2053 2634 8
5 267 1462 2
14 697 1191 9
9 235 2171 10
17 210 358 7
18 954 1767 2
18 951 1123 1
3 40 294 6
7 1956 2279 7
5 581 1541 10
13 17 1378 3
8 696 967 10
20 166 293 6
8 87 135 2
20 1156 1469 2
9 107 304 6
1 921 1148 10
7 650 1178 3
7 814 1081 4
20 49 1735 3
3 331 383 8
2 210 1514 6
18 1920 2242 6
14 2010 2143 1
5 423 498 6
17 130 353 9
9 751 1346 9
5 1856 1899 2
8 915 1117 3
4 177 215 1
9 189 1448 3
20 488 1491 7
5 400 1342 4
2 185 301 10
14 612 1117 9
5 195 1947 10
14 305 567 10
17 399 635 9
3 261 1176 8
2 562 2338 4
18 220 2132 4
19 911 1335 4
6 1285 1779 6
2 1983 2279 2
14 106 244 2
19 207 376 1
5 1462 1801 10
17 15 1294 9
15 196 840 4
8 914 1686 6
10 375 1993 8
8 878 1399 5
7 8 337 10
4 449 474 6
1 60 869 4
1 279 1425 7
4 2099 2505 8
4 40 96 2
7 1450 1680 7
8 1367 1759 7
6 282 1172 10
7 1339 1409 6
19 168 1124 3
15 441 1130 8
2 39 179 10
4 179 885 8
9 524 1566 6
19 792 1311 2
20 1323 1543 5
2 967 1506 4
9 1309 1456 6
4 25 1443 4
4 2306 2457 3
17 1410 1697 5
15 92 2070 8
11 448 1015 2
20 1297 1538 8
5 140 280 6
9 995 1752 9
11 544 570 2
4 1252 1605 5
9 247 2357 1
4 650 1956 3
5 977 1613 7
18 388 937 1
4 1744 2286 9
12 15 802 1
5 331 622 8
16 945 1860 10
8 37 85 7
8 796 1371 3
1 35 1637 4
9 1975 2237 1
16 1216 1671 8
7 604 621 4
16 18 2531 2
20 1028 1749 10
5 78 107 10
3 19 46 2
4 440 747 10
2 26 883 3
12 462 1307 8
11 299 496 7
11 217 400 10
10 932 1651 6
16 313 2149 5
10 1048 1442 9
16 24 1222 9
8 378 444 1
13 591 707 1
9 1629 1875 5
6 363 999 6
5 1059 1245 1
19 200 302 7
16 1210 2602 3
12 358 1385 7
16 267 627 5
11 189 400 2
14 64 260 4
17 500 2227 8
11 137 1963 9
5 200 305 8
12 371 471 4
14 1137 1243 1
4 6 368 4
13 238 1598 1
11 199 473 2
10 1077 2355 6
19 214 1744 1
11 774 2360 5
16 594 1357 10
4 234 1532 3
20 68 145 2
13 254 2429 1
8 1503 1554 7
4 2225 2461 1
5 2 77 9
11 188 306 7
6 1429 2017 5
20 335 526 9
8 188 1035 9
10 1443 1509 5
13 846 2303 6
4 183 232 7
20 996 1467 10
5 2133 2205 7
17 497 995 4
1 563 1905 7
13 1252 1316 1
17 1019 1643 5
15 848 2368 7
14 148 911 6
3 167 243 6
17 45 341 7
12 211 852 9
7 1750 1860 5
2 562 2473 7
2 813 2498 10
9 1422 2325 8
12 512 767 5
19 137 1234 10
1 1322 1475 5
8 359 382 6
6 734 1420 10
16 686 856 10
20 298 393 3
14 140 261 6
3 57 2042 8
4 897 2237 9
7 397 2314 2
14 616 664 5
3 381 1284 2
13 2312 2621 8
11 14 109 2
5 589 1507 2
4 979 1117 10
10 1674 1793 4
10 340 446 8
13 942 2137 3
4 8 67 6
6 257 431 10
19 1085 2179 7
18 262 308 2
16 821 2259 6
10 1106 1220 4
16 604 1289 6
8 222 1971 5
16 585 1155 5
17 429 1678 9
17 610 2413 7
1 955 2444 2
14 2328 2526 7
15 274 1059 1
16 51 345 3
1 1054 1064 4
2 237 595 9
15 737 1011 8
18 19 48 8
12 330 348 5
6 43 501 6
20 63 114 10
14 1182 1823 10
8 2275 2413 7
12 203 374 10
12 872 1351 1
19 213 410 8
10 1087 1423 6
11 431 570 2
6 1543 1733 3
20 237 299 9
7 1429 2061 6
11 1191 2562 2
6 151 1832 9
17 0 271 6
13 213 282 1
18 660 1036 4
12 155 200 4
13 144 590 1
10 556 1874 8
6 21 52 1
10 186 340 8
14 1282 1724 1
9 1510 2237 4
9 1392 2297 2
5 337 1402 8
11 612 2626 4
10 785 2323 5
4 280 827 5
10 408 1876 6
13 2102 2557 6
17 300 2256 10
8 871 1222 6
3 350 704 6
5 896 1262 2
19 1395 1469 6
14 60 184 6
20 1514 2327 9
8 406 1921 6
17 27 142 5
14 19 1661 10
10 281 586 7
8 1082 1265 9
11 322 2125 6
18 1493 2057 2
4 1189 1357 2
12 699 1448 10
3 169 890 8
6 1576 1596 5
8 258 285 2
18 438 1296 9
2 82 541 3
5 87 159 8
2 298 470 10
7 207 954 7
2 161 1636 6
13 379 786 10
18 1492 1585 8
1 583 1614 2
13 1042 1753 6
2 273 2434 6
14 1424 1931 2
1 360 536 8
20 637 1121 8
9 35 60 3
13 107 159 9
5 33 290 8
13 542 1942 8
18 139 2150 3
10 1034 1146 7
17 296 1819 6
5 1167 2109 3
1 126 308 6
11 82 1558 6
1 906 2367 5
15 368 1554 2
18 442 891 9
1 13 37 3
5 752 1638 10
5 973 2523 5
16 232 404 3
12 1096 1640 2
20 380 450 3
8 462 2630 10
7 630 2017 2
17 204 393 8
14 1843 2473 10
14 1818 2429 6
8 144 849 4
3 1312 1664 5
5 83 234 4
16 1151 1825 1
10 219 278 6
1 639 1064 4
14 97 285 4
11 611 1767 9
1 13 305 1
18 170 2027 6
19 174 1463 2
7 240 1042 9
5 456 1121 6
5 450 783 9
12 25 647 10
10 473 823 9
4 409 1570 5
19 64 162 9
18 354 2216 8
5 622 799 4
11 2364 2423 6
13 525 1523 5
4 498 1284 1
5 78 200 1
13 1361 1726 10
16 1001 1143 7
2 2172 2619 2
14 106 554 3
2 817 2071 3
5 661 980 7
3 20 190 9
9 63 1055 6
2 1103 1349 2
4 23 31 3
9 176 812 7
1 1301 1365 3
16 1922 1977 6
1 260 458 4
11 63 1462 9
13 62 1990 3
7 791 893 3
6 1098 2468 7
4 682 1629 9
16 1196 1586 1
16 128 165 7
16 770 1770 6
12 1303 2106 6
5 1519 1890 7
3 792 1552 1
9 1475 2229 1
17 232 1017 10
12 110 269 10
19 350 757 6
18 2 399 6
3 1110 1746 4
15 1259 1724 3
13 574 1719 1
6 161 913 10
13 444 480 9
8 104 1191 3
8 147 599 2
10 926 2085 8
19 109 1478 5
14 51 438 3
6 260 715 4
5 98 2610 5
9 45 548 7
8 177 1734 4
14 1051 2113 4
15 60 451 7
20 425 743 3
18 115 291 5
19 513 571 6
19 953 2107 6
6 395 746 4
1 1058 1668 4
14 126 182 2
14 151 1178 7
11 770 1193 8
20 473 2326 5
18 19 842 7
7 569 1964 8
3 1056 1733 3
17 789 1421 1
13 433 1818 10
5 686 1019 3
2 640 2082 8
6 1369 2160 2
6 140 389 10
18 390 641 5
11 526 757 1
19 1627 2236 10
7 682 1961 9
16 1163 2585 3
20 885 1714 8
18 248 1745 9
8 1588 1661 3
15 548 2196 4
19 1817 2254 2
8 1217 2038 7
15 241 1059 9
19 81 2055 4
3 381 403 8
5 1702 2256 10
19 1990 2489 6
8 214 2615 6
19 273 1112 6
19 1479 2449 9
15 2 495 5
8 443 1469 3
11 134 1692 6
2 393 2437 9
2 370 1551 4
18 112 154 8
1 718 1277 10
5 692 2089 2
13 1005 1591 3
15 31 621 7
4 1978 2472 6
16 1209 1553 6
13 287 1331 9
7 1142 1370 5
8 814 1428 4
20 720 1939 8
8 22 108 10
13 154 195 6
15 319 702 2
2 806 2556 2
17 503 840 1
6 1100 1212 8
19 61 2390 5
18 271 742 10
6 32 55 3
18 994 1295 7
18 47 71 3
13 680 1800 2
13 855 1129 9
13 888 2136 7
5 120 1501 7
11 18 1662 8
8 913 1357 1
9 546 2088 2
7 1234 1313 8
9 25 197 5
4 1631 1788 6
16 625 1966 2
6 614 921 1
13 1109 2354 2
20 348 2503 4
4 1917 2174 2
10 223 244 3
19 156 954 1
6 988 1440 5
18 547 1124 9
11 950 1754 5
19 458 1997 3
11 1159 2617 6
8 237 1071 9
1 7 636 8
13 173 2341 6
16 538 1551 4
11 29 286 3
10 123 357 6
18 69 109 6
5 769 2334 5
14 533 1269 9
9 513 700 4
6 1366 2448 2
3 528 855 4
17 1530 1918 9
17 797 1399 6
20 160 1268 8
13 218 443 6
12 796 895 8
14 470 723 8
3 577 623 3
15 508 697 7
8 588 804 1
16 555 2249 7
13 17 106 8
13 1153 1739 4
14 535 1638 1
15 60 198 1
16 625 2574 3
6 1165 1388 3
15 1475 2394 8
18 58 785 8
14 8 1466 3
9 2264 2328 8
14 1553 2503 10
20 7 78 2
19 275 1292 5
6 139 261 5
2 227 442 9
20 214 1180 3
7 137 1893 5
15 826 1556 2
5 343 405 6
17 366 2551 9
20 130 175 6
16 127 1434 4
10 427 1012 4
1 1240 2020 5
7 308 1699 10
19 151 531 1
13 1981 2287 10
