150
17 54 482 5
15 16 316 6
19 129 273 5
8 489 642 9
6 182 246 7
9 213 559 10
10 56 567 1
18 441 789 4
19 80 590 9
5 170 296 10
9 197 301 3
6 636 721 4
9 45 454 5
20 48 75 8
20 4 83 5
17 101 649 8
4 135 544 6
8 478 564 6
19 31 302 8
9 198 226 1
17 341 788 10
8 507 524 5
10 53 116 4
19 268 817 7
18 371 637 4
12 137 304 7
2 16 44 3
3 71 82 6
5 106 229 4
3 90 443 5
10 331 379 7
18 127 593 8
18 409 841 8
16 257 635 10
14 26 378 4
9 111 201 2
9 320 747 2
3 500 554 5
19 41 66 9
18 17 648 1
11 84 126 4
18 44 111 7
19 172 610 2
13 23 104 10
10 100 139 9
8 432 505 6
12 27 504 10
12 13 405 3
3 247 633 6
12 520 837 8
12 347 644 10
1 513 760 6
18 236 324 4
4 305 500 10
2 115 617 7
14 274 705 4
9 295 606 1
19 39 73 2
16 141 666 3
18 295 438 7
3 158 329 9
10 145 228 9
19 143 416 9
13 682 837 5
13 497 816 10
7 89 141 4
6 96 747 2
11 133 236 6
7 307 707 4
16 84 105 6
20 287 600 8
18 427 459 8
4 155 800 1
3 12 134 6
1 637 837 5
10 112 220 10
14 211 751 10
13 55 215 8
11 56 251 2
13 1 175 1
16 495 665 8
6 59 554 2
8 3 30 4
2 253 437 4
10 89 196 4
17 250 743 5
9 51 100 4
15 742 846 4
19 230 808 7
14 170 611 10
15 153 186 1
9 141 711 2
10 193 317 4
13 386 662 4
10 741 752 8
1 153 257 2
15 20 217 8
16 126 150 3
9 298 714 8
8 615 797 9
19 322 581 9
2 378 739 7
12 672 752 1
10 113 363 4
4 84 245 3
16 263 280 9
10 394 442 7
7 599 681 8
6 351 783 2
14 246 631 10
14 296 335 8
17 129 593 7
8 40 153 7
15 0 99 7
13 19 348 5
20 22 61 3
6 277 301 9
20 317 520 9
20 5 36 8
12 121 274 5
18 78 189 4
4 139 263 3
1 177 576 2
15 22 82 1
10 67 258 1
1 5 14 3
1 313 578 4
3 252 335 3
20 471 746 4
7 173 291 10
6 279 684 9
15 174 780 8
6 198 257 6
12 311 549 6
14 43 269 5
15 433 738 6
11 32 125 3
3 150 164 4
12 80 523 7
14 392 466 3
20 124 181 8
4 77 605 6
9 24 45 7
5 578 719 10
15 383 467 8
18 232 643 7
9 583 835 7
4 438 555 1
13 36 461 4
20 176 216 5
