200
18 2657 2681 10
16 112 140 2
6 2921 2974 9
5 2429 2458 6
14 1450 1485 6
14 1084 1126 1
14 123 149 3
14 2473 2487 7
17 1918 1948 14
17 2322 2381 10
15 2942 2972 10
12 1495 1544 7
18 1088 1151 4
17 115 161 9
11 1683 1700 5
9 465 475 2
13 474 510 5
16 409 441 14
7 2558 2600 6
17 658 703 8
12 1494 1517 4
7 2567 2615 11
17 1272 1327 7
11 365 422 5
11 511 548 14
19 504 541 14
13 325 370 9
11 1507 1518 5
12 2431 2478 10
8 462 505 12
9 574 616 14
14 2151 2191 7
17 2146 2203 9
9 84 113 14
17 2710 2753 5
18 2941 2964 8
15 1993 2033 3
14 1108 1153 3
9 193 228 3
17 2022 2048 2
6 2535 2563 10
11 504 542 10
13 1047 1064 12
16 2948 2979 2
8 2158 2198 10
7 1332 1372 4
7 1692 1706 2
7 91 130 8
16 2994 3034 1
5 841 856 8
6 995 1004 3
5 2205 2213 1
11 2700 2756 10
7 266 319 14
9 133 152 10
15 2396 2428 1
11 2615 2659 4
18 26 81 6
8 1133 1185 6
8 1011 1055 13
12 717 733 9
15 411 451 12
17 814 839 8
19 2229 2251 6
6 57 86 12
11 1471 1515 7
8 1138 1162 13
9 347 378 14
14 1278 1301 3
16 2970 2992 4
6 1812 1855 5
17 1305 1361 10
13 2134 2191 10
6 2861 2868 1
16 1959 1997 3
8 2264 2302 7
16 507 570 4
7 2395 2412 11
18 2484 2538 1
16 1604 1655 6
6 1753 1764 8
11 1319 1339 8
6 1166 1173 8
14 806 835 7
16 1312 1356 9
7 795 825 6
19 1592 1622 12
6 1410 1442 14
10 229 244 8
12 690 715 1
16 2364 2384 4
19 154 218 9
14 2097 2145 1
13 2494 2543 14
9 1813 1850 4
18 136 170 7
17 1088 1107 4
6 1713 1753 13
12 2309 2341 6
9 1407 1428 3
16 2746 2800 7
16 2862 2896 5
5 2975 3024 2
7 642 675 4
15 44 105 10
11 2440 2494 6
10 2845 2876 10
16 2130 2147 2
14 1775 1800 9
10 1953 1986 6
15 2562 2624 5
18 1099 1127 7
8 2958 2996 13
10 1660 1714 7
17 2664 2707 6
16 350 381 1
14 1588 1625 7
15 2347 2383 10
19 2601 2644 6
5 943 970 9
10 1490 1538 10
7 208 225 3
8 2249 2282 13
19 1616 1677 14
18 2588 2618 9
14 2855 2888 3
19 2818 2865 5
17 2371 2406 13
5 724 754 10
16 345 385 13
17 2926 2963 1
12 690 709 8
17 2413 2461 10
5 1497 1504 2
15 335 381 5
15 1218 1266 7
5 624 674 13
9 554 589 14
15 2329 2360 6
15 1419 1442 10
6 1833 1843 2
13 166 203 2
19 718 774 9
6 2496 2525 12
7 682 693 5
12 1112 1128 2
16 576 608 10
17 1692 1712 12
16 1837 1867 5
12 2673 2693 13
8 2025 2035 3
10 258 292 9
9 1638 1682 6
5 1189 1237 9
9 21 72 10
11 1420 1475 7
11 861 890 4
14 1247 1299 8
10 2374 2393 9
17 1355 1412 12
5 1983 2001 9
11 24 53 6
18 1789 1823 10
9 1540 1587 8
18 661 699 5
9 539 587 14
5 119 139 11
8 2752 2788 2
6 707 753 7
15 1802 1846 6
19 1524 1582 4
7 2210 2237 4
19 1393 1420 2
5 1841 1860 5
15 585 640 9
13 2156 2176 8
16 1708 1746 1
18 81 100 14
7 2742 2768 9
11 2273 2329 1
15 1813 1846 5
14 1518 1579 12
17 2896 2937 14
9 2260 2315 3
16 807 851 3
7 1921 1961 3
14 1351 1405 1
7 1606 1647 5
18 149 204 11
7 997 1018 12
6 2000 2041 14
13 819 851 13
11 1073 1130 7
12 1901 1914 1
18 995 1038 10
16 2452 2493 12
5 1853 1865 1
8 2571 2595 7
10 261 283 14
6 821 871 4
