400
8 3397 3418 5
6 259 270 2
17 2201 2226 14
11 150 196 7
10 2192 2231 9
6 770 801 8
12 5459 5477 2
8 3379 3420 10
11 4852 4873 4
8 5139 5151 2
6 3985 3996 2
10 2211 2266 9
11 5458 5489 4
7 4256 4291 3
9 5032 5063 11
15 5184 5231 8
8 1822 1874 2
18 4628 4673 6
12 3657 3677 10
10 2118 2130 13
12 1225 1270 10
9 3337 3372 6
5 3672 3690 4
16 5182 5210 14
7 4599 4644 1
10 5915 5958 1
6 1205 1248 1
17 211 249 4
16 3994 4019 7
13 2626 2646 12
7 4453 4477 7
10 704 737 1
19 3203 3235 8
13 4731 4783 9
18 5801 5851 8
16 623 682 10
11 3414 3425 12
19 1695 1754 14
11 1236 1267 1
15 618 640 10
19 1686 1710 13
14 4617 4634 14
15 4137 4181 9
7 4573 4618 8
5 3220 3267 13
16 4195 4243 12
5 4153 4169 8
16 3825 3841 1
8 148 157 6
13 1640 1693 6
18 1993 2058 4
6 3937 3971 4
6 5831 5880 14
11 994 1040 5
18 1465 1509 12
19 4584 4639 4
16 512 535 14
13 5708 5731 11
10 4364 4402 1
9 1376 1417 11
6 4579 4607 2
13 929 963 6
11 2310 2342 12
12 2964 3017 9
19 240 300 13
8 5450 5471 7
9 3176 3191 3
15 2862 2900 12
13 667 696 1
19 5219 5249 13
18 3828 3893 14
6 2248 2288 3
7 4871 4906 1
17 1797 1836 14
8 2383 2408 4
16 3933 3984 5
16 3045 3090 3
6 5500 5514 7
6 4585 4604 12
14 4040 4073 10
11 4152 4198 12
15 3858 3913 10
6 2646 2687 8
10 1300 1337 10
15 2179 2194 3
9 4225 4266 9
11 248 278 12
16 1977 1994 2
11 1576 1607 11
7 660 691 8
16 5409 5439 8
11 3108 3135 13
6 170 207 5
12 437 473 5
13 1221 1255 7
6 4559 4580 12
16 3628 3677 8
8 4592 4624 8
6 1604 1649 14
12 5971 6006 3
10 3822 3860 5
7 5693 5718 12
15 4643 4664 11
18 1516 1567 2
14 4198 4243 9
9 1545 1584 6
17 2339 2390 12
12 4196 4229 7
11 276 315 2
19 4172 4212 3
9 696 748 4
14 5894 5952 2
16 11 29 5
19 4867 4932 1
14 1986 2035 10
19 700 765 7
5 4318 4326 4
13 3991 4022 13
7 1750 1798 9
8 2257 2300 14
15 159 220 8
11 3315 3336 14
15 5845 5889 9
17 4254 4291 14
13 720 753 11
13 5185 5229 6
12 642 671 6
12 960 1014 1
14 4165 4185 14
7 5756 5787 9
17 432 486 2
11 3359 3415 12
14 5904 5954 11
12 1358 1416 12
14 144 200 9
6 1015 1026 6
12 291 334 4
8 5986 6021 9
6 342 379 12
5 914 963 8
10 625 674 1
7 1059 1088 7
17 5092 5131 11
5 3611 3625 12
6 5772 5823 2
17 1946 1970 13
10 2461 2486 3
8 3627 3656 13
13 5991 6005 7
19 947 974 6
10 4530 4583 8
6 2351 2366 13
10 3059 3105 2
16 5639 5672 4
10 3319 3370 6
16 591 620 11
17 853 876 3
9 210 245 5
9 4750 4801 8
12 135 156 8
19 4478 4537 1
7 4750 4785 5
9 1450 1475 10
8 1409 1455 7
11 177 197 12
12 2421 2464 12
19 3996 4025 14
11 1704 1728 5
17 4047 4076 7
18 2834 2864 2
6 2536 2551 11
15 310 332 14
15 3373 3404 8
17 1472 1500 12
13 1824 1851 10
7 3894 3927 3
16 1612 1649 14
8 2040 2085 11
5 742 771 11
10 529 572 5
8 4430 4467 6
17 1877 1929 14
15 3421 3461 14
15 3539 3573 1
15 247 269 9
17 3347 3392 11
7 3064 3104 13
6 4551 4567 1
10 3304 3318 6
13 587 610 7
14 2473 2519 1
17 5573 5603 1
18 2213 2236 6
16 2263 2299 3
15 4098 4152 1
18 2858 2897 2
15 4639 4665 8
18 5619 5641 12
11 5558 5576 3
13 1824 1847 13
11 1130 1178 3
10 2409 2420 12
9 2424 2449 7
15 545 598 6
17 1511 1548 8
14 5267 5302 5
13 5817 5848 4
17 4359 4392 3
16 922 963 13
15 3724 3747 7
6 574 626 1
9 2189 2215 10
19 1908 1947 12
9 607 618 5
11 1671 1686 5
13 126 173 1
13 2409 2460 14
13 2917 2942 2
10 391 438 9
13 3540 3580 5
17 2474 2506 7
17 2329 2376 14
19 450 487 7
7 4954 4982 13
19 1482 1533 6
5 1719 1741 5
19 4905 4951 8
12 4650 4701 14
7 3933 3981 3
14 2648 2707 13
17 31 64 9
5 30 46 3
11 1523 1544 3
11 902 957 3
10 5014 5026 14
19 4034 4095 4
8 592 621 5
16 109 145 9
8 3730 3740 12
18 3039 3100 14
18 2807 2867 11
16 5287 5318 4
14 5508 5538 7
7 2640 2653 5
12 4825 4845 7
16 3374 3412 14
6 143 193 1
19 3056 3113 11
14 4041 4057 13
19 3213 3248 14
5 5541 5585 4
8 1209 1234 13
12 458 493 3
15 2127 2149 5
5 3417 3439 11
6 5413 5436 8
6 654 667 6
11 1117 1163 3
11 5038 5076 6
10 1072 1129 9
6 1016 1025 14
16 2722 2781 7
8 1654 1684 1
19 4899 4935 2
16 1563 1623 12
15 106 131 14
16 2963 2981 13
18 2233 2253 13
19 168 222 6
9 3438 3486 13
13 2441 2485 5
13 1869 1923 1
10 4226 4259 11
12 2936 2975 2
15 3512 3541 12
7 4537 4560 5
17 908 950 1
19 5860 5893 1
13 3461 3490 7
14 4232 4276 6
19 2648 2709 13
12 1804 1825 14
16 1121 1141 4
18 1875 1937 7
14 5065 5105 5
14 3306 3340 10
19 3407 3438 3
18 4919 4972 8
17 609 636 12
10 2185 2204 6
18 4098 4156 12
5 316 363 12
15 2835 2860 1
11 3956 4013 9
7 796 827 13
17 1358 1419 3
8 4545 4564 7
9 5972 6010 1
10 1071 1127 4
15 2087 2149 11
9 637 691 7
15 4197 4259 6
7 4494 4541 14
5 4194 4212 2
19 1899 1951 1
17 4528 4556 6
16 1707 1748 8
17 1129 1160 5
13 1005 1056 9
18 2689 2734 6
16 1802 1818 14
11 2246 2299 10
8 5237 5260 3
14 2337 2389 11
5 3308 3327 8
19 2389 2419 8
9 2438 2474 4
13 4157 4176 2
19 3540 3579 9
16 4239 4263 14
12 3826 3880 9
7 460 470 9
7 260 284 9
5 2207 2238 7
18 5643 5707 6
5 28 70 6
6 1152 1181 2
13 4304 4359 13
15 1461 1498 9
10 1045 1076 5
13 3721 3772 5
16 572 604 1
12 3746 3794 7
18 4098 4127 7
11 4002 4027 11
17 4493 4515 11
8 2692 2723 1
18 238 256 4
6 2861 2883 10
9 927 936 10
17 4285 4318 4
18 3268 3298 12
13 2093 2135 1
10 939 992 2
6 4465 4487 12
12 1805 1841 2
12 1637 1654 5
9 909 933 13
7 2017 2048 9
19 4245 4293 5
15 1927 1966 14
18 1262 1282 9
19 2529 2555 13
19 3958 3979 9
12 3477 3496 10
16 2761 2808 3
5 2915 2966 8
16 3098 3146 9
5 2243 2266 8
5 4216 4235 9
19 2904 2937 11
15 3724 3772 7
12 5489 5544 11
18 5143 5199 14
5 1077 1121 14
5 294 311 3
7 4084 4124 12
12 1407 1420 13
12 810 863 4
12 3123 3144 8
14 941 991 10
19 3676 3702 5
15 4028 4081 5
7 350 359 2
17 3455 3479 12
18 5479 5530 14
16 2779 2809 6
11 3568 3594 11
17 1853 1878 2
7 1467 1481 5
17 5980 6030 5
8 4740 4756 14
12 2409 2445 8
10 3315 3342 6
19 3535 3569 7
7 2438 2466 7
5 4565 4595 10
19 2617 2660 8
17 4184 4227 12
19 3887 3922 14
8 4852 4870 12
16 4887 4924 14
16 1802 1820 14
14 1529 1560 10
6 1528 1546 11
15 1577 1624 9
7 3494 3523 3
13 4400 4430 13
12 4661 4720 10
14 3000 3016 7
