350
9 3578 3622 14
16 1108 1164 5
9 3612 3624 10
7 4090 4102 4
17 3574 3618 3
6 3796 3814 13
18 667 719 7
17 924 946 5
15 364 413 3
14 4878 4935 10
13 95 133 7
10 3514 3536 3
7 143 153 5
15 3343 3396 14
14 1868 1898 5
13 4436 4460 13
5 4682 4691 6
6 4226 4245 8
6 1798 1821 14
19 720 741 1
9 4671 4694 2
8 740 780 13
9 3755 3783 9
13 3467 3497 7
14 2603 2627 4
11 1269 1312 1
6 2278 2315 11
17 4070 4097 10
18 3134 3184 14
10 4171 4227 4
5 3815 3834 11
10 3984 4039 9
9 770 821 7
18 285 345 12
9 4958 4975 1
16 5134 5175 5
12 915 941 11
10 4059 4105 4
19 2640 2664 9
11 1171 1183 5
10 3625 3658 11
11 3010 3065 13
14 3463 3508 7
17 4404 4424 3
9 3150 3202 4
6 1166 1209 8
14 378 405 10
7 3080 3121 7
12 4170 4219 10
18 129 176 10
7 3684 3699 11
13 3212 3253 1
16 2200 2228 14
13 163 214 11
16 3997 4054 2
13 730 778 11
17 919 961 1
11 210 237 7
11 2400 2419 4
18 3295 3321 3
8 1965 1993 8
8 1789 1824 13
14 2682 2709 13
17 3642 3669 8
17 2350 2404 1
7 2277 2292 1
14 6 21 7
7 1467 1484 1
11 1564 1582 12
11 4954 4973 7
9 3688 3726 2
14 3456 3479 5
12 2261 2289 1
9 3188 3223 7
13 3854 3908 13
10 5031 5048 1
19 3118 3178 9
7 2346 2369 7
7 4887 4908 4
9 3141 3171 10
7 303 321 13
16 1101 1159 8
18 2751 2773 10
9 256 268 12
17 2509 2556 8
13 1793 1846 2
13 1567 1583 5
9 204 231 1
18 1521 1551 6
10 4986 5040 10
14 126 144 5
14 4649 4665 7
10 4104 4141 3
13 1311 1344 4
7 3226 3265 10
5 4315 4356 14
11 3153 3186 11
15 3382 3416 10
7 195 217 11
9 4121 4169 3
7 48 58 5
17 3653 3678 7
9 3659 3694 4
19 987 1020 3
9 2345 2383 14
15 2251 2270 11
5 2897 2926 10
16 14 54 6
12 5170 5225 3
6 2533 2563 2
17 2509 2530 8
19 4590 4614 5
17 4672 4710 10
17 1067 1087 7
12 4135 4151 3
7 1571 1585 14
15 3953 3989 9
13 397 433 13
5 1494 1501 3
14 2461 2488 2
16 3098 3117 14
19 3772 3811 4
16 5028 5050 7
9 4722 4772 7
12 275 326 6
7 895 944 4
7 2200 2215 5
18 1583 1627 1
18 192 236 8
18 2294 2338 14
9 2677 2704 8
13 447 493 9
14 2775 2794 13
14 3674 3709 5
13 1908 1964 4
19 371 405 12
8 733 788 11
9 44 80 13
8 3229 3265 13
12 3611 3628 11
12 2915 2928 2
11 220 259 5
16 4384 4414 5
8 2393 2419 9
6 2701 2727 4
16 2776 2801 2
11 3123 3159 5
7 3636 3682 4
6 4171 4178 4
19 3511 3532 2
7 2351 2395 1
13 2968 2986 10
19 841 891 8
7 4676 4724 2
7 577 596 8
7 1193 1244 14
12 4347 4399 8
5 2719 2753 8
12 3818 3851 13
7 1572 1607 5
18 1752 1774 7
11 5054 5095 11
13 4390 4412 11
5 3808 3836 9
15 2847 2872 7
16 4034 4081 14
7 3711 3750 12
14 2913 2940 2
19 4355 4379 5
9 4326 4365 10
6 1663 1705 7
15 4771 4800 7
14 3208 3266 1
18 4527 4557 2
11 4887 4927 4
12 4655 4709 3
15 2059 2082 6
6 1747 1780 10
15 1871 1904 12
14 5098 5131 6
7 1206 1230 9
17 2289 2332 7
8 7 44 14
18 4984 5043 3
14 573 603 1
7 1337 1370 4
16 3145 3167 3
16 522 581 13
13 1948 2006 2
9 5012 5032 9
10 16 32 4
8 2395 2431 1
14 2084 2115 8
8 1243 1282 4
14 3175 3193 3
8 775 809 12
18 2131 2186 2
5 1687 1697 13
12 335 373 7
17 1948 2004 13
7 5080 5103 13
14 1752 1811 8
12 3456 3485 13
15 1072 1123 7
14 3576 3633 8
13 799 822 6
15 3655 3686 4
12 3373 3385 7
5 2228 2249 1
17 4463 4490 2
7 119 158 9
12 4051 4107 5
15 4933 4953 14
17 48 79 11
7 4275 4323 11
7 950 966 2
16 4111 4148 11
8 1521 1537 1
9 5141 5171 8
18 1854 1911 8
18 4081 4138 1
18 1751 1808 10
5 2975 3023 14
11 4355 4405 5
8 816 843 8
15 428 487 7
15 1543 1562 1
6 820 835 8
18 4480 4501 10
10 1724 1757 5
9 1468 1518 13
7 751 788 4
5 4431 4483 7
8 2133 2166 6
18 4885 4905 6
12 1069 1119 14
8 1090 1145 8
17 110 146 7
10 1311 1344 6
7 574 599 4
5 731 764 8
16 4512 4533 7
13 1372 1403 12
13 245 292 2
10 4215 4239 14
8 1616 1671 4
18 3404 3448 7
15 3646 3699 4
14 2488 2548 11
7 709 750 12
15 2426 2481 7
10 4706 4716 14
16 762 783 12
12 809 852 10
14 1494 1529 4
12 1927 1970 1
9 1520 1555 3
19 411 451 11
9 2307 2325 2
6 4516 4543 9
18 3605 3646 11
17 1417 1440 8
11 4973 4996 1
14 1925 1972 3
5 1557 1565 3
15 1612 1629 7
9 4959 4975 2
18 3089 3112 5
14 1428 1450 11
16 5091 5148 2
6 675 700 8
6 2716 2722 10
16 2148 2193 6
5 3287 3337 6
19 912 940 8
11 2875 2922 10
17 4536 4581 5
18 5219 5249 10
19 4421 4487 13
8 4121 4161 6
14 3177 3236 7
16 151 192 4
5 629 666 11
9 865 879 3
14 1718 1771 4
17 2697 2717 4
18 4064 4117 6
6 4370 4412 10
9 2189 2203 2
13 2863 2887 4
10 4636 4680 11
14 3281 3340 2
12 2592 2618 10
10 465 493 8
9 3026 3039 7
15 1847 1863 10
12 4662 4685 14
14 628 665 4
7 3700 3741 9
15 177 208 3
8 4058 4070 14
6 1597 1647 1
17 2493 2514 14
10 4776 4797 10
9 788 800 6
12 4484 4497 14
15 2618 2669 6
8 3974 3984 5
17 219 266 11
15 4738 4791 4
16 2689 2746 10
7 2753 2798 7
14 4960 4989 12
9 1408 1445 12
13 3072 3113 10
13 381 433 10
11 3077 3135 6
9 2962 2991 7
6 3277 3305 2
17 1459 1497 7
8 1600 1645 11
5 2338 2389 5
17 4937 5001 9
19 2818 2839 14
5 4426 4458 13
19 737 798 12
16 4324 4340 4
9 1010 1033 12
5 759 788 2
8 3750 3799 2
16 748 780 2
10 3540 3574 9
12 837 871 5
15 3281 3323 7
12 3898 3919 11
9 498 510 5
9 2711 2748 3
5 792 799 12
19 1594 1632 3
18 4421 4452 2
8 4488 4500 3
5 142 159 10
19 4081 4107 9
6 1281 1311 6
15 4249 4302 3
13 3448 3489 11
8 1248 1301 6
13 5016 5050 1
12 1770 1808 3
6 4985 5008 12
