300
9 934 970 4
8 3368 3416 9
13 219 240 13
19 3262 3298 9
19 4283 4342 3
16 1267 1319 9
19 3297 3329 8
12 133 147 1
13 3394 3449 9
10 371 400 13
12 2179 2198 12
14 3439 3497 13
9 3069 3088 14
11 1348 1398 6
16 2779 2809 8
5 3359 3395 7
18 4344 4394 10
7 4315 4354 7
19 2971 3034 13
15 1346 1388 6
11 696 743 7
13 2540 2584 14
13 458 496 13
13 1520 1566 7
15 3305 3335 13
19 4232 4287 13
8 3007 3028 1
14 4231 4262 3
17 384 443 1
19 1694 1713 1
15 1291 1339 10
10 1154 1177 1
18 2084 2131 9
10 2186 2199 12
15 1150 1210 9
16 3791 3842 14
14 1319 1349 8
19 1616 1681 13
10 301 353 6
10 3872 3904 4
13 3349 3407 9
8 2224 2249 5
12 4480 4508 1
8 2364 2393 1
8 2907 2942 13
10 1673 1712 14
13 2716 2737 12
11 2133 2178 9
15 2149 2183 3
6 3596 3635 12
5 2545 2577 2
8 2767 2818 6
7 3544 3581 13
14 2748 2778 4
12 3301 3329 2
11 1122 1136 13
17 4259 4296 12
18 2720 2763 14
6 1406 1413 11
11 4103 4155 5
10 557 596 10
11 1087 1110 10
18 1115 1138 3
9 2664 2687 10
7 3072 3082 5
19 3146 3208 4
18 4427 4451 2
8 2510 2536 7
19 2934 2998 9
11 2032 2080 9
14 1543 1600 12
13 945 980 12
11 4219 4250 3
12 3816 3855 9
6 1247 1283 4
6 527 560 7
9 216 226 3
8 3880 3935 5
15 1064 1118 5
7 2762 2802 1
7 1329 1348 8
18 4047 4096 1
11 3558 3583 11
18 217 259 7
9 2154 2208 1
19 4260 4308 10
8 4295 4315 13
14 3183 3198 6
8 1108 1146 13
10 331 350 12
9 1709 1727 12
11 4398 4422 1
17 4353 4376 5
11 454 501 2
16 3658 3720 3
10 3992 4045 14
18 2195 2259 6
7 3016 3038 14
15 4111 4129 14
19 3724 3756 7
11 2436 2493 3
11 3515 3566 11
9 3496 3506 7
12 3181 3212 12
12 3491 3519 8
6 2722 2762 6
15 1440 1456 7
15 2332 2376 3
15 4471 4529 5
9 3706 3728 4
9 3634 3685 8
17 1538 1584 14
18 4387 4414 10
9 2965 2999 2
5 3861 3887 5
7 4191 4199 4
5 4035 4072 6
11 2941 2959 6
15 2510 2553 1
6 930 948 12
16 4276 4335 14
15 925 963 6
10 913 961 6
16 2003 2048 4
14 3940 3956 6
8 919 968 9
9 1048 1100 2
13 3279 3297 4
14 1388 1431 12
11 1070 1096 1
16 3425 3446 14
18 1733 1772 3
5 80 121 11
5 1424 1437 5
8 3587 3639 8
5 687 720 9
10 3082 3124 12
16 1535 1557 13
6 1736 1750 11
17 717 762 2
5 321 352 8
7 4083 4098 8
8 1571 1612 8
6 2540 2551 3
19 3155 3216 6
19 3842 3893 14
9 2778 2805 13
16 3246 3269 7
10 1387 1421 4
12 3565 3590 4
15 1137 1169 2
11 2388 2419 8
13 1338 1365 6
18 125 175 5
15 4100 4122 9
11 2706 2743 9
8 4233 4244 10
13 3903 3942 11
18 3552 3615 13
5 3784 3801 5
15 3288 3303 2
5 1965 2014 6
19 3874 3936 2
13 1716 1770 4
17 2243 2274 13
9 2659 2705 6
13 2020 2060 8
7 3644 3653 14
18 4008 4063 10
5 3858 3901 11
19 2642 2664 6
8 4383 4414 2
11 498 538 3
12 542 554 4
13 3078 3120 1
12 3836 3858 11
17 1798 1815 4
6 453 494 7
10 1074 1086 4
17 1305 1364 12
15 3105 3157 12
19 2840 2891 7
11 2149 2170 13
11 428 463 2
12 2511 2544 6
14 3019 3072 2
17 2694 2724 12
15 1044 1063 12
7 624 656 3
9 2617 2666 9
5 362 386 13
18 2216 2281 4
7 4310 4357 9
16 99 136 14
16 709 747 1
14 4341 4381 10
9 2592 2630 12
8 1269 1323 4
15 2800 2845 7
13 2299 2348 4
15 796 857 14
13 4212 4227 2
18 4227 4248 6
17 1504 1536 8
17 3692 3730 13
19 3952 4007 13
16 36 66 14
5 2219 2235 13
19 1948 2009 3
6 2762 2770 6
16 2773 2828 14
14 3586 3609 8
19 3769 3794 2
8 2869 2924 2
11 985 1019 1
19 2915 2974 3
6 914 952 1
7 2157 2173 14
13 3282 3334 5
9 3037 3056 9
9 4098 4110 6
5 562 570 3
10 4303 4327 5
15 338 400 1
10 1767 1782 8
18 748 777 2
6 3806 3818 3
9 2297 2313 14
14 1908 1922 6
5 3833 3873 9
15 995 1048 7
19 2669 2707 6
13 2622 2679 11
9 1768 1804 4
9 2382 2431 2
11 716 747 5
11 3526 3570 11
10 772 786 4
14 3968 4001 13
6 2961 2976 10
14 1616 1671 5
7 362 400 4
9 3478 3520 13
7 2013 2024 8
19 4000 4046 7
15 2389 2446 12
16 3450 3492 9
10 2496 2511 13
9 2188 2197 11
15 2132 2188 8
17 1641 1680 6
9 1795 1848 11
16 3607 3640 7
6 2225 2256 7
18 706 753 8
17 3615 3675 6
18 2834 2858 9
16 3619 3648 3
18 2431 2458 4
11 1696 1707 6
8 3550 3598 8
7 3220 3248 14
12 3612 3626 11
19 2422 2471 5
6 2315 2351 2
9 2699 2741 12
18 1496 1547 9
6 114 124 6
9 3069 3096 12
17 938 972 4
17 1271 1333 3
11 3901 3915 14
12 2310 2350 5
16 820 843 6
13 3045 3073 8
15 599 658 11
9 2741 2771 12
14 967 1016 10
16 807 839 5
17 4099 4162 7
5 368 378 4
12 3142 3190 4
5 702 716 4
10 2909 2946 7
11 3630 3677 9
5 1671 1721 6
12 584 629 7
16 2650 2669 2
17 2280 2325 14
10 3089 3111 11
9 4109 4136 13
18 1921 1962 3
7 3630 3673 11
17 3970 3990 1
12 715 762 4
17 2485 2508 4
12 3583 3632 14
16 1877 1896 6
15 1977 2006 2
13 2047 2062 3
