450
19 4647 4684 5
10 5251 5303 5
11 441 463 9
17 4836 4857 9
12 3418 3433 5
6 5865 5890 3
19 6498 6519 13
7 6279 6302 14
5 1411 1451 11
18 4436 4494 1
15 6093 6112 10
7 6735 6782 13
9 4574 4602 10
15 1230 1278 9
7 4852 4860 13
13 199 249 11
12 1139 1185 4
19 1523 1549 9
7 2428 2462 13
11 3743 3769 6
6 1065 1073 2
19 3987 4025 13
11 5716 5744 11
10 4651 4676 8
16 5078 5113 14
10 1661 1716 8
16 3928 3949 9
18 1599 1630 4
8 1266 1296 6
16 2181 2227 14
6 2402 2430 11
9 6400 6427 9
15 4546 4587 2
10 1280 1336 6
19 1334 1375 3
13 4368 4387 10
17 5351 5369 9
18 4263 4318 12
13 5971 6020 13
15 722 772 4
14 1827 1884 4
19 2213 2260 7
8 1558 1583 12
11 2968 3010 8
16 2110 2166 4
14 5408 5466 4
6 3168 3189 1
18 3934 3989 10
9 521 555 13
14 1434 1477 10
12 3560 3600 8
8 3098 3117 8
14 4178 4238 14
16 4902 4926 1
11 4913 4934 10
19 6451 6498 8
5 6378 6392 13
14 2731 2781 12
9 6422 6456 9
14 3892 3953 3
16 1645 1670 9
18 2962 2991 11
10 846 866 10
11 4035 4090 7
12 4337 4396 14
18 4775 4831 7
14 4872 4899 7
9 1285 1323 6
9 1564 1584 5
12 4947 4970 11
10 1396 1409 6
13 4393 4432 4
9 4416 4456 3
18 12 67 8
8 5357 5377 13
16 5905 5948 12
5 4120 4134 10
6 236 270 12
5 4423 4436 4
9 5397 5431 13
6 3461 3479 9
10 3293 3326 4
12 183 220 1
17 2162 2191 12
7 3957 4003 13
15 3686 3701 10
13 2539 2583 10
8 4388 4409 6
8 5546 5581 3
17 3704 3768 8
9 4424 4475 5
16 4837 4890 6
5 9 23 5
7 6110 6146 10
14 4736 4776 7
12 1744 1783 4
9 6013 6038 12
9 4906 4949 1
5 4974 4996 8
8 894 926 6
10 335 379 5
10 6268 6284 5
5 1142 1193 5
6 6261 6273 8
5 2143 2179 3
19 1634 1656 13
6 6649 6658 8
19 2949 2996 7
6 1829 1843 9
13 5347 5376 9
9 2713 2737 12
15 5166 5215 13
6 808 858 5
6 510 554 8
5 5248 5256 11
5 5177 5200 1
13 3451 3477 9
16 2602 2664 7
10 3924 3950 6
10 2907 2952 6
15 1668 1709 12
19 5867 5933 11
15 6715 6753 5
13 6653 6713 2
9 4919 4949 1
16 6180 6232 8
10 2539 2556 6
17 6177 6224 1
6 4359 4395 2
10 1434 1463 14
17 5026 5060 1
15 3451 3474 14
18 147 187 12
14 2748 2768 10
17 4972 5027 2
18 5858 5882 1
6 6695 6713 6
15 1216 1268 3
19 6431 6456 4
12 5167 5179 6
6 1543 1567 14
12 2518 2555 4
9 987 998 4
10 6566 6607 5
6 5831 5877 10
9 6214 6232 2
14 6080 6104 12
11 5491 5530 1
7 3980 4001 5
19 2581 2615 5
13 744 803 9
8 188 242 11
12 3409 3458 11
16 3877 3913 6
17 1208 1257 5
18 2376 2441 10
16 5194 5240 10
15 5914 5944 5
8 5460 5468 13
10 3688 3720 14
16 4517 4558 3
5 328 373 12
11 1035 1076 1
6 2935 2953 11
11 1569 1618 11
16 4762 4820 3
17 1895 1922 14
10 1063 1084 13
6 6361 6373 14
8 1601 1653 3
12 1889 1939 2
8 1848 1882 1
15 1711 1735 2
14 96 132 10
5 6387 6409 7
14 2793 2808 2
8 4821 4862 5
6 535 558 7
19 1406 1470 10
13 3395 3418 3
15 5486 5530 2
11 3186 3219 13
13 1962 2000 8
18 1615 1678 10
11 6073 6129 10
8 4123 4144 9
18 2560 2600 2
16 6531 6581 9
13 2163 2180 13
6 5755 5791 12
18 1748 1788 3
16 2776 2794 4
19 1314 1333 5
7 3389 3414 4
14 261 282 9
16 6070 6123 8
17 4572 4607 9
7 4758 4799 6
16 6658 6717 7
7 4618 4645 10
10 6236 6258 12
14 5700 5753 12
15 4497 4530 13
13 2835 2872 3
18 449 496 3
15 5962 6016 8
6 5994 6013 2
14 6392 6446 5
9 2185 2200 3
11 2311 2335 10
5 5421 5438 12
7 525 561 14
13 20 56 13
19 4436 4471 6
15 5336 5383 2
11 3191 3219 6
8 1635 1661 7
17 2059 2102 3
16 3303 3360 14
16 1102 1144 8
5 1303 1345 9
16 6322 6372 7
6 1790 1836 13
18 5734 5771 3
11 3572 3618 7
16 5719 5768 3
14 4371 4430 3
17 6487 6538 2
13 5058 5082 7
10 521 547 8
11 552 603 2
14 550 582 3
10 3963 3988 1
10 6668 6700 7
16 6496 6523 6
14 2879 2903 2
9 5158 5212 4
8 3012 3049 7
6 1469 1513 1
18 1319 1372 3
14 4140 4162 7
18 4073 4121 10
15 3816 3839 12
9 3541 3571 7
14 4001 4046 10
10 678 720 11
17 4406 4427 6
14 3822 3845 1
16 1739 1773 3
12 4810 4850 6
14 1201 1239 1
11 1148 1166 10
10 2139 2169 5
11 974 995 13
10 6453 6469 6
14 3187 3241 2
6 1788 1813 7
14 1238 1272 2
19 2927 2961 11
15 5603 5622 6
15 5014 5062 14
6 4399 4438 3
16 5237 5255 11
14 1840 1890 5
17 5983 6014 4
7 2026 2059 5
16 3364 3396 14
5 2527 2549 1
9 5100 5135 11
14 616 654 14
17 813 840 9
12 2466 2512 4
6 1206 1250 10
5 3901 3941 11
6 3778 3817 10
10 798 841 8
18 744 796 12
6 2003 2013 9
16 4733 4785 9
11 6472 6520 8
12 2454 2482 1
13 2408 2423 1
6 3733 3775 10
13 3279 3316 12
15 336 398 6
13 3433 3485 9
12 30 60 1
7 398 423 2
7 2245 2252 14
7 6607 6657 10
9 4448 4487 4
17 6493 6536 9
6 2954 2963 3
12 2771 2806 14
13 5803 5840 3
11 1293 1347 7
15 4471 4511 13
17 6475 6495 14
7 1989 1998 6
9 3180 3233 12
9 3654 3666 9
10 1487 1504 1
15 738 765 8
14 428 464 2
6 3507 3546 9
7 6057 6077 2
10 5492 5508 9
8 2811 2836 11
14 3424 3441 9
15 1118 1177 5
17 5211 5228 2
13 5290 5341 13
12 4758 4796 14
5 194 228 5
5 2099 2116 7
17 2170 2201 7
15 2748 2769 13
19 4205 4233 8
17 2091 2133 5
5 1352 1373 6
10 244 295 10
7 6005 6051 12
9 3430 3448 14
15 897 933 13
15 5267 5315 11
9 6313 6340 1
7 3819 3853 12
8 4059 4106 4
11 4040 4052 13
17 2222 2255 12
16 778 795 1
15 2174 2217 2
13 5055 5093 11
5 6021 6053 5
17 4887 4914 1
19 5027 5093 12
7 5412 5443 1
15 1896 1938 3
8 529 576 10
13 2385 2420 11
10 4354 4395 8
12 318 355 14
9 2000 2018 10
11 933 988 3
19 1932 1967 7
18 1706 1752 13
14 3361 3376 13
9 2837 2870 4
10 2505 2541 3
13 4305 4364 1
19 5118 5150 13
18 6210 6230 8
11 4955 4980 8
7 4435 4450 13
16 3464 3513 9
7 6106 6149 2
15 5007 5050 13
7 2180 2204 5
16 4059 4085 2
17 2453 2476 5
7 1187 1216 4
5 2748 2787 14
13 1544 1585 4
5 685 691 12
14 1248 1305 4
8 2340 2367 4
15 3164 3183 9
19 3579 3609 13
19 6133 6195 13
9 6092 6131 11
10 5292 5323 6
11 4625 4652 6
19 5393 5437 13
18 1654 1682 3
15 1069 1099 12
6 530 542 13
14 3216 3265 3
9 6138 6147 11
13 2484 2531 2
14 2207 2243 6
19 4526 4555 13
16 3567 3624 13
14 5560 5588 12
9 3995 4014 7
19 470 489 12
17 3206 3236 6
14 271 290 14
18 3520 3578 1
12 1842 1890 8
10 2416 2446 2
17 6265 6288 12
7 6629 6647 13
7 5977 6007 13
10 6181 6231 14
5 3110 3134 12
13 5014 5068 1
17 4025 4083 12
15 133 148 1
16 3332 3391 3
15 3215 3243 12
16 3218 3278 14
13 2606 2624 8
15 1164 1179 7
16 6658 6704 12
13 6530 6557 14
12 155 199 5
7 3204 3228 13
17 2960 2998 2
16 3999 4033 2
16 5913 5953 12
7 4793 4847 9
18 4435 4463 14
18 6688 6729 7
10 619 669 10
13 5274 5330 10
7 1408 1420 11
7 4930 4967 7
18 6647 6703 4
13 4694 4745 14
14 5580 5626 12
18 2955 3013 8
18 376 406 13
8 2336 2391 2
16 3390 3425 1
14 5601 5651 3
19 5059 5112 2
15 4595 4649 4
6 752 781 13
13 2373 2390 14
13 1117 1163 3
15 665 727 1
8 5703 5714 10
10 2046 2064 3
11 3554 3582 3
7 1704 1718 4
6 3812 3850 4
11 6246 6274 10
5 2848 2895 3
17 541 573 12
18 1862 1888 14
6 3257 3277 13
13 5059 5093 14
5 5305 5335 8
18 5524 5543 11
7 2048 2072 13
12 5814 5853 1
6 3269 3312 10
9 4938 4969 5
8 6439 6456 11
14 3681 3731 6
