50
19 203 223 5
7 96 110 1
12 723 752 1
19 156 203 9
19 387 447 1
11 636 671 13
17 271 291 14
12 458 477 2
6 289 340 14
5 421 466 12
9 120 151 13
17 385 427 14
19 453 472 8
18 565 597 8
14 365 423 2
9 204 223 12
17 604 637 2
17 533 553 2
12 687 735 14
16 96 130 4
9 131 171 5
5 452 489 13
11 150 191 10
5 217 232 14
9 515 570 12
15 261 290 6
16 408 437 1
18 497 558 1
13 129 154 5
15 245 264 5
18 56 105 7
19 30 78 3
14 634 690 6
13 345 402 13
18 284 339 13
11 159 211 8
11 589 625 4
6 51 86 11
13 487 501 13
6 84 128 7
15 687 711 8
19 588 640 13
9 23 50 9
6 708 760 1
15 114 140 14
11 671 698 8
6 446 493 8
5 510 557 4
5 567 619 8
8 445 455 13
