150
10 1552 1594 6
16 2026 2074 13
9 261 302 4
13 645 693 8
18 1250 1294 11
6 1678 1691 11
8 911 951 2
19 1584 1650 5
14 384 419 9
5 457 492 3
8 133 173 14
12 832 858 3
13 2078 2101 8
18 2119 2175 6
19 2130 2160 12
7 1367 1393 8
7 1507 1530 5
13 1028 1041 4
13 2207 2228 5
14 346 389 8
15 876 924 10
19 1372 1402 4
8 454 493 11
10 342 381 12
15 1729 1750 10
11 1394 1445 1
12 365 387 2
7 1621 1663 3
13 2183 2234 2
12 702 753 1
8 1458 1483 4
8 351 391 9
12 1268 1289 13
6 2103 2135 10
18 517 563 10
6 2113 2156 10
16 1688 1714 5
13 2089 2103 12
13 468 485 3
10 1360 1372 4
12 1686 1713 9
14 65 91 11
7 1519 1559 10
14 1992 2045 12
17 680 715 7
9 587 624 3
6 2050 2101 6
9 285 331 11
8 864 900 9
11 1636 1679 2
12 1214 1256 2
12 2056 2081 6
18 478 531 13
17 1720 1764 2
18 1611 1675 10
18 1504 1568 4
5 1303 1342 6
6 392 425 13
7 1898 1927 8
18 232 292 7
11 1322 1350 8
14 1062 1079 8
11 176 216 14
19 2112 2132 12
12 803 838 10
13 1519 1549 7
17 1992 2022 7
19 2121 2175 7
16 1361 1423 6
10 1957 1991 3
17 1663 1693 13
16 1035 1084 3
14 2008 2036 3
15 179 216 9
9 2089 2105 9
11 1003 1026 2
7 2082 2105 2
14 580 623 6
10 1518 1547 10
10 618 632 7
14 489 530 10
13 261 303 3
15 1058 1082 10
12 1691 1744 2
5 1937 1968 3
13 143 195 5
9 981 1023 3
17 1770 1799 11
9 1768 1812 14
8 1547 1599 5
10 28 59 4
15 58 102 4
6 375 381 5
12 116 171 12
14 553 596 9
14 56 100 1
18 1120 1163 4
10 253 268 7
19 1725 1762 4
12 1516 1558 11
5 1176 1188 13
19 2021 2082 5
5 2003 2019 11
18 1674 1738 13
16 1710 1727 1
8 866 902 9
15 1684 1716 11
6 480 516 2
12 803 849 10
17 1624 1684 4
18 1101 1132 11
8 941 996 1
16 1332 1364 3
7 1133 1179 8
6 74 88 8
11 481 526 3
9 1850 1864 6
10 210 253 10
16 2131 2188 12
10 301 317 2
17 953 995 9
9 1832 1881 2
15 1444 1501 13
6 1903 1922 8
12 1187 1219 12
17 1205 1269 2
12 1931 1945 1
10 1504 1554 14
7 1427 1450 10
6 30 41 3
18 929 990 1
10 978 1025 11
16 553 605 11
5 65 80 8
13 1968 2010 4
18 2114 2154 7
19 1906 1950 4
5 1159 1195 2
9 1526 1566 1
19 469 532 12
8 448 496 8
18 542 582 2
13 629 686 13
5 1960 2004 10
16 1782 1839 8
12 1212 1269 2
16 487 530 1
13 525 561 14
6 1259 1285 1
5 1988 1999 6
