50
2 154 165 7
5 67 170 12
8 58 120 3
8 168 211 8
6 74 154 4
2 199 290 7
4 99 155 5
7 162 239 4
9 32 111 9
2 68 118 9
4 175 193 3
8 163 216 9
4 7 74 10
10 152 168 13
9 69 136 17
10 64 167 4
9 116 198 15
5 139 200 15
8 65 144 5
4 25 103 5
8 65 107 17
2 140 147 6
6 142 151 12
9 112 171 16
7 185 193 19
6 54 156 19
7 189 286 9
9 71 129 2
10 106 135 17
9 43 55 19
10 108 143 3
7 69 171 2
2 97 163 5
9 179 254 11
9 73 120 14
1 114 124 18
10 6 115 16
9 196 265 3
9 148 169 15
2 42 128 10
1 113 138 5
6 10 50 3
2 71 145 16
5 24 44 13
3 31 37 5
1 23 31 11
4 163 249 4
7 175 200 20
5 178 263 15
4 3 101 15
