350
10 287 605 7
4 155 265 14
3 115 393 5
5 826 1165 8
5 97 305 10
9 518 807 16
9 375 554 8
1 562 1054 14
4 728 1151 16
8 845 1260 17
9 968 1532 3
9 1006 1090 5
2 912 1420 20
8 986 1002 5
10 823 997 16
8 1185 1586 1
7 25 581 15
6 1162 1285 20
7 1336 1361 17
2 472 821 8
1 310 852 5
6 946 1403 15
6 1281 1409 10
5 1031 1704 9
5 674 800 13
7 1395 1472 20
2 15 663 18
2 841 1491 2
7 709 948 15
2 725 1146 3
3 131 651 6
6 321 899 5
3 586 1097 12
1 445 531 5
5 697 981 14
4 76 368 20
3 47 93 6
5 1179 1560 16
2 348 714 19
7 1343 1798 7
7 968 1147 20
1 724 801 15
1 981 994 1
8 412 477 1
3 676 807 10
7 879 1560 16
10 178 490 8
10 330 1036 8
8 1002 1369 13
2 72 333 17
8 717 1088 17
3 611 1000 6
2 286 321 12
3 1383 1451 6
4 288 959 3
4 639 1107 14
2 1125 1457 11
10 81 655 15
7 431 995 18
5 1104 1400 20
3 887 924 17
8 865 1184 4
5 1045 1126 15
5 1037 1552 19
8 917 1082 15
7 453 720 5
8 836 1351 18
3 944 1483 14
2 896 1097 17
3 515 738 14
6 1262 1746 1
8 993 1444 14
9 359 719 12
9 1299 1398 3
6 964 1125 14
5 1385 1997 9
1 863 1097 15
6 1393 1817 12
9 1004 1693 15
9 1296 1860 1
9 174 794 19
6 864 1282 18
6 1144 1268 6
2 755 1294 10
5 493 1040 3
9 201 243 5
1 1286 1522 14
4 1288 1404 9
3 194 772 12
2 741 895 19
10 1276 1858 4
8 1129 1630 2
4 435 599 18
10 451 720 6
4 1363 1811 13
2 10 354 14
4 1378 1640 7
4 1197 1229 19
1 1217 1575 17
9 1111 1772 2
6 169 345 19
6 853 1212 9
5 234 409 20
5 208 564 9
8 154 548 13
7 1089 1662 16
7 48 727 15
9 264 631 15
4 941 1526 18
5 320 550 15
8 1383 1441 14
3 838 1221 3
6 583 1033 13
1 31 674 15
4 1067 1504 7
9 436 776 6
9 1072 1166 13
8 777 859 15
6 165 369 1
6 625 910 7
6 365 705 9
1 521 1056 1
4 529 605 2
4 1315 1960 16
7 1232 1464 13
10 366 831 13
8 1305 1680 3
4 973 1178 3
5 661 1227 16
1 560 1251 5
7 637 1185 13
2 974 1441 12
8 1220 1691 3
9 963 1662 13
6 1001 1349 4
7 1087 1508 9
10 1256 1534 20
7 905 1371 17
8 1098 1466 1
7 881 1440 20
7 1188 1355 11
8 571 839 1
3 446 577 1
10 1197 1546 1
10 341 939 3
10 1351 1477 2
3 597 1222 12
3 886 1589 11
10 1188 1886 12
8 50 77 2
10 394 1060 1
4 1378 1576 1
8 681 1155 16
9 466 840 16
2 467 1116 2
3 1361 1803 2
9 1334 1421 12
3 414 434 9
4 214 499 19
1 167 551 17
6 451 482 5
3 1156 1460 3
1 470 509 19
4 1217 1419 8
7 361 840 10
4 1158 1220 15
6 125 227 12
2 1383 1892 12
2 814 1471 14
5 404 501 7
6 1029 1091 7
3 1153 1685 8
9 1007 1387 7
3 1399 1721 6
9 1042 1484 4
9 336 867 18
10 178 262 20
4 903 1402 9
9 290 577 20
9 885 1345 15
4 606 814 1
8 1390 1838 13
9 493 1173 3
10 797 915 13
4 1186 1392 4
2 65 709 4
8 711 1064 11
3 1360 1604 14
6 333 529 15
2 54 602 7
6 122 361 14
3 1122 1372 19
10 1388 2021 18
5 76 240 8
5 1204 1382 14
3 1375 1966 13
1 404 704 3
7 661 815 11
1 547 856 20
3 420 514 11
3 1085 1672 18
2 1331 1436 3
7 1103 1164 12
7 564 1140 4
4 1352 1707 17
4 169 462 10
7 1283 1787 11
9 132 756 4
10 806 861 3
5 368 1030 4
4 1263 1477 18
1 252 682 19
8 1052 1152 13
3 992 1183 12
2 196 835 3
6 552 649 18
2 1168 1771 15
10 101 361 11
3 77 520 17
5 230 516 7
1 271 690 7
6 178 541 16
1 158 497 13
9 749 1294 2
1 667 1337 2
9 556 1012 8
5 852 1013 14
4 1272 1326 19
10 860 1381 2
3 546 976 13
7 838 1314 12
4 913 1113 15
2 1009 1508 9
3 195 353 9
9 884 1542 13
6 244 303 12
7 29 623 4
8 486 1043 5
8 936 954 1
8 818 1077 18
2 1100 1734 8
1 96 581 18
3 1218 1594 15
3 222 854 20
1 1392 1501 5
2 394 514 7
5 667 1093 11
4 432 734 3
7 1009 1275 17
7 1016 1438 10
10 174 555 1
2 139 599 1
5 833 1268 16
10 420 931 7
4 404 680 9
9 571 1265 11
8 1169 1198 17
9 426 843 18
9 26 287 7
4 604 821 15
5 1153 1480 9
9 106 684 20
2 172 653 20
5 112 318 19
2 1202 1231 12
9 692 861 14
9 1196 1343 11
7 489 666 9
2 1074 1382 20
8 381 848 13
7 586 649 7
5 1261 1579 12
4 1232 1792 2
8 80 581 16
4 302 665 2
3 607 764 3
3 1002 1634 15
4 1219 1423 3
10 817 1474 6
2 1119 1405 15
7 1085 1266 10
4 888 1514 11
3 873 944 11
4 823 1081 2
8 1302 1898 12
7 415 582 4
7 1276 1867 4
8 284 656 2
6 1155 1551 4
7 161 294 12
9 1266 1644 10
2 965 1162 15
1 649 1186 16
8 1052 1447 14
8 477 1016 19
1 1346 1500 3
4 615 922 12
5 305 824 1
8 1268 1645 1
6 1147 1402 12
7 566 905 15
3 835 1264 13
6 136 222 12
7 16 359 20
2 851 1390 11
10 332 578 6
10 750 1171 15
10 772 1391 19
9 504 997 18
7 615 823 5
8 1142 1155 15
9 1163 1544 13
2 482 632 15
4 571 838 19
1 451 790 11
9 305 354 5
9 810 1000 6
4 1231 1248 15
4 1029 1703 7
2 477 545 11
5 1119 1789 13
6 1102 1222 18
6 816 891 9
7 1049 1586 10
10 1368 1552 1
2 813 1112 8
5 575 782 8
8 1139 1269 17
3 1128 1444 20
7 224 837 20
5 34 462 15
5 30 654 4
5 907 1575 6
4 9 661 13
9 867 1256 1
9 469 1086 18
3 1307 1728 16
3 1121 1604 5
6 910 937 18
8 864 1026 10
2 82 390 17
10 1187 1770 7
1 350 1009 17
6 726 1374 8
9 530 1216 14
3 741 881 6
8 1313 1659 13
7 166 591 12
7 164 736 4
7 1395 1835 10
