100
1 186 194 1
5 312 506 16
4 195 330 12
2 321 511 13
4 133 244 19
5 282 322 1
3 238 252 3
1 134 272 15
5 375 384 13
6 233 282 10
3 368 503 1
5 396 413 13
10 110 288 19
2 172 253 8
1 369 371 7
2 130 256 2
3 399 560 8
1 234 390 9
9 24 105 17
4 387 498 5
2 339 481 5
6 39 219 1
8 15 61 4
9 285 379 13
2 316 407 4
7 315 486 2
10 239 308 6
5 0 69 4
3 121 173 20
2 21 25 20
1 261 274 20
6 197 299 19
10 397 497 16
6 317 354 9
7 42 51 12
3 293 390 15
2 387 438 8
6 230 259 14
2 188 368 1
5 145 302 11
4 100 243 5
10 373 457 5
9 168 361 16
7 164 218 9
2 47 188 18
6 50 73 13
3 86 250 2
8 82 96 16
2 53 86 6
8 321 423 14
7 308 458 14
3 180 284 8
1 24 189 6
3 68 234 12
2 379 430 13
3 349 450 8
2 304 440 1
3 332 529 17
10 128 261 14
9 149 308 10
1 347 477 7
3 297 437 19
5 119 322 5
7 394 576 7
2 92 142 5
3 296 418 1
8 250 268 14
4 383 496 2
7 34 175 16
9 266 353 15
6 398 420 1
6 257 348 6
5 105 159 18
5 288 373 17
5 327 372 11
8 309 320 10
2 392 500 20
6 157 213 11
1 397 527 13
8 166 289 3
3 43 208 20
2 260 372 10
6 312 498 15
6 383 391 2
3 390 544 13
1 168 223 18
4 4 118 3
5 370 540 9
5 104 287 13
2 54 179 15
4 258 412 9
1 255 411 4
3 37 194 20
9 327 429 4
7 165 303 5
6 78 136 15
5 64 182 9
6 332 467 8
8 349 545 10
3 113 247 18
