450
1 513 887 8
6 1761 1986 10
4 668 727 12
7 22 901 12
7 117 747 8
8 1468 1681 10
6 725 1147 7
4 970 1682 13
8 333 717 19
4 1312 1546 11
5 809 1694 15
7 509 971 17
7 705 865 14
6 1631 2214 14
10 1111 1834 10
9 1763 1975 2
6 1216 1660 2
9 1121 1636 20
2 1431 2261 2
7 1085 1180 13
1 839 1722 9
3 676 714 7
5 881 1666 17
3 574 1292 19
10 1186 2091 5
3 603 1015 20
7 1359 1783 15
5 1348 2173 5
1 1136 1233 12
10 173 209 15
7 183 313 1
6 849 1002 13
5 1356 2140 11
2 1288 1419 6
3 461 762 1
4 1003 1700 16
6 1307 1875 9
10 136 823 12
7 966 1153 14
2 1063 1674 5
5 976 1712 16
2 1158 2023 5
8 1039 1862 17
8 444 866 11
1 1384 1952 4
4 637 1332 10
5 1434 2080 5
2 148 677 10
10 1059 1504 19
8 145 540 15
6 1666 1748 11
9 1008 1162 17
3 959 1114 18
1 53 745 16
5 1722 2402 3
3 74 366 19
9 145 898 14
8 1280 2156 6
8 1092 1695 13
5 1787 1922 10
4 1404 1502 16
6 1098 1384 9
6 1358 1586 1
9 677 1051 13
2 247 913 18
7 541 932 13
4 166 439 5
1 698 711 2
10 868 1713 3
9 526 972 15
7 935 1605 17
2 1185 1210 5
5 807 925 2
4 773 1571 6
1 1765 2230 15
2 518 558 14
9 1345 1728 1
7 29 684 1
2 1298 1762 8
9 1564 2378 16
1 937 1126 17
8 52 63 16
6 108 368 1
6 91 553 5
7 522 1077 15
4 1718 1892 7
2 1288 1547 7
6 588 626 15
8 999 1660 10
6 642 1301 5
1 1129 1334 1
4 1693 1760 12
4 531 1271 8
4 305 773 14
6 96 319 15
6 0 605 9
2 43 749 8
2 362 536 15
4 1678 1987 14
4 1382 1487 8
5 80 93 20
6 983 1610 18
5 684 1295 15
5 1303 1949 8
8 1282 1714 12
4 672 1095 9
1 542 1192 12
2 650 1440 16
4 1777 2005 15
7 140 604 4
3 1053 1363 14
4 683 1556 9
4 1273 1739 14
5 793 1382 1
7 1672 2033 5
7 1276 1415 13
4 908 1430 17
2 993 1572 7
7 930 1406 11
1 251 632 7
5 789 1264 12
1 688 720 10
5 815 1518 9
6 1748 2292 7
4 1083 1225 17
5 1142 1731 17
7 517 613 14
5 1650 1858 4
4 807 1403 14
1 959 1569 3
5 733 1040 20
9 1407 2041 16
3 1044 1119 2
7 415 1130 7
8 382 608 9
8 1768 2621 8
8 1489 1830 15
9 1644 2210 12
4 1695 2258 4
1 1231 2083 3
9 581 1449 19
7 733 1104 17
3 686 1577 6
7 1693 2052 11
3 1310 1337 13
6 253 1111 15
7 1132 1310 15
8 956 1155 6
9 1594 2259 18
3 679 1392 1
6 1097 1747 19
10 1673 2367 13
8 719 1020 14
6 313 574 5
10 1371 1442 1
1 1010 1427 10
3 256 363 20
5 1435 1799 11
3 775 1269 15
2 1085 1479 5
3 445 907 4
2 1065 1481 2
7 1480 2313 5
5 1 687 8
10 226 1078 17
5 1221 1350 16
4 610 748 2
8 253 404 15
6 396 850 2
3 342 1207 17
7 162 642 20
3 399 460 1
3 322 821 20
1 1641 2210 13
7 1050 1907 1
2 1649 2541 8
5 1624 1899 17
8 1288 2010 4
7 420 858 10
2 517 1004 6
8 71 969 4
2 1722 1856 16
4 201 894 13
9 791 999 9
9 323 512 11
10 691 1085 2
10 204 342 13
9 1042 1800 6
4 2 516 20
8 534 725 6
9 1154 1522 16
9 1101 1889 3
9 892 1158 16
9 1523 1917 8
1 236 678 12
10 970 1296 10
10 1595 2430 19
7 1593 2162 20
6 1519 1866 15
10 29 253 8
3 222 473 6
9 1323 1389 6
3 1130 1344 18
2 322 1096 14
6 570 789 4
4 914 1324 20
9 832 1664 20
5 526 811 1
5 521 848 10
2 274 517 14
5 1224 1830 9
5 380 966 13
5 469 575 1
7 668 1502 13
9 1529 2374 12
3 1367 1746 7
3 1356 1401 13
6 976 1866 10
5 701 1153 17
1 782 1376 15
4 1703 1838 14
9 59 436 13
6 1343 2173 16
6 602 665 4
3 1358 1523 9
4 895 1003 4
6 1400 2076 17
6 958 1407 20
5 1584 2326 7
4 636 829 14
7 1155 1415 17
1 1254 1932 9
4 196 279 15
5 1504 1916 2
10 1583 2229 4
1 628 774 14
9 804 1430 1
4 1206 1817 4
5 700 1306 17
3 1657 2193 15
2 1514 1837 7
4 69 767 6
8 1124 1439 19
7 282 799 17
3 727 1574 4
3 648 1309 8
9 1440 1457 12
4 1402 1942 1
8 485 656 3
1 233 496 1
10 1493 1738 17
1 763 980 1
5 931 1518 6
10 844 1234 14
4 396 604 9
3 492 1247 11
2 958 980 10
10 657 1561 8
3 724 1166 1
3 237 359 16
10 1099 1145 10
8 262 428 20
1 1798 2208 15
1 241 791 1
6 234 608 17
5 488 607 9
9 1179 2084 8
4 111 274 16
5 877 928 8
1 70 472 13
6 1242 1532 12
8 86 907 12
5 473 782 4
10 855 1355 10
1 726 859 7
2 828 1006 19
6 684 1589 5
7 297 1091 1
7 678 1032 5
6 189 930 5
4 15 661 8
7 1378 2221 4
2 132 498 15
6 783 1401 11
6 1467 1590 4
5 1144 2033 16
6 361 1068 10
7 1668 2037 20
9 1747 1876 13
10 1415 1481 18
3 646 920 9
7 1345 1789 18
6 177 956 6
3 1188 1289 6
8 847 964 17
5 951 1338 2
4 996 1235 10
8 344 1200 5
7 788 1299 8
1 416 1195 17
5 1644 2209 9
9 751 1464 5
5 557 696 2
10 143 561 16
2 596 1135 5
6 698 1555 11
8 561 720 11
6 1000 1831 6
4 1430 1542 16
8 259 394 16
9 1118 1281 12
2 674 1304 15
7 341 786 14
1 1684 2224 16
5 301 587 5
4 1711 1971 17
3 127 410 9
5 799 1532 1
8 435 1311 20
6 300 554 2
6 1653 2463 12
3 383 834 6
10 1607 2363 2
9 1367 1909 2
10 101 819 20
8 51 85 8
4 1012 1730 13
5 454 744 10
7 1724 2493 5
10 1544 1621 13
1 1165 1678 12
3 1148 1292 17
5 1104 2003 4
8 494 1252 5
4 480 598 10
9 316 802 4
2 1215 1457 13
5 1039 1185 10
1 370 617 20
9 373 1129 16
10 1048 1351 5
10 1589 2127 3
4 1655 1834 16
5 873 1043 7
1 1325 1363 1
4 898 1058 18
1 293 677 6
7 874 1463 3
1 431 1108 20
9 714 1304 20
3 1397 1413 1
3 1190 1529 19
3 1431 1868 11
9 1494 1923 1
3 1583 2393 12
5 499 1186 8
5 428 547 13
3 77 373 17
10 1713 2297 4
10 1042 1413 15
3 634 640 13
7 81 472 12
6 1482 1969 7
6 1495 1583 4
8 365 472 11
4 1037 1091 18
8 1568 2105 9
1 651 1172 18
3 1108 1578 14
2 30 539 11
8 829 1213 12
2 1492 1641 4
9 359 688 11
10 861 1132 18
8 1077 1246 11
1 120 884 19
6 1662 1687 6
2 327 978 10
8 577 1398 1
3 1276 2059 20
3 656 1126 10
1 1198 1759 13
2 1421 1474 12
1 517 1332 13
8 456 866 5
10 1723 2246 2
1 1203 1968 19
2 1194 1376 20
2 662 735 12
8 1263 1882 17
5 1388 1914 18
9 1473 2305 1
3 1056 1713 7
1 9 451 2
5 1069 1622 9
2 85 756 12
7 1189 1766 10
10 1657 1813 8
5 1377 1528 18
3 1216 1443 11
7 447 1165 10
7 1770 1791 9
9 1608 2416 9
5 790 1439 2
1 619 1291 15
10 1134 2030 5
7 182 988 16
3 384 1234 6
3 1071 1340 14
8 916 1279 9
4 485 846 4
3 807 1402 6
7 1785 2033 9
7 1451 1506 3
4 692 1288 7
4 1677 2097 10
1 90 453 20
1 179 727 19
9 1677 1838 17
5 987 1098 16
9 1174 1881 3
8 1453 2240 5
8 1577 1654 12
2 58 291 7
3 920 1522 19
1 943 1065 9
10 1771 2378 19
8 1184 1532 11
2 851 1401 10
2 40 553 17
7 577 1043 2
6 1669 2021 14
7 782 1266 15
7 947 1538 16
6 631 817 4
9 1601 1724 17
4 1260 1802 4
6 1585 2427 16
1 1598 2291 15
1 210 567 8
5 751 1158 12
4 158 473 19
3 546 829 16
7 785 1691 2
4 279 693 14
2 1698 2317 9
7 1149 1364 3
6 1687 2435 9
10 1204 1239 8
10 1228 2026 18
