400
1.0 2.29 3.83 1.81 1.88 
242 1768
123 9362
172 9516
155 4333
186 66370
264 36150
270 43368
289 22014
118 65212
230 18240
117 19645
205 67017
255 68919
113 51500
127 64941
133 10275
250 65963
245 10624
140 35247
182 52266
282 34437
270 56325
101 52675
246 16288
231 53326
169 40520
205 22067
144 67706
169 48607
155 69829
122 13538
290 17314
107 38826
197 68141
272 10023
230 24196
183 69609
289 30424
198 51626
239 8848
157 6102
113 61811
279 34057
157 14474
212 30473
137 34622
255 67567
158 15508
105 54671
117 27764
169 64135
166 25605
183 7836
113 13147
207 2271
109 36203
281 59799
105 15552
195 48706
296 48840
254 58257
275 43494
223 630
173 1184
125 47533
275 57240
112 58858
157 53007
297 32598
155 57251
133 46537
290 28723
230 7116
110 14041
295 61360
272 54090
289 43948
264 42628
274 15720
230 57118
282 5683
106 10993
230 2715
192 29763
242 26751
199 42505
187 52449
142 58339
148 20632
229 45578
285 50863
243 59620
162 68629
152 63769
236 4171
200 25330
247 11259
185 31926
117 32961
272 55698
144 10853
289 25862
135 54430
186 67774
165 65356
234 65550
297 63627
100 20107
246 21807
169 13233
298 17627
100 39343
235 30020
134 17367
280 35797
162 67907
102 56810
170 63994
266 30270
114 17088
272 69587
295 53676
176 61630
206 43604
215 43174
278 43835
135 22621
197 68914
249 4525
157 18061
156 64347
208 36129
202 3237
106 32169
129 56814
149 61146
295 50782
128 22896
130 36297
259 39235
207 32744
233 43605
182 44412
264 61
291 35547
225 7098
200 53451
231 41896
230 12689
136 32484
141 51219
136 61737
219 43137
248 53320
143 25324
152 22286
114 16448
182 55612
106 35171
112 59195
283 28074
208 27284
148 58816
217 42042
102 53121
249 63534
199 57675
104 63238
204 55012
138 59335
184 30559
177 40748
284 28450
115 24283
215 28298
256 58812
122 23502
222 67530
150 69747
104 20642
249 2081
102 46877
220 43600
214 10145
290 54676
104 50316
113 30850
268 22384
219 42639
280 18600
160 2158
204 60219
191 64776
103 59721
187 1539
187 12683
177 26988
198 69833
243 53896
168 39809
193 6265
243 18873
194 42562
281 62299
141 50812
249 28677
292 39004
274 59226
207 1869
240 66235
251 50809
126 22483
178 4050
237 52914
292 42221
256 62637
149 41546
223 55023
164 26026
150 39951
213 18310
263 67221
134 69575
164 27968
184 41415
249 46899
196 14840
225 67854
292 44318
105 47288
177 65380
117 29447
179 15089
152 63438
287 65855
134 49656
299 64952
118 66462
271 21463
204 10214
268 5961
267 46715
216 7499
288 43134
129 28118
267 41010
272 58315
111 36577
148 64460
135 30675
102 5920
266 28472
179 27443
191 5249
270 19120
180 51908
183 30966
114 22696
188 34454
203 45394
112 8737
123 31035
237 53508
221 30163
288 30269
119 14102
189 57243
146 8259
130 12492
257 54316
113 66790
107 57307
256 50163
232 30688
134 9781
262 28880
182 21917
293 10789
229 50695
186 22603
185 7549
269 27181
211 58144
125 4078
200 15799
228 44817
141 42929
174 16076
225 69511
274 25750
249 34515
106 20504
188 29320
128 65008
220 45957
200 15421
252 5831
288 42190
268 55389
148 48874
109 18523
232 61584
280 1833
294 27515
201 5143
280 57349
290 64948
282 11367
299 25356
205 23034
201 15727
174 41271
285 22236
125 50694
294 32314
157 21354
190 67271
218 6846
227 23840
166 50475
163 43071
296 27640
187 62075
172 3348
290 57251
261 62217
161 50341
199 4187
289 11027
161 26102
160 62382
244 57104
122 5329
237 19502
217 37926
211 41734
129 65351
145 58559
115 12896
139 60425
136 5911
137 208
238 45681
203 14498
190 13717
273 27908
296 40735
121 35291
179 36460
296 49541
295 54393
241 14710
113 35057
112 53332
162 10007
256 8229
265 12690
256 62023
162 11195
190 65006
298 59888
163 5307
278 6822
276 57638
161 66304
136 18981
173 8758
112 19588
151 24408
259 57439
114 52536
242 14822
216 67084
177 34844
284 62548
246 29306
151 61220
170 25266
212 34183
275 50726
242 49941
232 25639
139 35909
246 5780
271 23278
277 48163
102 59488
276 11498
279 31909
167 39916
249 23072
243 48723
124 68078
245 32136
203 44425
149 6905
145 37940
170 26373
175 10747
244 18021
