450
1.0 4.19 3.76 1.27 1.06 
165 69788
100 29714
215 21876
192 46508
149 39615
100 3285
232 5459
236 25555
161 51957
208 42156
219 7681
279 34746
116 6254
286 41494
292 18394
265 6914
107 29629
170 9478
141 63203
244 60103
188 16721
163 73960
193 17398
247 4656
214 38386
129 73237
257 83
186 73404
252 12854
169 24898
111 61985
238 7673
296 55215
127 42280
133 54261
133 51260
160 68470
231 25911
143 42431
238 40393
254 50653
287 75286
299 19422
166 19944
276 2257
281 16978
217 51654
294 76394
149 50887
137 47584
132 49698
291 65953
163 16068
276 13772
268 36236
151 67501
120 38551
188 34478
147 60871
256 12338
280 48244
114 71500
231 3698
150 17456
270 56970
224 78056
161 4151
231 77264
190 18748
115 61091
134 37254
134 20256
277 67187
294 72415
263 74109
139 42024
192 39470
110 50853
208 27872
171 35681
226 24259
105 56500
276 2644
180 70201
241 36135
179 12478
239 39544
201 24380
113 54615
165 67905
297 37178
136 2356
203 13133
124 55012
186 54952
213 50910
214 24552
191 31039
253 44093
137 15018
291 27666
294 19335
287 33664
193 73511
236 29905
253 40302
294 5451
158 58114
150 13102
155 76629
295 50619
238 62997
275 69239
235 29518
154 13422
123 20823
126 72930
244 46156
228 64480
200 40814
243 71900
107 8909
112 21731
188 74669
226 6832
183 43649
276 28213
223 20614
180 29069
146 32443
223 1964
209 27865
193 5084
102 8395
209 18416
289 77952
297 74753
152 77726
211 15397
143 25912
125 28611
114 32708
292 30579
204 44532
194 33910
250 9738
173 17227
270 65373
257 60308
197 58491
157 6143
164 38542
122 10787
166 45444
167 62288
145 59222
264 26552
224 43823
183 35400
122 70052
176 28780
276 58738
123 3819
203 57763
114 46682
118 1429
224 7376
207 42834
188 12285
235 36393
145 33774
179 59841
290 5645
142 1172
167 28406
223 54784
255 15767
236 28563
114 43647
166 47926
189 71053
151 38301
277 25101
274 70205
198 24598
105 73353
251 66961
144 75863
208 23897
161 66761
115 8492
281 26436
278 62019
216 56023
293 42058
132 22334
288 14381
148 62173
193 50382
122 42878
167 36526
199 12576
226 56619
282 12595
253 43469
269 18686
253 41530
161 11839
213 73018
296 71114
268 57963
296 67961
257 8386
271 37299
158 57897
240 32991
155 70373
107 22662
296 11582
139 57501
206 24343
198 54149
115 61288
164 10348
274 70054
202 62741
209 28678
273 21537
200 6647
282 36846
181 4781
106 72774
234 69827
210 6816
127 78637
163 68765
197 19824
261 55645
124 53252
201 65254
288 60208
138 37201
252 13626
133 37246
189 38696
179 60388
235 23047
171 24121
178 56098
261 56908
159 62363
221 68152
213 17267
201 61917
266 60922
258 66908
298 15761
167 46637
183 18235
239 33648
112 44770
126 70886
214 70894
186 65479
201 25786
252 53398
278 18809
254 14769
253 39407
153 73981
213 65932
251 7143
186 30488
139 28450
144 8000
212 56271
271 66920
124 1011
107 40051
189 20266
173 42855
129 63312
195 59275
240 14393
274 1518
104 31396
182 45274
186 53406
257 76150
269 23275
113 63348
126 20739
166 69769
284 73103
264 54190
150 73433
158 63269
152 53520
177 29467
176 35038
186 75708
220 53426
184 25606
186 40769
235 24696
284 27456
130 13317
249 12993
101 47715
241 62545
249 70557
131 52445
144 18988
174 1934
155 32222
141 1138
216 9755
148 68202
291 35611
103 48496
107 58780
182 41453
286 25546
211 50446
223 15534
283 48538
165 5321
165 19921
193 7403
242 5698
174 1969
159 55569
119 54613
281 55822
138 64151
269 57917
216 20197
252 34336
135 42464
295 10818
200 4529
199 41385
118 28203
231 5154
183 39272
149 46645
265 40786
235 70459
155 31604
193 28628
141 20630
268 45650
293 4403
272 39107
101 18556
206 29599
169 34809
230 49396
185 51781
111 9225
116 67344
148 63318
243 8568
253 72231
219 37991
201 56954
277 13915
248 49983
159 7548
197 28202
225 15831
244 70991
105 69256
298 32194
244 46613
272 50702
158 45387
231 16707
208 59425
190 77619
236 62802
195 56373
116 33522
175 17472
199 22349
250 1612
142 9872
190 78462
251 63169
107 64806
155 22694
132 58044
185 71404
165 49605
108 22658
187 49212
250 56355
214 25635
125 37989
121 64444
213 65951
283 29128
242 13703
157 48943
145 7248
200 4258
113 4881
182 12091
213 52604
181 39708
129 11883
142 58941
274 25293
121 9297
107 22953
142 1278
248 53209
175 71484
137 14251
178 77283
112 26531
101 68420
210 1603
272 14985
225 55927
255 73864
262 12764
159 3070
291 66046
139 25721
124 36655
135 27439
240 42741
243 47258
127 5600
247 16593
215 17892
234 59779
121 65527
165 39778
286 18736
123 15517
170 6797
224 69698
101 29953
110 31189
295 46311
255 28211
204 26804
200 45315
