100
1.0 1.28 1.27 1.57 1.06 
160 9443
103 11530
211 2516
192 8923
204 17324
151 2920
103 3606
274 3869
277 10519
281 874
284 1110
104 3281
192 14473
130 16293
155 12469
108 12566
189 13940
258 3094
236 6170
231 6475
280 6682
184 8285
295 5888
295 17318
179 9221
216 12967
179 7866
281 15583
148 6386
221 15750
181 9232
190 1072
207 8294
139 2207
109 8331
130 4024
214 12713
185 14932
144 16164
262 15013
277 1155
101 16395
278 13052
189 361
234 1166
270 12398
236 4218
160 16549
171 3014
252 10479
101 14913
180 14712
184 11339
274 11813
227 13453
162 8036
126 5008
278 12199
106 2664
140 15828
111 11077
227 333
299 4500
198 8326
104 12975
123 12806
217 2559
165 9225
257 3484
111 14927
149 3395
276 2745
262 8889
191 1280
201 15681
121 4345
205 13898
121 9194
221 9497
168 14147
222 12611
252 3036
213 4504
270 10440
114 742
168 5287
164 14783
111 6436
108 6125
270 10744
109 14473
221 11320
260 3499
185 3992
202 848
102 13165
290 9624
180 6345
106 9054
252 10214
