200
1.0 3.7 3.23 1.63 4.16 
109 13070
243 13715
138 13432
299 11983
262 31571
172 26734
217 29531
240 3772
273 18745
214 4841
297 23378
270 32298
164 26017
183 847
240 6124
214 2447
296 17223
125 28482
238 16835
226 27043
207 24166
179 5744
181 22049
236 13717
148 20377
135 34451
222 18557
277 17702
114 33334
110 6745
143 17222
124 7479
120 32350
201 6216
299 3878
277 8520
295 2117
283 24115
108 209
199 9004
195 4427
262 10428
234 9470
200 7662
214 33515
256 28658
175 7631
290 17372
219 25904
224 5894
220 34001
273 11837
241 11788
138 22852
231 3825
298 9736
201 23756
146 12909
185 32676
289 2269
108 9993
128 8933
227 24426
185 131
240 7924
278 20892
186 28915
218 1817
198 15469
119 30689
146 24690
190 18403
191 12153
256 18552
152 23825
290 4441
258 3596
195 29602
234 20850
187 14049
199 17791
198 28102
142 32207
227 9719
236 4568
288 29662
160 22554
101 22874
272 18864
207 20656
226 6665
285 30138
114 17884
195 24468
186 18329
267 14919
251 11742
221 25190
299 9791
216 30808
158 7918
167 22553
175 7339
164 6913
151 7579
296 21444
174 22558
133 28303
225 19061
241 33855
146 5940
168 10815
168 18618
252 20987
232 27180
260 33514
118 20153
199 8753
196 34002
260 7766
101 21551
284 28424
293 17634
105 31570
152 26540
146 24408
269 26862
237 6385
237 7967
118 14800
245 20839
247 31606
110 26703
234 2484
124 11047
188 32938
178 18817
209 27213
134 31697
249 33228
284 28992
293 28579
269 16682
116 9977
207 18706
240 3885
232 1468
205 1334
268 19175
244 11877
232 30334
259 7320
232 16511
247 19914
241 16559
264 2400
127 28616
146 2889
127 15611
170 4878
211 10703
156 6927
246 9906
198 23278
124 14351
270 11140
266 6108
129 1468
168 19426
147 16165
166 17443
191 16761
155 24248
149 21102
290 28846
208 32937
226 10373
232 26788
140 26202
273 31189
177 23676
105 19220
205 19598
150 10199
119 4528
223 27813
284 16809
122 15151
200 16582
121 6169
220 20678
145 14721
270 13611
247 31573
136 28541
271 8093
214 11597
135 10060
157 13628
194 25498
