300
1.0 2.62 2.92 3.24 1.79 
282 38764
119 42534
283 37337
121 3303
155 11132
294 4579
166 18531
163 50182
247 49432
120 44964
153 24433
288 49749
216 29772
104 46616
178 10310
120 1863
196 5732
112 50418
140 19536
264 49346
283 15196
258 42211
257 40658
299 38014
262 37494
295 15558
265 18150
275 41445
219 8513
278 25233
289 44784
201 38429
204 12631
210 5826
211 20326
204 33243
191 32628
232 43228
113 43454
184 16819
181 13992
205 5150
274 29622
129 28620
244 13440
291 46487
290 10583
297 39565
228 48358
233 13825
237 28678
135 14897
137 20213
127 416
184 47798
270 972
193 4899
144 32453
221 15197
174 18592
263 33576
115 1060
126 36118
271 47125
143 7733
265 35845
163 31329
167 14887
225 50482
257 5983
187 3002
118 25308
277 4159
203 23857
269 28548
285 153
161 47136
237 38481
199 15364
159 46051
191 48701
240 20811
140 15677
243 36011
288 14256
173 28462
229 3195
143 44692
273 24651
217 18459
269 18395
259 52323
213 37831
266 36390
144 41105
100 50243
146 13062
258 31579
207 1435
241 48532
131 39872
129 36936
186 51426
247 4863
280 14111
108 12908
195 22838
102 5137
209 12814
181 35498
148 51614
120 20628
253 39033
141 2246
254 9940
166 14795
131 12700
178 52112
219 28052
218 46099
166 23155
251 27834
197 43275
150 1575
168 11415
169 15729
291 2496
174 27865
155 39368
125 38632
194 49714
287 41961
170 20428
204 8897
163 3502
159 11830
165 34659
270 21574
128 18682
231 27277
110 34485
172 37871
161 46746
114 20496
141 3183
219 47489
210 44841
204 20121
205 43427
124 10695
265 5916
272 28363
213 45727
227 32653
219 29609
288 31549
299 36375
197 33299
104 7055
123 20414
186 34411
269 28600
117 51938
275 28498
150 29487
109 38994
140 48232
291 11482
204 41311
238 38278
149 3169
160 26110
294 4473
104 38607
166 36266
254 35432
248 5448
123 44575
139 36360
247 50529
279 2419
289 35173
167 19697
222 52061
210 16618
148 10759
160 3989
290 40665
223 18550
274 21074
162 24847
287 36246
246 34090
254 37540
188 28231
200 21484
173 15789
106 277
289 51826
277 7114
208 21672
145 10457
146 40604
188 47579
278 47961
255 5429
222 10954
189 10844
159 14605
163 50624
269 43222
211 46785
255 18875
256 2305
167 31018
271 4490
245 22819
259 30162
283 30519
109 31138
216 45986
278 4296
196 22546
228 33143
182 4518
270 44381
110 37270
257 31236
209 52408
269 7348
223 36689
297 28570
298 873
270 43512
131 27238
194 14490
102 3810
268 3792
119 38858
159 41208
161 28258
228 25779
230 37651
140 8577
278 51853
172 42945
169 4730
124 11497
126 7165
265 50141
173 29915
272 4111
283 5301
198 13261
156 44338
197 30371
130 6067
132 40965
290 38159
131 46214
252 3647
177 11987
199 38192
252 15560
261 45563
282 35051
201 23411
147 22574
215 27912
289 17129
157 2701
177 27354
124 41710
113 15061
174 4876
298 36157
136 13840
267 9966
280 35072
189 26151
188 51947
200 25477
299 4329
163 30449
150 39723
166 23623
140 16651
167 26852
208 8358
167 41290
233 33444
133 2175
210 12877
182 29965
240 31414
264 15850
170 10231
230 38416
127 21383
187 40002
