500
1.0 2.0 1.48 3.48 1.6 
106 79617
118 48175
295 8514
197 85503
104 12134
229 3134
285 33836
264 62617
282 78034
195 20855
225 52075
268 46654
194 30287
153 28486
214 82363
160 62112
266 26447
132 21576
149 49637
144 29886
155 45356
151 45463
175 29180
158 77681
252 63435
294 38825
136 11206
139 76768
233 63173
162 15192
208 4260
130 85958
200 81368
226 63105
129 37090
257 35377
101 70069
235 15297
123 63900
281 8561
221 60838
186 36498
106 25348
197 47656
241 40967
207 39669
175 781
113 3899
225 8312
265 16186
103 82398
126 71636
250 38759
141 47951
106 69412
250 1051
259 4518
286 59004
155 85173
233 37581
296 75395
205 21335
132 37234
102 51010
166 82285
109 57826
101 35433
241 83917
283 5388
116 81215
219 60356
239 57850
288 84605
141 36447
263 68964
166 59161
149 84814
237 31601
202 10013
284 14030
239 53842
172 79211
281 803
177 66316
179 17188
232 35821
210 16629
103 52797
266 19180
197 63153
162 8627
162 56230
282 41067
278 51516
125 34622
284 18488
136 79742
131 61262
174 19380
158 38332
109 44027
178 69261
140 28544
227 61996
112 57841
260 65812
113 54980
190 60480
150 13419
271 41258
181 85363
160 9834
290 42439
224 3810
130 72416
288 33385
160 86928
206 25122
232 4871
125 70321
260 86262
203 29540
158 79064
296 1846
256 52934
191 54501
139 41100
116 29684
199 54338
299 87270
188 72583
158 54246
123 44297
221 22103
190 76975
106 25149
248 67535
237 34638
238 67192
227 8898
272 63666
268 15427
223 14083
229 55667
189 57832
184 24339
148 45576
215 10309
175 41566
262 14257
181 67062
183 86928
111 44948
212 86663
297 71791
205 1516
105 70719
265 84777
276 17603
292 11850
190 32818
143 63515
160 72144
175 72885
292 55385
141 6030
172 19149
281 68929
229 37539
228 32811
156 57509
179 86565
113 60227
140 2480
239 53081
158 1409
163 69009
128 83231
281 59117
128 12881
165 55980
205 26328
185 38929
244 68111
279 66506
192 79457
150 18913
282 16827
160 62238
265 52444
153 22749
277 17186
143 20986
253 9825
146 44351
273 52635
129 45609
106 51540
143 2890
265 59744
135 44602
226 47277
276 35634
292 3578
111 7221
129 43108
293 16684
167 67679
276 57280
219 69088
100 79530
174 8277
204 74719
110 47364
106 9428
275 78694
172 53407
226 15502
275 60659
119 73234
246 51061
109 16520
166 37247
115 62633
204 70766
215 31475
248 54423
130 18003
283 10233
166 42065
296 2366
196 14418
176 4059
170 52335
123 42885
129 36896
256 35349
114 37156
238 57750
232 62738
260 39833
129 69218
297 43053
290 65048
209 86596
124 66052
126 34841
116 80943
207 69876
131 44947
281 31085
179 45026
159 43954
120 37864
193 78504
254 52028
109 66496
140 10323
174 72285
280 70131
179 68059
179 32167
263 585
139 73938
293 11141
178 49201
141 60012
219 2384
116 66888
270 47067
270 73134
117 69462
181 44324
104 50238
178 58589
120 52346
212 76065
195 69849
195 49039
121 50968
230 47381
283 26062
244 62461
238 48343
116 74201
251 73967
286 68890
159 80437
286 32133
137 54956
166 69434
115 50503
178 16160
156 13539
222 43949
283 72490
272 36854
165 23787
226 850
108 56283
271 77550
268 18320
263 38024
138 30619
151 19167
211 51230
259 11919
113 78716
248 5870
140 72889
219 43291
174 13701
188 34201
293 13131
256 29925
282 34199
130 61854
282 75038
112 30938
237 73267
269 12086
134 78113
146 18213
127 3903
288 26322
121 6413
191 34941
279 30450
159 61607
100 65015
192 49319
133 22144
136 44442
242 50597
132 84732
204 37362
180 15963
114 11469
283 74530
177 8363
218 45416
282 9354
276 50082
183 68106
122 33458
129 27759
109 16431
226 20059
118 75489
240 6892
211 54701
274 61744
219 29943
133 33901
198 63240
107 12548
223 51144
292 57153
232 6511
138 62392
233 12860
247 17186
235 32037
168 8926
168 34842
204 50132
116 79245
110 15968
278 56097
194 87298
292 22077
125 32838
137 19536
258 84248
114 38619
114 47005
146 56830
151 4805
159 14740
279 15110
161 17362
120 40458
191 33018
215 86758
247 58260
170 68717
250 42405
147 73980
288 79607
151 28047
141 55243
116 34963
183 48435
217 30309
125 17184
148 49750
259 39714
280 51586
179 76115
233 83073
158 25102
143 80242
160 34287
228 40745
123 17712
225 15041
167 22901
224 11800
146 22211
166 9848
136 30580
207 44911
148 59176
262 63185
115 19064
269 27265
224 64717
250 14912
225 87247
204 1776
294 57268
262 5392
203 23715
230 44088
136 25294
222 21401
165 43170
285 30176
246 79424
252 65939
135 72133
187 16009
127 23479
278 33569
244 29190
159 2002
112 65391
199 27576
170 11782
252 23579
207 24355
148 1963
229 5361
106 3410
245 36789
230 65691
144 78530
202 31377
213 2093
163 4815
181 48022
196 41062
246 23078
189 40927
197 22433
122 72522
103 43245
284 75770
209 20666
292 52848
151 57305
149 75381
290 83435
118 30965
201 79322
286 86546
240 50315
191 17398
117 23136
108 67579
112 9419
171 30329
182 17445
142 14750
260 79404
166 51865
271 3432
149 37848
270 65948
100 77643
272 49425
265 63224
240 81010
231 41568
100 576
224 63320
261 77403
274 14350
115 20615
171 12647
105 64223
109 9941
285 21907
188 63156
291 23156
107 40
221 63229
189 36360
173 5968
257 11387
