250
1.0 3.92 4.31 3.73 4.28 
243 17176
216 5918
243 33701
154 12430
203 5637
152 5813
150 29993
112 25579
272 22344
231 13175
212 42242
271 27741
279 16783
297 18031
240 8340
113 1099
109 24840
211 30572
286 37722
137 15929
209 33306
160 42495
279 17809
161 11468
236 28161
202 9587
292 18108
153 14780
104 12805
208 1375
124 30694
282 37201
290 40204
132 16145
119 24692
270 4074
203 37725
195 11005
270 22809
189 35202
200 4731
125 42547
109 23744
230 2121
237 40398
139 39216
201 9499
295 4165
210 36933
208 43351
121 17475
212 21711
290 25740
292 5166
130 5147
131 28264
156 37757
143 27890
213 11995
153 38655
172 17431
113 29565
170 17027
161 127
163 43186
142 16603
212 37695
102 28145
260 2239
165 2955
118 36054
109 8252
243 17059
154 25014
263 38220
107 12933
289 43643
257 12309
100 21413
220 14441
272 6569
229 12843
117 24437
216 4314
283 42931
100 8401
193 42255
264 43202
191 29158
285 13731
282 5518
273 20277
251 22557
239 22892
100 38245
123 22478
226 31401
247 23418
193 20322
262 3188
295 8696
121 23502
221 40874
137 33102
195 37637
198 25001
208 11287
226 43627
129 14279
120 39327
108 20377
150 26155
127 42564
149 5363
191 13122
134 34545
129 33635
235 5216
283 41285
181 12972
179 27163
284 22583
253 29236
243 20306
241 43094
244 28183
217 15367
233 26531
268 36437
128 16562
241 4577
222 6827
159 40802
244 9358
230 38336
259 23317
118 10424
214 37661
210 27334
142 25022
268 37058
243 41218
239 12884
248 27664
161 24261
153 37753
172 13569
192 5556
123 8489
167 17392
157 14511
115 29095
280 13670
114 21799
156 29809
178 11145
189 3349
295 22353
255 29824
198 26536
278 41195
279 13028
226 4653
223 14386
117 34671
226 37012
286 8338
268 2562
226 16603
217 8322
238 6092
109 21733
265 14735
265 40159
238 9789
151 1794
235 5061
239 21020
222 40502
236 17088
165 41776
107 25632
281 35735
209 26760
289 26383
187 32910
255 34976
212 8685
112 22908
183 32609
227 5448
234 22621
260 11291
118 2198
195 1205
283 38126
110 13169
242 40176
172 25664
284 39895
273 10957
280 12988
299 25055
244 21329
172 2057
278 37980
119 25617
154 34359
119 33044
193 16711
204 41232
267 40103
256 38520
158 492
271 11924
207 29220
175 23538
205 35965
262 32103
208 15388
290 15928
292 32747
112 11969
212 1108
169 38743
144 28277
115 33719
234 4274
159 32411
288 15436
137 5894
195 11589
107 34593
216 11628
217 10617
239 9045
149 43126
145 42832
148 11443
278 22126
165 41885
284 31325
186 7826
248 5846
147 24146
169 11766
253 35658
156 6707
148 30794
124 12751
