150
1.0 3.48 3.33 3.71 4.41 
185 2376
135 5179
268 24697
227 18395
192 12651
210 12122
280 2539
108 2944
206 3546
259 20296
215 966
213 15650
249 19888
272 16984
130 17774
173 18847
120 20795
218 6475
290 22055
191 1219
185 7787
202 2593
143 16250
161 20773
124 19744
148 476
217 3856
132 15139
192 25351
260 5338
223 14380
150 4443
237 1901
225 25445
119 10517
187 20888
140 9447
287 23899
248 23909
123 21367
111 19419
267 25713
148 12091
277 24656
137 21329
181 15575
185 8315
152 14516
299 7891
242 21275
278 21443
243 2997
232 15890
205 5238
189 8927
258 5231
273 14349
161 9870
119 19571
118 10695
269 2789
288 3609
172 1823
163 8728
104 16068
255 18089
162 2625
198 1896
104 8629
102 9690
113 19363
181 13295
276 11846
296 5205
265 7340
257 10651
106 14649
163 14613
128 18184
259 18091
251 10678
138 16145
255 608
256 13270
201 6421
227 12539
183 6433
210 6822
165 4290
160 3259
216 7515
292 15927
289 17393
149 10798
278 13859
174 13937
199 17689
156 7877
117 6121
103 18913
188 16720
166 16140
130 18981
151 8586
191 12016
211 9294
115 916
252 15436
243 22436
240 3921
274 6110
123 9760
259 3981
221 10731
124 25735
153 13281
282 5640
114 9981
237 19604
208 10147
266 21174
202 17340
232 3778
199 10973
147 15446
223 19484
289 22327
111 2524
154 12132
237 14518
252 19187
280 5716
195 10993
156 23010
259 17386
161 9970
189 12440
146 776
163 25977
142 74
223 7271
113 22998
261 2252
110 17196
145 5657
229 5214
120 22367
233 13281
119 21459
144 4641
