350
1.0 3.41 2.56 2.39 2.88 
285 12484
111 50644
200 53827
176 9039
107 19611
167 32193
108 46121
214 37302
266 50387
299 36246
197 23511
118 38189
153 26555
169 23994
277 15393
262 48113
116 16660
226 34092
240 2119
228 56275
263 49826
274 15928
160 16063
293 36582
243 41844
167 44077
196 6090
231 13628
117 27954
161 48432
241 59988
251 44115
222 56608
259 16187
131 50822
124 13996
151 13591
274 33753
165 16074
155 13716
160 7336
193 48545
264 58816
107 1805
276 46293
167 23530
222 20749
295 3210
260 17363
118 42314
203 2671
150 3194
276 42967
179 49118
280 30141
199 17803
153 44749
250 21186
252 58739
274 42101
208 26469
163 31426
243 34798
210 27343
219 29263
203 59103
190 53233
254 46294
278 53839
126 16428
125 12680
114 18578
248 36632
199 34037
261 18354
152 11402
176 6399
137 19179
122 34267
204 41656
299 15140
225 2916
172 19295
196 39981
260 53574
152 15873
201 26022
254 47659
212 31141
127 47958
165 36417
244 58566
130 23851
163 1001
298 9409
126 43719
230 28930
162 23744
174 12531
167 30566
267 48510
267 190
163 50459
219 10829
275 21735
113 34650
110 39388
282 42049
169 14531
253 3361
152 50343
248 34859
167 7624
153 52229
258 1008
122 19704
267 14001
156 57769
147 60973
274 31116
293 61050
253 54383
249 19413
255 30493
140 55624
170 8314
167 57744
193 33244
159 48995
117 6527
272 3126
138 54388
268 40369
179 55844
289 18557
292 41744
274 45310
246 49954
215 42664
105 17585
273 26475
224 20761
231 43085
245 12971
119 27367
233 15344
159 4170
268 52568
261 58470
175 54842
162 36746
220 8231
249 52521
263 34062
168 18959
282 28260
116 840
207 8555
183 39258
221 1940
188 56207
283 22152
124 21780
264 30439
210 47243
194 3036
190 4917
133 6472
224 32076
238 13956
216 47935
251 18591
112 27944
129 1564
111 44597
124 2670
236 27196
276 20331
126 11853
292 40491
249 51775
124 4274
199 32722
187 24876
140 37959
212 2063
180 52585
144 56915
140 27901
271 6232
274 46140
178 7742
143 32119
219 52898
171 56773
181 40844
112 52059
174 5753
121 22671
249 51198
219 47949
260 39581
202 23978
121 42859
272 15452
168 20525
124 35924
146 45129
217 34600
207 4174
210 38731
224 53039
183 31472
198 5473
197 4953
268 4774
196 46371
256 18613
261 1040
196 53813
184 45684
164 53465
186 19586
272 24142
264 34610
283 43141
141 7524
222 11966
106 7325
180 20723
175 10439
287 19182
292 54109
216 37454
213 35915
262 54959
235 1000
267 5865
297 20530
239 23299
236 20629
171 16358
291 42290
239 23544
125 6832
110 57666
115 42179
208 47238
223 40710
251 32955
149 24270
103 2264
167 39919
130 44424
262 19946
177 2528
281 11944
269 50
255 43259
252 29369
215 23990
165 3014
134 60058
184 22710
263 31364
122 46624
168 3096
163 3332
209 20365
243 29046
254 9377
190 38386
247 42357
227 16013
131 34711
244 16784
290 8858
159 17406
296 20860
220 56233
111 16536
165 1291
150 48712
104 29594
115 27438
263 16266
286 6885
127 22170
149 39708
137 1082
260 16235
228 22933
201 43813
141 22813
271 40582
175 29838
287 56152
159 58160
140 58799
299 17994
157 9678
127 42878
286 36188
202 25919
192 46400
116 34995
226 59396
133 54901
140 1315
158 11833
129 12228
269 32154
259 29738
200 36687
166 23446
180 24356
111 59115
296 10456
173 25394
175 24293
151 3911
105 28447
222 35903
287 15382
288 56400
256 43175
211 47715
231 32243
100 49819
269 49761
232 39013
215 12293
256 12080
126 7778
111 5666
298 39415
268 3429
254 4721
148 13429
144 34644
122 36444
165 19303
109 37929
119 13188
246 54165
153 8695
101 57002
230 15991
249 321
284 8426
