400
94 84 19 423 14
49 58 57 268 97
29 97 94 324 33
74 68 18 267 18
9 60 48 141 78
7 72 90 337 4
48 59 27 252 72
52 65 37 216 97
49 86 94 346 16
88 81 24 298 31
37 7 12 120 89
70 74 91 500 37
21 62 21 255 34
31 77 33 309 91
7 50 59 345 16
7 99 43 297 68
54 80 90 454 6
77 46 72 275 68
49 62 54 418 99
34 29 40 203 80
32 99 68 466 60
48 36 37 271 67
38 99 49 297 17
61 64 80 449 18
43 21 97 414 44
49 58 75 436 35
82 19 93 541 61
76 12 27 318 14
89 18 99 348 44
91 92 64 616 39
81 81 65 525 20
72 75 18 312 1
75 25 27 357 18
2 86 93 408 56
7 13 76 121 56
94 79 14 531 6
19 78 79 238 60
61 57 50 358 47
84 90 50 375 24
20 50 48 207 17
60 18 79 441 7
72 65 74 410 86
21 86 94 565 78
39 6 30 150 8
65 25 6 148 66
27 32 87 222 83
49 18 17 234 9
68 39 72 263 92
28 80 11 221 36
58 35 38 215 86
8 34 87 281 100
9 48 29 130 45
96 10 17 232 37
84 7 5 130 73
56 95 86 356 90
49 75 54 337 98
64 61 11 301 17
3 54 81 215 60
13 45 26 120 97
83 92 25 523 61
93 96 40 553 30
84 88 26 419 56
34 21 67 237 65
34 22 60 266 47
79 75 18 371 14
83 50 26 281 75
52 73 89 302 81
73 78 56 394 29
31 98 59 510 43
92 77 10 373 71
60 77 51 557 68
13 21 69 266 48
23 29 99 235 100
65 41 44 379 75
30 14 53 285 53
42 75 86 437 27
48 46 68 395 47
5 22 60 144 55
30 91 28 262 48
70 25 56 186 34
34 37 61 280 34
24 36 31 153 45
34 56 80 321 30
66 39 49 406 78
32 38 76 238 93
21 27 97 401 6
29 55 38 284 95
65 96 61 513 92
7 68 35 243 79
60 35 39 281 34
17 86 52 447 99
36 49 84 275 36
57 12 99 334 45
89 60 74 507 47
94 89 15 527 25
54 10 46 179 63
78 9 87 377 76
60 58 90 471 25
54 28 16 287 12
11 65 26 274 39
38 31 84 244 17
29 6 37 148 7
78 57 90 614 29
56 59 64 525 75
9 16 31 136 65
76 79 56 484 22
77 40 15 373 33
61 98 96 389 33
45 89 67 499 94
42 90 91 589 76
28 94 2 185 33
50 69 37 329 90
94 58 9 470 69
30 46 74 419 35
41 96 72 426 52
24 64 77 208 72
5 52 79 359 56
28 25 58 135 1
12 14 74 238 79
44 88 84 580 36
39 87 80 408 55
97 95 61 359 12
33 53 5 174 8
5 10 80 253 70
85 74 85 351 80
78 6 2 170 92
30 52 10 191 6
21 99 32 407 85
2 85 98 514 55
30 82 37 277 53
92 58 58 483 73
68 47 21 176 47
62 40 39 304 74
85 3 95 356 17
66 17 87 477 32
75 33 63 221 67
43 83 59 502 78
2 59 2 187 3
52 8 43 232 97
91 52 91 396 55
93 88 87 550 11
19 83 84 443 15
51 54 18 339 78
66 13 13 222 19
6 19 43 98 71
64 85 44 335 15
37 15 82 298 45
9 3 85 265 94
3 49 61 280 68
39 75 22 338 71
3 28 38 177 70
58 32 29 250 17
72 58 41 356 17
34 34 30 222 91
71 15 35 337 71
25 93 48 308 33
1 100 81 338 25
36 82 99 338 60
58 51 65 264 30
87 43 48 426 80
95 66 9 367 98
14 42 59 318 73
58 30 18 208 65
71 55 10 302 99
10 43 47 244 45
37 83 52 309 96
99 58 10 379 99
74 36 93 584 71
7 48 56 225 6
62 5 96 312 5
8 32 9 63 52
6 46 19 160 43
15 64 61 315 20
84 33 4 341 84
72 39 51 231 3
24 49 5 101 35
93 84 33 455 92
36 87 42 346 50
74 51 49 337 14
88 64 7 465 28
95 29 11 330 34
68 65 54 335 30
7 97 57 348 91
28 86 97 324 28
92 43 32 309 17
4 2 100 254 26
60 74 30 389 29
6 74 4 209 87
31 78 58 400 98
96 71 97 409 17
14 90 93 473 65
45 70 19 174 7
3 92 91 302 38
10 10 3 67 85
49 83 30 266 98
36 53 37 227 46
91 59 53 375 8
52 41 94 297 46
2 54 51 301 35
50 91 1 198 40
52 72 46 375 16
42 92 10 202 99
98 10 47 387 5
14 97 5 207 9
30 80 76 437 1
86 36 24 381 80
64 6 68 281 33
3 19 65 171 19
83 32 61 329 45
84 96 67 702 32
99 27 91 507 56
54 64 5 361 16
59 31 25 192 16
22 90 65 339 52
84 93 25 572 48
50 3 70 284 81
2 72 1 221 10
1 30 24 133 51
73 93 45 481 10
73 30 92 446 53
24 19 3 123 48
63 4 92 338 43
81 60 15 293 16
27 30 25 213 96
37 74 68 444 29
6 45 91 326 21
6 75 37 225 30
41 51 91 546 47
82 8 95 460 74
65 65 95 302 77
43 43 38 178 74
35 93 4 214 11
79 75 4 422 38
36 57 81 465 100
23 25 90 294 77
40 61 3 238 1
83 99 54 602 98
11 7 17 76 6
88 41 1 316 74
53 99 99 524 9
52 41 24 252 10
61 73 71 313 24
11 97 42 350 68
55 27 74 200 83
86 12 54 414 10
54 87 29 343 73
60 57 10 220 57
37 81 47 469 21
23 29 13 144 75
36 41 44 164 23
19 46 40 308 35
78 45 69 502 12
44 80 26 191 7
43 92 84 343 88
83 23 8 322 4
46 31 40 321 92
63 10 2 104 29
81 91 74 523 89
62 13 31 296 23
72 42 77 314 29
59 18 30 245 43
89 12 18 173 57
54 64 89 421 56
34 36 75 431 4
5 54 93 352 7
73 63 46 419 74
91 9 90 475 32
97 82 57 506 4
79 25 48 362 46
98 78 17 417 64
52 20 63 326 4
80 46 61 400 87
56 74 94 373 25
77 31 34 330 85
57 86 92 644 55
25 76 28 172 97
13 77 17 314 69
28 84 52 471 84
95 90 93 440 12
36 23 89 264 72
54 15 29 268 57
99 89 69 642 34
87 73 35 452 37
87 64 57 450 15
43 4 40 252 42
92 69 46 533 69
58 38 30 256 90
46 93 2 387 99
17 11 65 142 13
80 74 16 510 53
1 35 56 258 95
77 37 35 282 12
51 76 47 358 7
22 36 45 279 95
32 1 24 87 1
63 12 43 152 69
93 62 21 398 10
26 97 54 221 96
80 37 96 567 44
1 28 54 142 34
6 99 49 418 87
69 3 80 267 16
63 31 44 404 61
69 97 44 472 67
7 44 45 257 81
64 5 61 304 77
62 1 11 186 21
55 61 24 351 90
100 8 63 392 29
5 31 13 107 87
37 90 1 341 2
22 10 11 78 59
83 28 71 293 61
59 32 21 191 91
77 22 7 212 35
79 14 95 520 74
95 39 94 464 22
78 48 87 271 64
43 82 31 434 73
61 27 82 454 32
55 57 51 244 94
20 35 74 374 81
38 4 70 317 17
58 83 77 435 95
24 49 15 196 16
25 15 58 191 55
58 95 2 368 89
26 50 14 149 46
85 56 14 221 22
62 67 39 356 87
9 62 29 266 20
91 37 43 291 85
13 16 91 187 46
34 67 1 134 26
30 84 57 322 98
6 28 55 211 79
14 32 35 219 13
84 48 74 445 71
37 58 75 453 49
65 60 50 302 82
42 82 76 477 55
12 9 53 205 38
69 71 10 448 89
1 51 50 227 35
66 66 78 302 10
28 71 67 330 37
42 9 78 168 95
64 79 52 453 88
93 89 81 366 40
63 59 39 267 29
85 6 3 228 87
49 86 63 587 54
28 99 81 458 32
81 44 3 354 44
7 16 55 102 56
94 1 2 128 79
38 100 93 673 74
75 16 43 359 21
17 17 9 117 4
69 31 9 225 46
83 19 63 222 86
29 5 94 354 78
7 22 83 274 25
46 95 31 283 68
23 2 99 366 94
65 78 31 404 17
84 45 98 275 5
4 34 7 58 69
34 46 49 250 38
75 32 91 425 92
60 82 43 291 84
17 19 99 249 42
94 43 82 465 55
46 99 12 288 33
64 5 32 211 100
72 55 75 462 5
55 56 5 315 7
15 24 39 232 97
37 93 21 427 4
27 13 57 151 76
9 69 100 345 75
61 40 66 243 77
7 38 77 196 100
11 72 60 181 34
91 73 80 343 72
16 58 50 312 96
14 58 15 117 96
35 61 27 262 67
58 12 62 245 81
20 15 76 202 47
54 58 75 555 23
94 66 72 487 97
23 68 61 198 57
77 24 22 163 21
94 49 66 555 40
67 5 9 107 66
71 75 71 422 22
97 82 35 432 47
33 35 80 381 49
19 81 73 488 83
