350
79 63 95 328 86
45 27 83 324 99
75 45 37 362 64
81 86 77 475 86
98 1 31 334 84
15 17 68 238 58
32 93 15 324 90
52 42 45 345 3
77 15 70 232 89
3 47 58 251 30
72 95 38 549 21
43 2 21 111 83
83 12 62 242 55
8 93 66 331 98
86 64 96 590 25
94 25 16 389 90
98 41 41 405 7
30 58 71 415 83
93 18 18 203 73
15 27 24 159 2
50 36 79 446 72
82 90 67 716 96
90 90 19 357 39
62 28 47 227 34
94 8 28 338 43
100 46 100 707 26
71 69 66 557 91
73 56 76 261 33
93 100 37 302 17
34 37 60 263 14
47 60 53 436 14
11 100 42 240 48
35 50 30 209 53
36 20 92 318 67
39 9 1 85 45
72 16 25 211 93
81 84 24 556 38
76 29 34 388 70
35 75 93 588 81
55 43 20 309 66
87 83 21 288 56
86 25 85 504 37
68 9 12 137 63
49 33 11 229 44
40 53 50 376 43
3 6 56 141 48
32 36 19 167 73
61 90 67 299 6
71 56 59 348 39
48 7 97 309 72
66 80 76 351 74
90 62 27 500 61
76 92 8 410 75
31 35 9 92 57
76 14 42 242 92
34 27 79 252 45
6 46 43 215 2
66 98 73 687 10
70 19 83 232 56
32 60 22 337 34
64 87 31 535 57
47 37 42 165 67
34 26 83 202 94
83 60 80 282 100
65 49 18 202 10
56 57 91 497 69
88 19 97 482 93
78 90 95 382 71
77 2 8 120 72
5 8 14 47 29
40 24 94 301 33
75 52 84 357 68
29 60 18 220 7
14 81 5 175 49
78 12 27 337 31
18 93 56 339 89
45 34 68 310 57
84 98 30 561 61
21 72 64 382 4
75 17 42 364 70
58 31 21 285 41
49 96 85 283 92
42 13 70 229 60
30 57 20 208 43
73 8 74 391 68
96 63 23 460 5
13 92 9 342 39
19 88 88 310 65
58 83 27 459 34
9 49 55 150 94
89 53 5 441 88
93 84 23 433 91
47 23 79 284 54
23 74 16 301 9
93 30 39 321 53
73 73 33 408 85
62 97 39 309 88
7 82 79 347 29
29 18 77 209 41
93 2 12 276 39
72 35 74 424 64
57 41 97 454 99
95 38 51 396 12
85 30 95 362 84
71 5 96 481 70
24 56 36 148 77
96 70 95 746 59
6 60 23 130 3
56 24 34 151 34
60 64 83 551 89
78 100 45 499 43
42 8 98 187 60
72 51 64 488 94
93 36 27 389 63
50 19 51 317 18
86 33 45 393 71
1 14 51 195 33
100 32 80 496 26
46 27 61 348 5
51 51 33 305 86
25 2 59 198 71
56 17 9 181 27
98 92 49 302 59
34 47 64 253 85
77 40 52 290 58
45 29 96 450 52
65 6 12 132 42
96 44 93 386 40
68 95 64 553 61
44 24 58 195 58
62 4 70 386 47
23 26 51 279 71
13 5 47 124 62
81 87 62 428 1
16 48 19 240 36
12 96 20 236 22
36 88 70 270 5
28 59 37 279 39
72 48 27 337 22
63 100 95 474 93
50 92 58 560 5
7 51 57 167 44
63 25 89 508 46
58 62 26 318 27
56 25 75 297 36
35 70 10 146 55
8 30 47 202 19
10 56 1 84 11
86 58 45 280 25
70 12 9 148 70
54 94 83 283 28
70 19 29 197 100
63 78 72 393 71
26 81 88 424 88
83 26 7 152 62
44 70 39 184 78
59 66 68 383 77
70 90 34 265 15
72 78 52 409 73
46 49 63 336 58
62 50 32 430 31
97 87 42 438 52
28 23 11 153 47
27 89 11 311 76
66 95 72 477 63
54 65 89 286 96
10 66 59 381 20
67 56 81 360 51
66 33 69 424 26
95 61 25 374 28
83 87 84 621 3
64 10 44 297 97
99 96 1 406 25
66 86 97 428 50
3 71 23 214 11
77 14 86 322 97
34 75 13 300 63
60 34 38 202 48
21 60 70 222 26
19 82 31 317 48
58 66 88 568 27
8 93 92 500 22
3 58 70 161 36
91 70 8 452 65
35 22 7 149 74
52 59 91 589 49
47 27 70 192 62
61 65 42 239 24
41 68 21 229 11
14 8 16 78 99
47 67 2 185 55
64 15 67 224 93
18 40 69 272 9
46 43 34 203 5
68 27 69 320 70
100 33 40 400 88
26 12 69 291 69
78 82 18 388 65
91 60 50 242 84
83 7 20 234 7
58 93 60 293 52
5 59 90 270 27
60 44 64 430 54
8 51 32 183 61
1 70 18 147 47
70 12 84 296 15
92 27 10 301 46
99 25 54 347 84
60 45 69 473 58
54 66 22 256 76
93 83 75 430 6
91 60 87 648 14
66 11 39 293 50
64 26 1 128 85
12 91 48 422 79
38 67 40 188 87
43 93 27 465 53
35 88 63 529 56
21 63 19 281 2
75 4 73 330 95
77 52 68 396 42
82 32 48 434 29
18 84 4 300 26
10 55 13 208 92
100 86 12 315 79
10 21 64 199 25
79 60 11 282 72
44 29 70 331 40
38 14 68 297 88
55 85 79 393 24
23 70 18 285 61
85 48 80 462 31
23 33 19 223 43
71 67 24 369 25
64 69 89 278 16
6 32 97 166 58
83 88 57 314 97
32 26 88 305 1
19 10 31 75 95
33 46 68 423 32
37 73 71 239 66
49 97 42 453 4
15 45 77 210 56
34 76 59 246 9
70 90 15 288 100
52 60 49 234 19
26 56 75 328 5
25 25 39 194 52
70 10 95 504 83
67 41 6 181 2
38 89 36 309 80
20 5 61 203 89
80 10 48 259 97
86 41 60 427 2
93 39 37 457 26
42 53 38 385 50
66 2 65 201 47
89 18 45 269 71
64 36 35 371 46
42 26 15 144 97
53 4 68 357 77
42 42 14 185 9
20 77 24 328 86
88 79 34 467 80
52 100 35 556 79
23 66 56 302 31
79 32 87 276 16
98 45 96 314 19
67 84 27 420 48
34 20 78 223 95
47 45 92 259 23
89 47 89 640 14
25 30 11 152 77
66 63 26 390 17
85 92 33 344 21
18 30 21 147 43
2 8 3 24 3
98 99 31 411 71
9 38 98 339 24
56 38 3 207 49
93 61 40 481 54
49 59 60 230 78
69 55 36 372 68
91 87 71 701 7
58 69 4 290 34
43 51 74 441 88
39 43 81 295 26
88 79 92 477 92
49 72 59 459 9
15 66 62 369 96
93 8 45 302 32
12 50 34 246 54
63 25 56 366 47
46 46 41 233 54
57 68 2 251 95
28 78 22 225 57
89 3 100 397 80
28 24 48 171 60
94 72 84 369 45
53 6 39 150 40
7 94 24 160 91
60 33 36 186 87
100 51 9 346 45
81 51 96 625 86
39 58 12 251 58
38 50 75 449 10
35 51 11 270 67
2 87 51 255 73
74 1 9 206 80
70 48 64 283 34
77 4 63 409 81
49 1 25 113 40
50 46 24 261 59
67 85 98 436 57
50 5 1 103 40
68 18 87 355 78
48 5 39 112 72
53 23 45 242 90
57 6 3 97 46
63 82 34 352 69
38 35 50 293 28
1 53 65 272 42
51 15 77 365 55
58 47 57 357 17
29 11 34 206 24
43 3 92 340 18
91 79 64 600 36
29 79 66 370 18
8 80 37 247 63
56 43 15 271 21
63 22 85 485 37
61 32 83 235 90
11 100 14 191 6
62 65 66 347 65
82 71 72 303 11
83 53 50 336 82
8 80 80 447 62
26 84 67 370 40
87 88 31 585 59
30 84 54 448 76
26 51 70 224 1
68 40 5 329 10
63 40 57 366 4
83 52 42 243 4
17 55 48 253 48
63 55 55 382 32
8 12 16 67 5
99 30 56 453 54
44 71 71 501 65
32 16 87 357 80
