50
23 69 38 359 58
69 51 84 295 70
29 38 44 193 85
75 45 31 453 80
61 79 26 320 76
8 62 83 336 45
20 37 30 258 38
6 83 68 269 44
2 8 23 91 35
11 60 31 299 75
97 77 6 293 17
31 5 32 170 74
99 92 26 373 81
62 55 5 193 49
24 32 58 232 46
45 49 80 460 36
66 53 3 244 39
39 26 91 232 82
41 48 17 278 96
51 39 10 212 87
49 89 32 438 43
50 61 52 294 3
46 26 96 323 37
53 69 3 210 83
11 56 50 326 71
6 30 54 215 57
79 13 44 212 92
4 53 25 201 99
6 64 94 391 58
75 31 82 386 89
13 4 37 93 80
25 40 6 156 78
54 37 90 345 52
98 72 75 327 7
89 21 21 353 7
34 74 49 253 36
66 91 51 416 62
66 71 82 518 100
98 35 98 396 4
89 52 100 684 1
43 67 41 249 39
29 28 83 233 5
20 99 78 282 25
27 39 29 123 64
38 40 1 141 25
59 100 19 473 16
100 100 50 447 16
26 94 37 280 58
11 28 85 360 2
75 11 4 226 13
