150
6 99 68 345 8
61 11 28 126 28
33 31 11 92 23
82 35 8 341 79
86 74 3 264 2
70 25 69 440 5
55 24 24 249 99
41 27 84 317 5
59 50 14 177 8
24 48 95 371 97
96 38 52 471 73
24 88 84 535 74
3 92 92 423 80
87 26 87 465 71
97 85 58 477 84
91 77 75 322 41
50 36 17 228 78
8 81 3 123 84
78 33 7 293 47
11 6 79 137 92
87 44 17 311 65
22 49 11 200 92
44 37 96 344 79
8 10 12 61 33
24 99 13 255 41
69 20 7 236 98
27 81 2 181 51
29 31 87 277 76
27 14 43 173 35
41 88 81 342 73
1 87 48 408 75
46 97 30 225 84
40 29 88 348 80
18 1 24 97 27
33 2 34 176 57
86 78 13 402 37
98 3 48 353 76
69 3 76 287 44
74 58 80 279 81
18 15 64 186 14
54 57 50 478 64
100 40 64 550 24
25 57 29 181 38
59 60 23 242 76
83 35 17 361 86
17 48 24 199 87
50 14 7 132 46
11 8 34 64 96
18 40 85 313 51
52 90 3 331 50
58 85 5 291 73
47 66 28 274 47
55 44 61 378 37
90 76 91 361 23
96 69 9 479 68
98 33 91 621 33
59 18 49 174 55
15 76 25 162 13
92 97 53 361 2
44 52 24 212 30
25 59 63 214 18
42 60 42 350 17
67 8 48 358 25
18 1 40 74 23
49 22 16 151 39
15 39 57 229 65
23 98 31 243 33
73 44 50 290 47
18 44 89 230 66
11 94 63 308 66
3 1 67 100 55
42 14 5 110 67
57 32 49 268 74
22 31 65 332 22
3 45 36 168 99
1 12 95 210 72
69 98 81 679 41
17 40 89 419 28
59 94 52 607 46
23 49 23 208 17
65 18 30 302 33
17 63 81 465 66
70 91 16 299 25
94 16 49 257 2
68 14 90 447 1
49 28 26 218 90
99 33 21 187 8
49 88 22 461 76
5 2 38 99 4
30 60 83 402 40
94 14 41 434 66
44 25 51 153 13
32 62 34 227 97
58 44 40 212 77
21 91 7 250 10
63 44 49 434 41
55 79 45 446 26
2 79 18 160 24
78 58 46 402 7
69 88 78 288 62
15 8 27 120 8
34 79 7 228 7
81 22 13 182 60
59 83 48 345 37
34 78 27 254 61
2 39 72 174 3
9 76 5 212 51
14 56 13 247 70
27 97 17 252 92
67 60 27 399 94
91 53 3 251 45
53 52 13 238 80
89 6 61 358 35
36 36 58 260 65
85 99 87 741 13
83 58 21 309 28
87 88 60 553 40
76 35 58 301 66
6 62 15 189 37
94 37 70 508 61
90 63 62 513 8
1 46 62 250 26
37 67 4 242 33
49 9 78 175 40
65 61 70 433 83
7 24 18 85 32
6 66 21 152 98
99 45 27 317 95
33 21 45 150 40
64 70 36 218 19
79 85 100 575 7
93 93 63 651 62
20 14 65 211 75
67 30 31 312 33
26 21 67 288 100
68 34 70 294 30
67 82 74 317 89
33 99 6 305 7
32 21 92 216 62
31 44 90 216 55
42 62 36 319 24
76 27 3 229 35
22 1 77 249 26
52 85 41 378 83
78 71 87 540 63
85 40 39 222 52
33 30 93 249 37
51 7 39 211 7
35 93 92 578 36
1 24 42 107 36
