100
88 76 71 436 58
34 20 44 236 91
16 19 11 120 2
43 19 29 222 16
42 15 77 384 34
42 20 4 89 87
88 46 88 579 43
89 19 89 562 31
5 43 31 222 71
64 34 94 317 99
67 74 25 404 64
43 4 64 310 2
2 58 73 303 85
91 18 68 460 96
3 97 31 281 12
78 94 79 460 45
28 45 17 157 22
49 72 19 291 91
46 97 47 344 94
63 88 74 299 14
100 91 29 439 76
67 33 47 343 14
55 78 94 480 92
54 64 87 584 47
69 72 61 271 29
2 97 6 222 89
83 53 23 474 63
90 14 6 162 49
9 40 62 210 23
98 56 47 592 97
37 56 29 168 97
100 66 19 330 66
31 62 26 249 79
76 94 13 439 16
34 96 84 379 11
39 52 8 278 62
33 5 62 175 97
38 1 13 135 19
88 99 23 267 95
72 62 100 632 26
36 43 35 307 51
11 92 41 417 31
96 48 68 370 11
73 98 48 385 85
55 69 34 236 70
53 25 84 351 63
54 22 75 218 31
51 78 43 462 59
26 60 41 185 88
6 38 67 250 58
78 49 7 190 5
60 69 6 213 74
86 74 15 248 36
26 8 55 201 14
37 38 66 196 27
41 29 77 208 2
1 80 97 218 20
69 42 38 349 18
39 29 1 173 49
30 78 70 494 88
99 26 95 547 16
70 59 48 344 57
86 74 30 481 69
67 21 67 330 38
26 10 70 267 46
85 16 48 338 90
92 89 75 765 87
40 100 30 269 83
42 63 29 322 26
33 37 8 134 37
57 31 26 178 24
40 74 36 427 93
76 100 74 334 95
77 88 94 579 87
5 88 77 235 60
63 77 35 401 49
37 41 51 271 69
91 65 38 546 78
85 57 55 273 58
97 97 1 256 51
96 72 84 726 42
69 57 13 287 79
36 79 95 513 90
40 44 88 279 39
16 88 32 226 69
44 95 92 633 63
39 72 6 269 51
23 1 64 111 1
34 13 57 308 20
42 32 40 251 25
89 99 75 592 52
73 86 53 601 80
38 47 99 548 35
99 33 61 486 16
69 97 15 449 24
52 67 85 314 78
32 86 6 269 73
62 81 83 580 98
12 95 46 400 85
33 87 32 347 89
