500
78 98 81 528 64
29 44 15 145 32
37 16 21 129 52
15 31 12 95 17
58 93 86 507 77
70 36 7 149 36
48 15 91 246 54
54 96 96 486 83
88 7 71 492 27
100 69 26 264 81
36 39 30 243 89
18 3 43 142 6
55 24 72 358 89
5 46 18 199 9
59 78 29 209 51
7 1 78 153 58
45 98 58 547 33
84 90 25 520 90
70 36 71 523 75
90 81 51 652 63
8 71 15 273 93
97 41 23 478 43
27 9 15 151 30
84 100 33 628 24
41 22 56 223 19
31 25 45 173 92
30 90 74 401 94
22 89 21 340 35
92 44 63 515 2
79 88 66 419 55
41 81 21 219 45
92 68 61 478 22
56 64 58 338 31
60 68 70 358 45
9 93 12 257 44
11 73 8 127 69
35 82 40 323 30
16 44 16 225 69
57 18 14 194 7
16 92 52 465 62
22 79 68 312 66
11 4 25 120 73
82 83 98 379 24
31 7 19 168 93
97 72 56 665 29
24 26 26 196 32
57 74 87 523 5
15 81 76 244 68
74 50 67 297 93
19 13 1 47 62
23 42 37 243 59
73 13 95 472 23
16 76 73 340 51
55 41 35 390 2
44 13 41 146 63
22 4 42 112 30
37 65 94 564 95
6 14 41 95 90
99 23 94 507 52
55 15 48 143 47
85 39 7 330 97
60 58 95 285 90
41 50 64 395 97
1 39 61 258 59
19 72 26 217 35
28 73 24 260 61
3 61 2 99 69
20 35 40 114 97
92 91 12 527 96
66 56 74 492 63
41 31 1 103 63
84 93 45 457 77
32 4 67 289 8
57 26 9 127 47
57 93 24 512 25
16 49 96 208 57
23 79 24 312 80
99 49 67 501 91
54 41 98 465 17
7 98 32 215 88
40 81 22 402 81
45 3 80 310 56
29 73 30 165 13
46 25 77 268 3
36 10 46 272 8
3 97 47 429 70
21 72 20 308 4
43 53 37 294 77
74 73 55 244 16
37 84 69 347 94
14 30 37 108 71
30 72 54 257 66
44 33 77 388 18
34 53 100 366 18
8 61 91 339 75
93 96 64 670 15
53 23 17 174 46
92 21 96 345 36
85 12 59 386 48
85 83 32 394 44
80 43 79 552 74
97 90 38 313 82
61 58 48 250 86
84 76 40 418 66
14 27 51 259 18
35 91 13 328 24
55 67 32 260 90
87 88 95 417 40
64 55 11 224 38
50 19 63 177 38
2 37 18 71 34
28 62 32 261 35
72 28 2 253 80
32 37 76 373 89
42 29 41 280 16
70 56 1 306 92
25 41 13 126 13
21 11 74 218 68
95 90 38 632 94
1 71 43 342 84
78 24 42 232 27
39 96 44 229 68
9 100 48 333 12
94 31 79 563 50
74 55 14 384 70
29 79 33 213 74
14 19 69 248 9
84 55 26 332 94
71 43 86 461 66
33 49 61 201 52
65 29 41 276 59
51 98 20 363 76
44 21 91 380 3
89 61 6 453 74
12 92 73 406 31
35 38 14 142 27
61 98 29 316 65
46 58 46 181 40
95 77 33 446 89
34 12 93 263 2
57 51 59 501 40
1 91 15 226 32
38 7 15 154 22
38 76 14 229 100
17 58 8 244 12
12 26 34 127 6
16 4 99 279 59
34 54 18 287 48
69 57 40 395 22
86 92 70 301 65
37 36 29 143 77
62 36 26 221 7
45 56 82 452 99
93 32 30 265 84
71 15 60 239 93
95 43 48 423 35
77 18 58 201 84
37 46 28 281 83
25 26 79 375 35
22 77 62 264 82
24 12 50 179 98
5 49 17 161 36
46 33 88 447 12
71 49 99 543 79
67 66 88 546 84
50 86 62 395 76
49 97 15 381 63
26 26 38 203 68
76 52 28 223 80
90 2 96 483 36
21 15 100 215 84
44 66 30 280 38
21 2 7 84 23
12 27 11 69 49
34 46 49 190 65
6 35 24 99 13
32 17 63 229 34
22 67 24 140 5
87 70 52 502 70
52 62 6 315 4
19 66 100 482 26
69 53 36 239 57
67 100 50 607 57
29 56 37 195 83
39 77 77 467 88
11 26 77 241 59
39 41 59 383 47
98 33 71 244 74
89 7 2 142 81
86 43 34 356 32
100 46 7 309 50
53 59 36 233 92
33 73 73 222 61
11 9 84 208 67
85 45 26 367 17
85 42 30 198 59
98 6 77 419 54
60 99 99 659 33
36 88 9 229 92
13 60 54 316 49
19 40 61 288 93
44 89 52 340 87
8 67 9 241 86
8 36 50 252 85
41 60 91 232 89
84 28 83 526 70
24 63 94 301 63
37 21 89 416 15
93 69 36 374 23
42 80 72 539 59
90 99 98 742 2
91 8 90 260 71
28 23 80 211 62
4 62 16 185 19
47 58 16 231 78
46 76 11 364 65
77 85 99 473 55
36 12 63 139 10
59 30 29 296 85
66 25 33 171 54
75 72 34 371 15
26 4 27 124 68
28 23 95 299 67
48 51 41 184 56
33 4 62 167 91
80 76 97 464 47
9 36 44 176 17
80 21 62 228 62
83 33 93 495 34
17 66 37 156 60
29 66 22 274 20
62 95 78 551 99
96 80 6 518 23
94 33 31 464 34
12 75 34 287 47
70 85 34 420 50
30 28 30 172 36
89 53 24 336 99
8 99 30 227 46
23 25 3 86 3
4 95 64 260 43
20 34 25 187 5
10 40 41 114 23
55 33 47 352 29
76 34 49 270 10
29 38 9 219 19
70 98 51 344 93
25 86 49 293 12
36 90 23 192 6
57 70 72 312 20
93 48 100 697 36
43 28 75 226 91
73 85 2 442 72
6 67 56 199 46
41 87 48 491 76
30 31 58 188 76
64 60 39 216 16
77 35 16 275 20
55 44 41 341 11
44 75 9 276 49
7 57 25 264 98
17 53 71 370 59
42 81 34 346 99
23 71 58 426 19
87 14 45 289 44
77 49 97 521 30
5 56 42 249 10
30 20 38 141 75
58 31 93 345 25
29 82 54 369 96
16 55 28 257 51
48 1 90 400 41
89 55 45 283 33
92 37 15 179 40
63 90 26 337 54
76 79 91 543 46
20 4 50 134 100
20 40 76 278 71
29 100 83 543 55
58 91 26 324 6
95 98 30 601 22
72 79 2 385 13
6 43 66 248 18
69 38 1 269 75
99 88 10 267 55
71 49 98 630 58
38 91 98 320 73
52 63 61 230 57
82 66 100 407 12
98 3 28 270 30
80 11 9 213 87
61 13 88 380 42
88 88 42 434 93
36 7 30 199 4
67 95 58 630 10
15 47 41 254 8
99 78 76 418 22
82 49 22 229 32
35 37 16 161 78
58 35 93 512 79
38 76 18 235 99
36 72 31 388 54
19 15 88 312 22
36 68 47 238 20
21 67 64 274 30
53 7 57 208 69
79 37 98 513 50
76 75 89 594 81
7 71 60 340 15
98 89 97 787 72
13 17 93 247 81
70 31 90 514 76
1 30 48 115 57
7 82 55 219 14
58 21 90 270 47
88 71 42 595 15
55 41 56 190 19
98 62 17 427 46
52 15 27 194 63
19 68 39 319 15
51 62 55 451 33
97 38 63 578 28
18 70 42 389 10
2 59 67 165 16
6 66 13 137 52
4 16 74 208 44
30 9 59 222 42
51 65 9 337 1
26 42 37 267 66
96 73 75 611 12
44 80 38 212 80
23 54 95 515 41
62 70 81 478 18
2 13 33 144 91
96 26 75 468 17
81 38 77 571 79
72 23 52 266 60
27 95 42 232 53
28 16 52 230 49
73 37 98 551 83
95 94 12 290 75
78 6 73 340 30
45 22 87 308 74
17 92 62 291 58
24 22 58 226 12
65 46 82 562 36
96 80 63 375 91
96 31 82 459 77
60 76 86 601 19
90 31 7 156 38
72 23 43 195 17
59 3 6 107 75
70 56 69 257 42
92 8 6 296 99
51 20 100 410 51
39 87 8 194 6
47 30 79 301 15
44 51 98 418 63
56 45 82 286 45
32 8 13 85 17
60 67 48 214 67
25 18 35 160 1
77 5 5 233 25
91 66 23 356 96
43 12 33 179 52
91 98 35 628 45
66 52 58 486 65
1 45 91 404 16
39 37 57 379 92
52 81 16 181 63
27 12 58 277 30
12 88 52 304 68
60 41 66 281 82
90 84 33 409 96
13 95 88 286 40
90 77 28 515 89
63 49 67 328 98
69 78 8 430 33
81 24 34 357 39
56 100 7 307 77
25 86 57 351 90
25 65 80 490 21
28 35 24 153 32
39 95 97 320 51
76 3 92 369 52
78 56 63 272 31
96 47 92 647 37
59 2 38 243 32
29 84 4 310 72
73 81 21 464 3
29 12 48 167 63
9 98 13 233 7
24 83 53 421 34
16 9 66 194 88
42 5 25 208 86
9 42 75 325 46
83 24 26 351 33
52 2 41 278 58
40 16 79 293 89
41 98 33 406 16
99 51 71 276 95
50 17 51 208 44
33 72 27 363 27
52 6 21 199 11
39 30 30 265 10
49 16 6 130 42
68 33 68 460 54
51 38 89 413 33
74 91 81 576 2
65 73 33 453 40
94 46 82 630 19
9 7 47 182 83
89 98 25 504 37
49 51 15 188 68
98 96 34 309 11
58 81 55 379 82
52 71 93 552 23
83 57 1 269 98
20 69 1 167 95
20 80 73 437 28
37 81 10 376 44
44 47 71 329 87
24 30 16 210 40
4 1 99 237 95
27 99 54 350 65
79 51 7 289 4
95 65 43 423 86
60 54 56 495 59
63 94 96 709 95
70 30 55 206 31
24 77 35 355 96
34 6 89 378 87
68 31 58 271 42
96 16 47 286 86
43 12 69 251 80
50 85 78 559 77
80 42 10 278 98
65 69 35 361 83
7 95 22 275 83
96 93 54 676 97
1 80 79 208 91
55 64 98 556 47
3 82 79 295 3
82 59 68 626 16
40 11 27 138 61
67 2 91 319 60
82 63 64 416 29
75 62 52 487 63
33 27 18 233 48
56 78 20 382 48
79 2 74 264 93
45 81 77 439 17
59 7 24 259 40
13 98 22 188 33
74 45 57 432 13
34 81 28 178 30
64 93 44 309 38
98 85 7 341 93
39 45 45 355 25
55 28 41 207 61
54 6 48 210 26
31 17 31 225 70
62 57 73 349 65
34 14 69 303 62
68 94 51 286 69
52 1 61 286 49
66 78 31 350 81
53 28 2 163 85
9 91 88 294 42
79 62 97 584 28
88 13 53 396 8
38 35 98 341 34
51 24 77 405 85
82 98 60 327 23
58 92 26 444 16
20 69 47 390 39
33 18 44 231 40
28 40 76 292 23
42 88 76 278 36
78 58 16 369 9
3 74 27 284 14
44 14 72 309 46
50 20 39 326 99
8 93 88 441 17
3 72 17 172 82
15 76 52 397 62
80 70 6 409 13
93 11 58 337 9
84 46 51 245 97
48 12 46 210 90
48 66 58 332 79
48 20 27 251 7
53 70 30 348 79
61 50 74 327 20
75 28 8 207 81
81 23 76 258 5
27 14 74 300 32
100 87 82 330 95
47 24 86 218 34
7 84 44 172 57
