200
37 33 25 182 18
21 58 53 245 27
69 53 53 450 65
34 95 22 431 66
43 90 84 597 38
67 34 80 524 70
51 97 77 369 98
2 89 4 252 48
96 57 64 453 82
34 63 90 549 86
20 92 11 322 93
1 83 95 371 79
15 75 91 328 29
44 23 80 216 80
63 4 88 432 40
31 34 37 155 13
34 86 84 352 58
39 37 58 332 19
30 87 66 288 28
91 78 3 339 9
88 72 1 250 27
99 59 65 560 41
58 45 53 277 70
85 17 89 305 98
31 26 55 275 39
41 12 82 237 39
99 57 84 420 92
54 80 88 659 5
77 89 29 273 1
72 24 36 302 69
33 52 9 250 48
68 64 21 455 78
39 32 17 143 26
93 93 90 472 13
32 8 80 312 93
3 14 16 65 49
90 55 48 275 92
42 93 25 362 19
16 15 23 129 27
70 44 83 397 91
46 35 24 203 22
70 18 10 225 42
77 14 70 267 84
62 29 1 142 13
82 68 30 447 65
47 19 98 316 62
60 53 86 280 61
88 3 94 485 31
98 75 71 583 57
1 43 54 244 77
20 98 63 411 91
18 65 65 349 95
67 18 88 235 68
84 55 47 248 5
32 47 53 394 71
93 43 84 412 29
1 62 8 201 4
36 60 96 275 43
91 15 43 209 92
27 6 97 308 83
43 76 91 497 83
50 43 18 321 69
36 3 60 231 2
16 27 91 172 50
39 28 13 149 70
96 18 65 496 34
43 19 17 140 100
22 70 63 414 13
55 35 31 306 37
53 20 77 344 17
1 3 85 166 69
31 52 94 391 32
21 3 67 214 71
65 38 14 259 85
54 67 57 237 89
58 70 47 254 91
81 38 100 622 41
88 29 50 403 7
6 26 2 58 71
49 100 70 425 100
61 39 90 266 57
10 18 51 235 83
38 79 12 178 29
3 26 63 272 14
51 19 26 218 75
86 84 66 349 31
88 50 20 287 84
25 27 98 388 17
8 41 18 88 54
39 88 85 279 41
39 88 21 413 49
62 36 70 333 59
96 80 64 610 52
1 44 13 125 30
36 97 25 313 72
98 65 8 254 90
29 29 43 223 2
22 95 66 533 51
70 79 64 485 77
3 59 86 287 88
10 13 100 219 94
26 92 82 299 24
14 83 19 348 77
8 2 72 126 9
39 69 31 174 41
36 82 17 255 57
43 62 88 431 73
74 50 60 417 99
25 35 11 138 75
45 21 9 128 32
52 46 88 359 82
53 4 64 208 28
82 84 49 414 2
27 54 28 276 62
49 36 32 144 70
4 50 40 236 42
85 28 65 358 85
93 85 22 279 42
56 32 33 352 79
73 23 82 329 45
82 13 99 389 72
55 92 36 315 66
59 63 71 382 94
47 71 78 352 33
81 35 79 427 14
4 39 20 115 16
5 72 56 286 28
86 90 91 796 92
3 32 66 302 78
23 89 11 257 65
31 23 30 169 60
47 69 69 479 48
74 4 67 254 76
77 90 70 289 83
79 45 64 479 19
63 74 52 550 33
49 92 11 307 2
95 42 92 645 36
21 56 80 206 62
64 80 83 566 98
75 88 75 588 25
39 68 91 445 5
32 11 83 196 67
90 70 18 430 9
98 62 57 361 83
47 13 27 122 80
62 43 19 156 70
38 94 4 329 18
9 12 91 279 33
70 47 81 355 26
81 7 22 250 69
55 11 11 140 1
36 89 46 391 77
43 42 91 424 56
3 1 93 119 68
37 50 71 384 22
82 66 68 423 60
32 5 14 118 99
10 42 94 422 82
7 42 29 166 14
63 18 76 334 83
60 10 44 227 96
32 28 42 131 53
75 79 51 589 54
45 17 37 167 25
76 47 9 172 94
19 89 55 229 35
94 27 17 266 67
57 77 95 276 7
25 51 93 222 6
15 78 24 180 9
6 98 64 246 11
39 53 38 276 28
81 83 45 345 88
34 51 90 483 5
73 43 56 325 30
79 64 18 305 72
52 34 3 208 20
68 9 86 237 69
55 79 23 276 14
43 98 93 447 15
73 23 28 269 48
53 17 78 444 47
3 53 7 97 99
81 31 91 305 89
54 68 87 298 16
22 12 61 191 8
41 58 3 273 66
29 90 47 302 8
12 70 55 290 92
37 45 11 250 51
72 53 52 482 71
94 59 65 532 36
75 50 77 269 70
32 65 31 310 15
63 19 23 292 5
35 63 82 439 60
37 60 87 438 12
96 17 69 434 26
55 23 83 465 49
