450
75 18 21 177 71
4 23 12 112 99
8 42 5 129 84
2 23 20 129 79
40 3 75 297 63
79 73 47 406 80
12 56 88 305 85
22 66 48 397 45
24 41 31 128 72
78 82 58 617 42
72 23 32 236 53
57 28 44 356 25
46 32 4 234 55
79 72 70 276 81
36 42 4 151 29
7 74 91 294 23
34 8 73 281 4
10 20 4 50 11
35 87 21 306 48
83 61 57 473 40
53 30 85 357 18
5 91 2 143 18
47 86 28 388 88
83 95 22 395 7
3 70 50 352 48
92 48 12 260 96
96 44 9 292 12
27 23 63 247 27
14 99 59 356 12
85 64 40 298 3
47 86 17 206 67
18 86 99 373 38
89 80 27 543 42
88 77 70 648 87
19 59 11 113 98
36 60 53 182 41
70 10 29 192 45
85 52 27 256 78
91 70 94 720 35
72 83 37 449 53
89 93 13 310 69
49 32 34 228 31
61 83 24 365 40
98 92 21 481 65
52 6 32 126 7
95 65 87 507 8
19 41 17 182 46
99 66 63 374 86
37 64 67 231 1
50 17 53 233 76
41 59 84 487 81
47 100 49 306 79
48 27 32 138 31
29 29 70 223 69
57 25 90 490 74
70 17 42 195 54
86 56 40 251 45
11 15 96 234 63
13 2 18 61 46
63 10 45 320 88
11 73 73 469 51
78 78 42 592 29
1 87 12 228 61
66 89 43 535 25
38 36 98 243 44
91 73 78 395 84
25 57 53 355 57
31 3 24 86 3
57 93 99 496 82
21 66 13 182 13
43 54 39 246 99
78 13 31 238 74
9 83 53 196 11
71 93 43 616 55
56 89 96 415 21
95 8 62 481 67
92 88 19 329 32
81 83 31 525 18
2 76 89 251 26
5 3 97 227 13
27 62 17 237 62
74 39 1 301 63
77 84 61 366 89
17 61 53 258 95
13 39 4 126 91
62 95 37 383 32
37 21 24 150 84
62 29 80 352 2
35 97 41 212 22
97 26 57 224 82
89 96 65 572 41
74 15 59 191 67
96 64 91 474 78
98 76 32 422 1
37 24 61 250 94
62 91 23 230 1
92 46 37 385 35
7 26 97 207 62
63 76 99 486 97
34 26 64 174 39
13 42 42 248 46
26 11 35 202 32
54 76 41 215 74
16 46 51 289 41
28 18 89 346 87
87 91 56 473 42
72 92 60 527 92
31 19 34 125 20
87 72 31 524 95
99 60 17 412 38
53 78 8 215 32
7 36 40 123 30
44 97 57 386 50
92 37 89 428 79
55 13 46 169 52
70 36 74 404 13
5 57 7 173 64
77 4 59 254 86
20 61 88 212 31
37 92 67 503 73
93 14 96 437 53
28 96 76 445 33
2 45 98 243 28
7 14 95 235 50
30 23 30 142 82
98 79 80 404 52
16 6 4 77 5
35 96 73 258 98
87 74 57 489 63
91 47 25 405 69
6 82 55 359 6
90 9 14 231 57
39 55 64 443 83
9 87 9 298 69
65 41 81 482 98
18 99 80 436 64
93 7 78 507 7
94 28 23 259 79
77 40 24 398 16
76 73 51 385 72
45 91 82 441 23
51 94 47 564 59
45 8 91 177 18
82 70 36 337 53
12 9 1 41 23
11 78 5 174 74
9 57 5 110 46
56 44 64 218 80
78 7 15 167 40
70 76 88 620 61
94 71 49 483 69
4 58 94 233 89
44 76 2 183 71
90 58 95 479 59
61 68 4 188 56
98 24 56 379 36
35 65 78 347 30
16 84 63 395 87
75 25 75 293 64
6 58 83 239 84
57 42 45 413 100
57 20 2 136 54
94 12 99 314 70
88 88 51 496 11
21 44 88 404 67
6 27 44 199 7
63 63 30 427 40
36 1 27 108 2
25 9 30 151 57
6 42 34 196 53
56 74 60 375 85
41 31 35 149 79
26 34 36 246 90
39 39 19 267 30
38 50 40 178 81
15 14 41 135 68
51 96 68 529 84
2 89 1 151 70
41 91 25 419 43
2 60 35 177 35
36 98 36 217 20
67 52 77 543 46
95 74 94 611 1
7 20 96 256 72
42 60 1 156 41
61 40 24 259 49
14 5 18 86 10
86 48 52 537 80
15 79 57 355 16
21 31 18 177 78
25 46 3 217 56
70 14 87 343 73
83 86 88 679 44
76 81 8 434 91
43 92 38 462 73
23 98 49 325 9
57 1 55 181 23
48 1 66 261 70
52 78 2 344 74
76 90 53 576 77
1 18 8 72 10
57 21 33 326 38
95 38 52 435 70
69 56 58 321 23
48 4 68 321 77
62 36 35 300 22
83 57 75 639 66
50 17 68 310 40
37 17 21 189 32
51 49 52 314 75
77 54 88 337 21
17 12 15 77 86
34 48 25 152 63
70 72 11 327 25
71 5 25 161 71
43 27 96 481 100
58 100 16 222 50
80 61 35 272 2
34 3 26 151 83
16 88 66 449 35
68 85 76 291 80
44 100 63 271 10
70 99 10 308 25
32 28 21 180 98
28 7 6 101 32
26 19 68 284 85
60 82 76 604 45
76 5 67 217 56
80 65 27 233 32
17 12 90 234 88
56 10 21 213 34
35 98 58 280 20
4 80 34 305 67
65 22 21 176 47
47 74 42 380 80
84 89 50 395 39
43 56 68 377 61
40 73 99 328 17
2 98 5 172 89
3 13 53 161 72
65 86 27 223 86
6 43 76 343 95
57 40 86 371 18
46 84 34 225 81
100 88 76 691 10
55 80 49 288 51
56 23 64 389 11
42 70 60 416 18
84 98 46 452 22
53 29 56 329 23
34 74 59 228 89
20 77 48 294 32
89 77 71 394 93
17 52 32 166 93
68 82 37 294 31
95 92 85 670 83
48 100 99 602 77
76 49 24 255 44
87 63 94 432 31
3 82 3 161 87
81 10 18 173 73
59 40 48 231 97
14 5 97 279 75
26 38 16 159 2
18 56 58 299 22
81 12 64 329 100
17 66 5 144 76
40 74 23 310 65
46 85 1 227 77
69 20 66 375 54
42 34 5 142 96
82 29 9 191 53
54 40 21 185 27
34 50 42 377 7
30 8 25 113 50
88 67 24 350 90
40 92 51 392 7
48 94 6 378 12
78 72 98 632 40
34 26 6 142 15
36 94 3 277 48
48 36 81 371 68
95 16 90 473 73
13 55 71 348 55
88 43 22 349 12
37 24 16 174 25
34 14 20 120 76
29 62 65 208 68
76 92 20 551 79
77 71 87 394 74
84 70 77 648 53
84 11 44 174 97
27 84 16 315 86
59 2 83 384 55
85 5 51 339 62
67 46 44 349 26
7 9 50 105 8
88 88 93 572 12
17 29 28 180 96
41 58 39 385 93
30 14 99 418 29
90 76 62 539 69
20 40 100 254 1
52 18 3 123 16
95 19 42 211 62
70 30 33 340 48
74 54 37 453 28
60 45 66 291 14
22 55 62 392 4
85 8 14 216 53
93 35 15 364 16
72 85 1 224 6
21 14 54 254 35
70 10 46 209 81
79 45 21 300 12
83 34 85 273 69
6 83 33 316 95
21 52 63 244 17
9 25 87 286 23
39 80 93 513 81
25 61 75 396 43
62 17 45 346 73
22 13 49 248 91
39 40 29 301 69
10 37 1 99 82
74 92 83 502 56
9 26 96 167 97
58 93 32 251 23
44 92 12 410 100
55 67 52 286 100
2 56 60 178 7
89 36 36 477 19
58 91 39 471 100
96 11 40 389 84
76 84 82 465 62
85 82 79 677 55
85 19 47 417 76
66 42 6 305 59
58 65 2 313 100
25 89 32 417 46
17 23 8 77 89
58 59 82 333 48
46 42 72 295 57
82 96 35 435 28
51 94 9 231 55
86 16 12 153 91
73 4 10 190 52
50 35 35 264 49
86 87 49 292 4
48 72 50 243 97
53 5 65 367 16
95 30 46 282 100
80 91 82 725 90
100 8 76 300 59
73 75 64 299 42
17 18 73 254 60
53 83 15 278 73
92 23 26 204 60
73 94 98 765 83
52 47 54 278 37
1 93 78 351 59
2 5 58 179 19
86 10 5 185 54
95 43 77 617 29
38 85 23 208 4
25 96 4 355 78
14 69 75 389 97
29 40 22 148 62
30 75 92 439 71
52 29 56 301 34
64 81 27 441 34
78 89 99 341 89
35 41 8 197 74
76 24 100 415 65
24 44 89 413 53
14 11 85 325 44
28 9 16 71 15
56 90 24 277 95
93 95 25 518 71
35 5 61 240 60
32 69 54 334 30
50 47 35 183 18
65 96 6 429 75
74 75 78 610 5
27 43 79 392 88
20 28 46 266 69
79 34 37 339 7
72 22 42 197 80
17 95 42 397 91
35 40 47 355 92
75 52 99 315 63
11 25 87 277 11
60 51 43 249 58
45 32 30 299 11
14 84 86 435 53
26 80 1 220 16
41 44 76 369 83
74 27 26 211 57
85 81 45 498 19
71 62 8 179 2
71 29 39 191 86
93 44 71 378 14
30 95 36 348 67
50 87 63 306 86
19 43 86 236 84
3 55 99 202 86
44 71 11 166 16
40 58 34 217 91
69 3 97 374 20
40 50 9 258 98
91 70 69 307 47
39 50 13 144 95
39 70 75 290 57
32 50 76 466 83
91 28 17 181 61
95 95 36 370 90
36 30 47 219 26
42 20 63 201 51
19 78 14 165 44
93 69 38 546 27
28 76 58 267 50
47 44 57 191 91
79 79 91 683 39
17 1 5 29 55
72 79 80 531 62
62 77 32 300 36
77 25 57 469 88
66 83 14 419 67
9 18 23 65 33
35 50 64 237 4
78 62 31 422 37
39 93 99 531 5
67 87 37 461 85
13 80 12 174 28
15 41 6 136 43
54 29 1 157 31
7 38 73 257 18
42 12 32 119 44
98 73 5 223 66
19 21 54 148 70
73 59 47 318 95
67 32 16 148 38
29 15 7 139 33
92 32 60 246 57
85 94 70 407 65
10 41 10 101 79
3 20 41 152 26
30 29 10 189 56
39 99 59 411 7
17 88 85 345 11
