250
75 13 30 211 58
92 23 22 266 88
71 77 75 338 92
86 36 86 348 31
28 1 1 74 50
100 43 32 406 28
23 100 23 372 68
80 33 71 350 55
7 88 58 218 42
15 45 7 151 18
74 68 7 189 70
56 80 45 320 54
39 8 78 186 15
23 30 58 270 73
38 76 85 523 85
44 95 65 396 76
50 9 32 208 27
80 22 47 436 16
13 81 4 208 46
87 10 95 402 40
89 57 8 247 32
27 27 29 171 80
64 55 97 606 20
74 8 89 279 82
71 57 83 367 27
94 82 51 350 97
63 6 82 192 63
64 82 23 214 96
3 39 20 126 61
52 10 50 228 79
76 72 87 662 62
31 92 85 553 10
7 16 59 149 76
52 9 42 150 27
72 82 30 451 96
5 43 72 167 44
86 48 34 334 67
71 61 60 277 36
100 2 37 318 12
48 63 59 480 1
92 86 37 371 59
48 31 80 425 43
36 47 57 317 60
35 59 1 245 94
25 26 80 221 22
90 82 73 416 98
83 3 29 239 97
89 64 26 517 17
79 4 27 182 54
44 99 85 441 59
65 58 31 379 47
4 20 58 107 85
29 16 12 151 42
81 48 92 497 55
66 43 36 264 62
6 67 2 213 56
74 80 97 372 69
73 92 87 338 26
38 16 19 119 29
10 99 12 293 10
28 60 31 190 80
21 46 60 216 37
32 23 80 396 90
63 40 18 183 11
68 22 52 253 59
19 54 68 409 23
88 68 93 360 50
92 10 50 397 26
82 75 58 490 22
83 99 40 581 39
27 60 62 314 83
41 67 8 295 69
12 67 88 345 60
73 16 94 328 18
31 62 59 362 80
62 94 50 322 48
89 66 7 351 82
68 69 86 337 51
38 48 60 386 95
25 67 15 210 50
92 10 65 331 89
74 56 58 384 18
85 29 33 429 76
37 38 99 276 8
14 53 85 203 73
78 26 87 502 72
58 89 86 532 54
6 26 22 70 71
11 24 9 92 17
27 84 82 525 60
20 15 61 153 7
45 4 71 262 44
26 97 91 334 6
43 88 59 435 50
78 70 59 519 78
27 19 48 255 63
56 86 24 208 4
89 99 79 620 79
82 71 87 567 62
65 39 73 471 58
54 55 60 404 76
65 48 71 335 10
62 24 84 471 29
96 88 44 326 37
22 71 78 277 23
61 75 28 379 7
54 83 95 306 11
10 40 68 248 46
27 26 42 208 95
26 65 39 243 52
64 2 24 186 1
36 85 19 418 90
47 26 20 200 72
37 8 63 294 50
93 6 3 198 38
53 28 72 328 31
47 18 69 328 92
41 70 98 618 81
8 68 67 419 11
17 59 97 307 61
88 59 3 441 29
66 96 76 546 38
69 67 95 610 100
58 100 38 357 25
11 29 61 185 88
48 95 97 478 93
54 37 27 155 37
100 90 15 323 20
100 28 54 534 23
4 95 3 136 61
82 84 2 310 76
68 44 58 243 8
94 62 65 357 96
34 62 73 265 80
17 57 42 247 29
96 21 24 381 23
8 30 31 185 65
22 71 74 401 3
15 20 24 89 4
57 62 95 488 40
23 39 97 300 73
31 90 20 287 1
21 14 49 245 34
33 48 24 295 78
49 38 26 196 57
92 63 27 282 21
96 20 23 317 22
33 14 96 180 94
25 64 88 456 94
36 6 62 262 60
35 82 92 339 54
32 41 28 148 48
99 28 74 272 97
63 32 77 290 14
12 78 90 363 46
53 52 58 375 43
51 45 95 255 77
2 62 80 413 92
54 25 98 457 25
77 7 11 166 4
44 6 6 101 25
11 98 28 221 20
77 90 74 709 22
47 91 62 355 47
71 72 35 357 94
47 100 49 538 3
89 95 45 530 42
95 14 37 252 18
19 75 94 325 67
90 73 55 596 73
87 7 17 194 25
96 1 76 511 14
50 17 76 417 99
99 75 99 671 30
16 49 36 139 39
31 87 89 581 3
50 9 4 87 100
76 65 56 328 73
43 80 32 451 34
38 20 54 144 68
44 67 37 315 46
40 12 17 83 55
80 40 5 209 72
62 16 49 304 92
79 7 61 274 80
1 34 57 212 13
31 94 100 303 61
84 68 82 582 17
65 37 19 194 69
22 5 88 304 99
61 82 46 246 66
14 95 11 302 64
13 8 97 247 63
11 50 62 272 100
56 41 64 424 44
80 32 37 353 81
88 70 89 438 15
63 44 66 381 56
14 41 78 342 16
34 39 2 178 45
17 56 2 159 12
7 72 84 218 4
27 85 39 369 1
20 3 88 185 68
63 47 25 315 8
88 38 46 395 66
23 91 22 210 98
41 74 58 374 96
30 94 6 174 100
30 86 15 158 94
72 66 25 226 76
4 74 52 339 65
20 48 72 366 25
48 48 8 218 25
32 81 19 179 51
71 51 54 375 89
12 1 2 36 14
5 36 1 90 22
12 93 65 395 22
41 89 75 536 29
60 39 62 471 35
81 9 10 270 18
71 84 73 281 85
88 77 66 365 8
99 17 69 409 19
3 51 94 203 80
85 55 88 571 4
24 25 19 144 72
39 16 69 335 32
14 11 60 180 82
16 45 99 258 73
52 55 27 237 99
5 3 98 316 91
11 65 3 188 78
71 28 24 168 4
74 72 94 550 78
19 76 84 456 92
10 46 47 267 96
99 91 99 780 54
32 69 20 158 41
24 32 80 238 46
38 13 89 275 13
31 91 46 459 78
50 37 59 311 40
89 22 30 289 71
54 83 83 562 3
49 52 32 379 31
89 59 72 399 57
8 93 2 242 73
99 41 91 360 87
