300
4 67 92 266 66
83 78 43 572 79
18 91 11 323 53
14 67 34 265 70
35 7 43 155 44
13 19 77 159 68
79 93 81 338 40
59 50 20 351 38
5 8 25 99 22
18 29 22 112 66
84 29 37 338 61
34 79 65 301 3
35 57 23 223 77
11 69 38 214 34
20 76 65 233 22
90 45 87 282 69
60 68 97 483 26
92 74 56 660 69
84 25 16 304 27
34 46 7 123 68
76 78 49 346 43
26 34 100 455 21
24 18 74 244 31
46 30 34 270 47
63 13 32 286 100
19 48 58 317 71
89 94 31 487 79
41 83 34 395 11
44 58 55 252 94
26 88 57 312 59
41 28 37 314 83
22 15 46 208 38
98 34 99 284 96
17 76 19 259 26
94 50 15 257 52
37 28 89 371 51
21 94 75 293 7
72 23 48 223 44
50 7 72 283 4
32 91 80 368 2
8 99 38 328 13
90 69 41 348 45
32 70 87 438 5
72 23 66 367 62
82 41 40 212 63
73 20 55 243 63
1 41 27 150 92
34 34 13 147 84
88 74 67 380 70
7 92 44 426 22
8 14 59 120 33
32 24 29 234 27
100 65 77 676 51
9 52 56 194 89
95 26 23 283 40
67 62 90 485 14
87 48 24 284 38
72 66 98 432 49
10 89 95 245 27
18 63 71 386 32
9 43 44 261 27
91 100 43 639 18
74 27 17 214 63
10 92 40 356 75
94 14 99 499 6
55 14 20 244 6
97 57 66 405 74
4 42 61 133 75
21 46 64 361 73
94 14 31 252 75
71 57 24 421 6
82 61 64 357 16
12 6 86 148 58
49 56 55 376 88
32 35 45 285 18
47 80 11 382 97
71 97 33 324 15
87 27 5 204 3
55 15 6 157 67
80 25 93 553 57
82 65 19 290 77
84 79 50 322 46
61 95 7 295 44
35 48 45 294 25
81 14 83 264 65
64 11 49 261 50
52 25 9 145 60
80 39 59 253 26
7 28 68 294 37
28 46 13 195 45
83 31 7 329 61
100 97 19 390 36
40 75 69 504 63
58 82 87 481 55
65 1 52 274 65
53 18 85 256 11
38 36 17 219 86
8 83 88 446 55
28 56 31 328 94
12 27 61 216 98
67 35 20 242 94
39 100 38 243 20
86 38 34 247 30
46 16 100 386 76
16 98 90 414 15
54 54 2 305 59
6 51 97 369 12
28 88 83 435 64
47 3 65 181 53
11 61 96 473 65
94 53 33 465 48
44 54 12 267 8
27 95 80 529 9
11 95 69 464 63
26 90 14 332 10
50 90 10 374 48
90 70 37 264 74
34 59 11 127 93
84 22 4 280 95
69 5 41 247 5
55 95 86 540 39
64 84 60 623 79
30 96 37 245 79
40 50 25 307 2
46 22 27 192 24
3 53 71 360 59
8 69 7 243 11
92 85 7 366 8
36 54 17 171 95
68 50 59 473 36
92 18 32 277 30
88 95 96 701 25
17 80 10 138 99
64 94 21 311 81
70 65 29 229 78
92 66 72 480 91
71 68 33 424 32
73 12 32 344 80
50 58 43 278 48
23 18 15 131 23
83 11 42 336 43
19 33 41 261 87
31 22 24 129 4
13 50 84 177 37
53 59 42 268 60
39 91 68 537 85
3 82 50 402 49
75 54 50 477 87
85 55 10 349 95
10 28 25 185 36
37 39 78 282 4
77 26 2 174 67
100 46 40 553 50
51 30 83 429 95
34 89 91 574 94
48 37 3 168 28
81 70 99 688 44
54 84 100 670 73
2 55 1 154 52
89 98 74 632 10
8 13 95 334 61
40 76 63 221 22
8 91 54 376 68
33 29 90 326 33
30 86 50 297 87
54 27 3 236 76
3 38 71 245 1
37 16 65 164 10
46 27 33 312 19
86 63 24 375 2
27 94 14 218 24
33 44 77 187 67
33 75 45 377 50
51 52 28 330 56
75 79 8 381 96
6 47 6 157 59
42 63 66 258 64
55 78 30 361 34
88 22 26 371 45
53 57 42 418 62
20 98 38 402 23
27 99 29 264 38
84 97 77 481 52
98 50 52 288 57
50 93 69 490 91
51 9 15 130 31
81 71 16 442 24
5 33 53 128 59
59 14 18 234 43
80 3 47 348 99
3 64 23 127 43
21 33 44 125 27
39 67 65 441 38
5 3 33 87 77
5 53 91 362 40
73 27 30 372 64
82 25 17 361 56
90 48 39 226 35
15 65 34 154 57
88 13 93 453 74
57 56 56 380 15
7 47 28 188 34
20 31 46 263 98
88 8 18 143 26
6 1 28 62 9
46 5 17 193 26
76 9 87 467 44
58 44 13 182 67
38 53 40 302 3
65 21 86 325 13
22 7 22 95 28
20 56 18 147 94
75 84 59 322 85
99 84 82 683 11
43 92 13 411 45
64 77 8 265 23
16 4 1 63 70
66 55 83 392 92
85 80 10 364 18
9 100 65 298 42
64 51 89 419 83
86 23 81 238 78
72 53 6 217 71
47 57 45 255 89
88 95 1 291 37
19 48 64 329 49
23 15 15 134 6
7 100 28 204 95
71 83 59 606 68
11 11 87 256 67
22 73 68 308 32
83 3 46 243 57
76 97 44 392 46
5 3 18 63 45
87 52 52 571 8
65 26 83 263 4
62 83 33 248 72
27 60 7 154 52
66 80 75 402 17
57 38 25 323 73
42 24 13 188 4
11 24 94 189 6
48 60 10 320 60
98 20 85 432 14
39 32 43 247 65
12 15 16 57 72
58 72 45 447 34
21 36 52 299 22
79 71 51 403 16
59 63 15 393 97
41 26 89 301 17
91 33 55 399 60
86 63 87 297 34
64 78 9 264 24
42 69 78 487 72
47 42 51 380 90
62 32 44 370 33
33 58 70 232 69
22 63 99 478 85
3 93 12 221 99
23 84 89 315 11
9 76 86 491 20
43 48 82 441 17
52 44 52 247 92
5 12 100 215 80
51 63 31 388 94
66 15 65 403 40
15 58 33 170 6
68 84 22 436 67
87 78 75 493 88
57 14 9 210 18
58 30 97 479 34
6 67 97 296 25
36 55 69 279 91
11 88 27 225 40
29 53 25 314 8
58 53 30 330 67
28 75 66 422 49
93 29 64 522 73
40 41 32 227 26
71 88 12 327 33
91 71 86 716 70
99 45 79 303 37
94 39 10 275 43
80 75 87 460 53
98 6 32 344 42
29 48 91 267 12
50 81 90 618 89
62 79 65 398 68
57 83 82 549 59
14 51 23 174 33
65 2 86 220 58
17 19 78 246 88
1 61 36 283 16
64 44 99 617 91
70 39 20 208 75
90 94 57 411 10
75 86 19 473 61
100 84 86 397 65
19 31 21 142 12
