450
1.65 2.86 4.95 1.7 1.85
9 195
10 235
7 54
7 244
9 161
5 373
9 307
4 433
15 228
15 10
3 431
11 403
6 354
4 12
12 126
9 36
3 117
8 196
5 371
7 48
7 340
4 135
13 411
3 308
14 56
10 192
3 311
10 262
13 187
7 315
14 129
11 311
2 408
10 236
2 289
7 390
2 363
12 448
9 67
4 184
7 76
11 82
8 449
13 187
10 290
9 360
4 138
8 233
12 447
15 270
1 148
8 290
11 143
15 430
7 31
10 418
2 30
12 172
13 287
2 157
13 340
2 429
6 313
14 350
5 356
5 157
6 153
11 207
1 336
9 28
5 175
6 400
2 139
12 279
6 187
14 61
1 183
10 450
2 70
11 390
8 439
4 293
1 357
3 77
4 411
9 335
9 220
12 360
3 27
13 164
14 356
7 188
1 419
2 265
6 350
13 171
3 95
15 396
1 84
7 80
13 3
13 116
5 45
5 296
6 375
7 266
1 278
8 301
6 154
2 270
15 283
11 348
15 84
1 271
10 15
10 25
9 96
6 27
6 1
14 313
4 67
4 64
12 29
10 407
8 12
3 182
14 70
5 305
7 432
7 271
9 383
13 107
13 193
1 60
7 143
7 282
1 115
4 12
8 309
9 440
3 317
9 115
4 370
8 108
1 262
9 370
14 384
12 304
12 399
15 293
2 223
7 168
10 174
3 365
1 161
13 423
12 209
3 97
2 196
13 68
2 226
15 21
10 133
1 376
14 83
15 270
8 23
13 166
10 220
15 393
9 153
5 304
5 188
13 115
14 382
12 423
4 60
10 285
11 45
6 176
10 274
3 97
1 220
10 412
11 226
7 212
3 406
6 135
5 303
7 72
9 106
5 288
12 285
15 333
6 243
6 84
14 52
8 93
15 152
13 216
8 330
9 24
6 297
8 329
11 176
6 267
5 364
6 84
8 66
3 184
11 106
5 263
14 18
10 70
8 377
15 176
2 232
3 255
6 422
3 349
6 32
3 25
12 369
11 294
8 228
3 80
5 91
7 67
11 178
7 377
5 396
9 380
10 390
5 374
1 24
6 339
13 106
9 407
15 225
2 141
14 253
2 366
11 345
7 279
6 94
3 93
11 26
11 400
3 71
12 387
1 312
2 371
13 40
10 161
14 364
13 293
8 102
8 103
9 430
9 267
12 92
11 328
3 6
15 180
12 53
11 369
12 257
5 11
11 389
5 221
6 164
13 299
11 166
8 394
5 220
9 239
3 54
6 333
14 18
6 366
5 64
14 199
12 32
1 106
7 66
3 253
15 67
4 376
3 272
10 331
7 202
5 183
13 169
2 344
11 358
9 172
7 308
15 124
13 433
6 84
2 242
1 305
7 374
3 398
10 87
2 427
6 412
8 166
4 343
10 77
6 279
2 410
1 86
14 37
9 444
6 58
8 446
9 57
2 350
5 4
13 194
8 394
11 147
8 348
13 337
8 81
9 253
4 170
8 358
3 213
3 278
9 79
10 77
4 191
1 10
3 437
13 295
2 168
9 226
3 372
1 219
1 241
7 303
1 421
6 150
14 252
2 448
2 429
13 27
9 94
5 133
8 155
6 233
6 377
4 262
5 260
2 222
11 387
5 8
3 281
14 147
1 301
11 132
1 426
7 310
10 166
4 166
14 116
2 326
4 382
11 339
12 275
2 283
14 111
12 173
4 283
7 286
4 132
12 5
8 73
13 345
9 428
5 303
10 303
1 297
10 218
15 90
7 157
10 205
2 159
12 88
9 165
15 374
2 61
14 16
9 210
6 309
6 380
14 449
5 338
11 316
1 165
6 368
12 341
1 242
13 306
11 427
13 180
2 212
3 29
11 114
8 403
2 93
11 214
6 75
4 370
4 440
15 441
10 377
9 439
3 362
9 258
12 205
11 82
4 79
9 214
9 269
7 156
15 38
10 360
1 304
3 193
10 254
6 283
14 384
13 142
10 93
3 254
5 104
8 152
2 98
6 133
14 440
8 261
4 58
6 123
7 180
4 127
5 273
5 81
