100
4.11 1 1.15 1.85 3.85
6 21
5 9
2 57
12 68
12 17
11 41
12 79
5 8
2 47
15 29
6 6
12 65
9 6
3 20
3 18
13 51
9 81
12 70
15 86
7 45
10 97
8 52
1 30
2 37
4 82
1 52
3 49
6 98
13 24
7 67
6 35
6 89
12 13
10 10
4 58
3 66
13 72
13 7
6 84
12 59
13 10
7 61
8 49
1 74
8 50
9 68
8 18
1 5
1 53
5 2
10 4
3 70
10 67
12 9
3 70
13 42
3 58
11 52
4 6
9 81
15 74
7 69
2 79
15 38
6 11
13 80
1 37
6 65
5 39
12 60
5 88
14 90
3 49
1 68
9 89
2 58
15 33
5 86
11 62
12 58
3 73
9 19
9 23
12 9
14 6
12 33
15 21
1 42
15 2
14 33
8 79
1 55
5 12
4 37
2 74
1 74
11 33
10 55
13 15
14 27
