250
4.11 2.7 4.79 1.5 4.95
10 4
15 250
14 237
4 167
12 111
2 188
1 76
4 241
5 138
14 182
7 124
1 38
8 155
1 230
11 64
8 176
13 58
14 86
1 98
1 90
4 66
12 140
12 90
11 148
8 159
6 235
7 113
10 100
8 124
14 33
15 38
12 111
1 15
14 201
2 100
11 149
13 86
5 123
11 227
10 108
6 199
6 189
6 47
3 37
4 240
6 59
11 155
10 34
11 98
13 29
1 194
10 230
7 121
4 230
15 226
3 80
7 51
5 203
6 109
6 204
13 207
13 52
1 151
10 126
6 80
12 225
10 20
6 175
3 130
14 42
9 38
3 168
12 63
14 35
12 171
7 235
5 10
9 20
13 165
12 51
13 245
7 130
14 95
5 116
3 11
6 173
15 191
14 98
4 112
10 250
8 229
3 113
9 54
14 202
8 49
1 211
6 178
15 165
1 7
1 188
13 173
7 196
1 220
12 243
5 108
11 212
3 15
12 107
6 21
3 96
13 115
3 36
9 113
4 165
6 109
2 239
10 51
4 102
13 102
14 70
7 242
9 114
8 201
2 192
15 16
6 123
8 26
4 196
2 85
6 44
10 50
15 173
12 165
10 212
9 73
7 84
7 233
1 115
15 219
6 152
4 146
10 115
15 181
5 141
11 25
11 43
3 109
12 243
13 11
12 57
10 171
9 22
10 248
9 14
7 49
15 233
7 213
1 5
12 166
1 31
4 145
15 68
8 46
8 72
13 35
1 88
1 193
5 130
10 67
14 100
3 50
12 73
3 49
14 34
3 217
2 199
7 211
7 128
10 176
13 206
6 208
10 57
6 14
6 162
7 169
11 76
7 203
8 73
13 131
5 130
5 121
9 71
7 19
7 148
14 209
12 147
15 8
8 206
15 132
14 20
7 34
4 225
4 36
1 141
14 104
1 159
14 175
3 225
2 127
13 242
2 184
1 47
3 135
12 166
5 233
3 178
15 64
1 131
9 71
14 32
9 29
9 69
7 114
10 242
14 166
6 240
6 98
4 65
4 127
8 174
5 124
4 53
11 215
8 207
4 198
12 173
2 1
7 109
11 161
3 78
9 140
1 136
4 189
15 94
7 108
13 129
5 192
7 164
12 84
11 168
