300
4.79 4.95 2.44 1 2.86
15 207
9 95
2 104
10 158
11 106
8 109
9 195
4 15
6 247
6 30
15 161
6 76
3 144
3 64
8 18
9 59
7 281
4 114
13 246
14 255
15 135
5 242
7 67
13 267
10 79
13 284
6 178
5 55
2 5
15 18
15 129
15 28
11 269
1 5
4 263
1 32
4 128
7 74
2 240
14 123
9 283
8 255
8 136
11 44
15 56
15 147
9 102
9 283
1 38
10 138
11 22
8 12
6 152
15 139
12 196
6 194
2 41
2 240
5 184
2 42
1 66
12 99
11 214
8 57
6 271
2 39
11 296
4 229
2 23
15 223
4 145
14 175
4 35
12 256
4 131
12 155
5 281
4 100
8 61
4 150
4 21
1 172
1 270
13 181
2 114
2 134
2 136
7 131
9 94
13 256
8 172
1 258
5 218
13 99
1 7
8 272
6 20
7 201
1 164
11 116
14 287
4 135
15 42
4 15
12 5
6 91
13 163
3 210
13 126
8 200
13 299
10 198
2 185
9 246
3 156
7 12
8 20
5 212
2 42
3 68
6 204
4 153
12 44
14 144
11 88
13 101
10 20
8 32
5 93
14 65
2 167
9 213
1 42
10 164
14 194
2 298
6 141
3 250
11 280
2 138
8 185
4 126
12 147
9 111
3 11
3 299
15 82
3 271
7 178
10 109
7 162
14 43
7 82
14 266
9 176
8 79
6 162
13 152
12 31
2 113
7 38
14 238
7 89
14 187
3 1
11 148
14 51
15 48
14 84
4 188
1 240
9 221
1 64
2 115
4 51
2 209
9 271
15 100
13 78
11 250
5 246
12 195
10 91
12 47
4 76
8 75
12 127
1 107
1 68
11 30
1 209
6 215
7 173
7 254
8 65
13 257
2 190
5 141
2 176
11 141
8 123
8 52
12 11
13 129
13 142
1 272
14 27
15 177
14 106
1 191
10 246
12 111
15 273
11 120
8 199
3 240
8 200
2 135
14 192
13 225
12 209
5 126
3 32
12 169
11 263
7 158
13 261
5 88
15 161
8 283
15 59
3 199
2 158
10 283
8 291
1 142
10 283
10 146
5 137
12 33
11 111
7 82
9 53
15 270
5 217
10 256
1 258
3 188
5 199
15 7
4 13
10 298
14 253
9 137
13 11
8 279
10 67
4 126
13 211
9 163
11 196
4 25
2 182
10 279
5 137
6 84
4 147
4 233
12 223
13 186
2 95
6 63
11 246
4 12
12 123
10 67
3 167
10 76
15 37
2 94
8 45
8 204
6 143
12 281
8 43
9 233
13 145
6 115
4 252
8 82
1 41
2 227
6 150
15 149
13 77
2 223
10 43
15 116
1 278
3 160
