150
3.61 1.15 2.84 4.11 2.13
13 90
13 73
4 76
13 48
4 38
6 39
11 43
5 0
7 69
13 14
8 107
9 58
7 148
8 22
15 5
4 17
12 92
4 116
3 82
13 6
10 42
7 139
11 67
11 145
8 128
15 44
4 83
3 9
14 81
2 146
10 68
9 125
4 145
3 109
9 54
4 114
8 114
6 150
5 93
15 83
6 137
11 65
12 113
7 7
15 96
5 16
5 35
2 103
3 139
11 44
12 124
2 96
2 106
11 143
6 74
7 89
9 94
1 115
3 14
7 15
4 70
8 128
10 83
10 89
9 25
10 7
6 101
10 1
11 76
14 137
11 103
1 9
2 54
3 30
7 46
14 15
5 95
3 23
9 67
9 91
8 118
9 36
11 87
1 52
6 148
4 98
14 109
7 17
5 137
10 47
10 0
1 18
9 22
12 94
8 136
5 144
6 37
13 116
6 17
9 44
11 52
11 91
9 1
6 8
6 69
1 48
1 104
9 55
6 67
5 80
1 119
3 3
9 71
2 25
1 115
14 93
15 30
15 132
2 133
15 47
1 91
15 17
6 123
12 31
8 49
4 119
13 134
11 50
2 112
4 101
14 134
5 43
11 91
9 32
5 86
6 79
10 54
2 32
4 108
12 26
8 5
10 148
8 135
5 86
4 116
5 18
15 122
1 61
5 146
12 1
