200
2.13 1.15 2.44 4.83 3.24
13 154
4 2
4 131
5 37
8 138
10 8
11 12
1 106
15 63
10 142
7 81
8 39
15 3
14 180
6 5
7 162
13 193
6 112
1 78
7 179
12 198
14 73
14 18
11 192
4 140
5 40
8 150
5 87
4 52
13 129
1 153
1 137
15 12
6 56
2 200
12 118
6 62
12 150
9 40
10 29
8 104
6 183
14 92
9 25
4 146
1 140
9 95
1 32
13 164
4 196
8 123
2 47
10 104
7 21
13 7
1 121
4 85
1 110
12 98
4 176
1 139
6 66
6 11
2 169
9 173
4 52
12 189
4 30
4 84
3 10
9 153
2 200
11 22
3 115
9 35
1 121
1 97
3 104
12 180
9 95
9 181
10 73
6 2
9 151
8 146
10 194
11 197
5 47
13 36
12 27
9 72
14 70
4 63
7 196
3 160
4 27
8 97
8 73
7 93
14 156
2 36
2 178
11 145
6 79
2 53
5 11
1 79
4 89
12 76
6 24
2 17
8 198
6 46
2 192
6 67
4 22
3 99
7 123
13 111
9 178
4 174
7 195
3 4
13 72
12 185
15 21
2 106
7 104
1 139
14 113
1 21
5 181
8 69
5 122
8 97
5 40
14 120
1 32
7 99
3 181
11 10
10 153
2 77
5 79
2 71
5 80
1 156
3 93
9 68
10 25
4 195
15 33
11 179
12 130
3 109
2 193
3 176
7 135
15 61
8 103
14 145
12 63
3 163
11 81
8 17
3 19
1 194
5 152
1 50
3 39
5 74
10 155
4 102
2 35
6 106
12 195
12 49
4 181
3 25
5 98
1 36
12 35
5 181
12 40
12 24
7 49
7 120
3 141
5 1
5 51
7 140
12 14
4 74
3 101
10 19
8 143
9 29
11 151
6 127
12 187
