350
4.95 3.61 3.96 2.44 2.1
13 119
14 239
5 32
4 191
1 197
15 350
6 269
8 131
5 4
12 163
13 112
6 257
3 295
6 298
7 259
1 332
4 234
15 304
14 5
3 306
12 58
4 182
4 48
9 275
15 205
11 248
5 171
3 43
10 334
1 212
13 308
15 211
8 204
12 244
14 175
15 346
6 220
11 15
7 155
6 92
11 94
15 212
9 72
12 116
13 213
8 21
1 317
12 204
10 272
15 104
8 293
11 275
8 332
3 165
4 208
11 51
11 250
8 160
9 246
4 314
6 131
13 132
8 19
9 66
13 173
14 94
6 187
2 133
14 112
1 82
2 27
6 144
6 268
9 330
9 148
3 201
11 177
14 240
13 253
4 127
4 210
4 182
6 96
12 310
5 221
11 253
13 94
3 188
14 208
4 295
5 19
4 15
10 259
6 326
10 211
9 91
12 56
5 73
15 161
4 192
5 315
8 78
6 289
14 249
8 76
3 344
4 203
2 195
12 152
10 258
13 343
7 211
2 175
6 137
14 103
5 217
2 38
8 219
5 103
15 317
1 98
1 250
1 301
13 102
5 200
14 215
14 2
10 138
12 324
13 252
12 102
8 72
13 183
8 249
11 56
4 31
7 238
2 97
4 241
10 246
10 113
10 214
2 49
3 75
11 203
14 33
11 64
2 142
2 331
1 302
1 172
8 55
7 182
15 84
7 261
12 264
4 273
8 258
1 251
10 72
6 306
7 111
10 229
12 61
12 159
1 249
3 83
12 302
5 306
8 119
8 1
14 265
11 0
7 212
13 125
13 279
4 295
6 273
13 215
4 15
4 10
1 48
13 349
6 82
8 4
3 98
3 9
4 307
6 87
12 127
12 200
13 220
4 22
8 172
9 71
5 287
12 324
7 322
11 185
12 209
15 68
9 228
2 313
2 298
4 15
1 143
12 157
13 217
3 137
4 119
15 180
9 207
13 327
14 149
3 317
7 267
1 177
11 1
6 117
11 19
10 188
6 282
1 7
1 321
2 79
1 166
15 199
6 335
9 167
5 224
4 169
11 190
9 131
9 150
7 213
3 29
8 248
7 258
12 196
10 99
3 206
3 98
8 321
2 173
12 63
6 277
4 150
2 339
15 247
4 92
2 343
1 32
15 183
15 269
12 194
6 1
3 20
4 139
13 16
13 5
5 347
7 99
12 324
4 345
7 159
12 55
10 56
15 183
3 299
2 324
2 156
1 246
2 290
2 149
3 263
10 309
4 246
4 70
1 234
7 165
3 121
12 207
3 208
13 136
2 43
3 321
7 216
5 178
1 227
4 49
2 342
2 138
12 254
6 53
6 230
13 308
11 55
12 247
10 182
6 219
3 132
11 344
1 112
15 290
11 62
9 224
15 343
3 45
4 9
7 127
12 266
13 303
8 174
1 292
15 295
9 259
11 75
10 211
13 17
6 0
15 244
5 316
4 332
4 82
2 67
14 330
7 53
11 154
5 311
15 92
1 343
3 283
3 176
1 81
7 330
13 328
15 12
11 159
1 334
10 252
9 128
3 337
7 307
5 268
13 64
14 285
14 1
10 192
6 126
5 72
