400
1.94 4.95 1.1 2.84 3.66
14 116
15 63
13 381
15 87
9 69
5 148
5 306
4 92
1 269
4 344
7 216
10 326
12 230
10 282
6 287
1 136
12 330
14 316
12 396
4 175
9 32
15 363
6 113
5 30
15 205
8 324
5 146
2 4
1 315
11 139
3 86
7 234
10 114
6 317
10 319
1 296
8 269
2 156
13 398
2 275
8 386
7 53
4 152
1 77
10 213
7 65
5 68
10 42
14 236
6 329
10 105
11 33
9 250
13 26
5 188
12 329
3 359
12 31
12 56
8 139
14 349
2 107
9 217
1 281
13 338
8 348
12 16
13 25
13 37
1 87
4 252
8 348
9 150
12 153
7 387
6 210
8 82
2 51
10 366
1 255
7 201
8 393
2 334
13 13
13 291
10 252
10 349
5 167
9 36
9 161
3 153
11 328
15 225
12 218
9 312
9 268
12 198
14 219
8 48
4 333
5 315
12 335
9 258
2 327
10 257
3 335
12 211
15 325
2 292
1 34
15 221
2 358
5 37
6 229
4 55
15 84
9 296
7 346
5 69
15 133
14 391
9 289
14 12
4 282
15 223
5 92
8 390
1 125
5 192
2 337
6 246
4 46
5 326
3 318
15 176
3 110
1 318
5 61
11 400
15 190
1 322
1 205
8 398
7 280
14 11
12 131
14 245
6 218
1 232
1 245
6 368
6 123
8 231
9 338
2 64
5 117
10 342
10 323
10 183
4 65
12 185
8 81
6 271
10 49
11 322
8 144
7 167
6 342
11 112
13 227
9 67
5 322
1 342
2 243
7 52
8 291
12 48
12 334
8 162
15 385
9 352
15 169
5 205
8 326
15 311
4 285
4 113
15 231
6 175
7 72
11 221
12 245
15 332
14 143
2 354
8 144
5 329
4 93
11 104
15 4
15 281
12 293
13 277
8 262
11 117
1 282
14 235
8 321
5 300
1 329
10 97
6 270
2 224
1 168
1 312
9 124
4 12
12 166
13 191
7 340
13 349
7 334
10 352
5 78
10 98
2 15
4 269
3 128
13 86
1 327
12 378
10 257
11 90
4 354
12 144
15 239
4 331
5 172
15 104
4 67
6 292
11 65
2 223
1 17
2 387
7 63
3 48
9 220
5 204
14 244
13 271
4 41
6 0
7 43
8 77
14 6
2 154
6 391
11 248
3 317
6 303
12 95
14 4
2 83
5 180
6 272
6 216
6 309
2 349
2 335
1 133
13 32
7 292
8 9
1 28
3 340
2 235
5 189
1 32
2 109
3 94
14 155
14 214
8 78
11 385
12 193
13 158
12 245
12 364
7 132
3 353
12 165
9 147
5 248
8 115
9 126
10 216
3 27
6 9
14 185
12 340
9 162
9 342
5 313
1 108
9 222
10 146
2 180
15 194
6 81
11 139
4 381
8 36
14 277
5 281
5 337
12 67
15 233
12 384
1 36
5 197
10 161
11 127
8 217
7 42
5 264
6 128
11 172
1 325
13 283
14 300
13 325
9 185
12 361
7 117
10 38
14 297
2 83
9 6
3 136
13 347
14 189
9 185
11 18
15 214
5 131
13 332
13 130
2 361
1 67
12 142
7 279
11 207
12 142
14 32
5 42
9 14
12 76
15 33
4 176
7 287
14 44
10 376
15 41
7 52
14 381
1 393
6 280
11 94
3 343
3 129
10 66
7 317
14 106
5 331
13 121
13 6
10 381
12 340
2 372
3 344
8 234
13 22
14 44
2 87
2 81
4 186
2 357
9 201
7 80
15 102
14 210
2 342
9 148
9 325
8 79
5 395
3 184
12 154
10 280
