500
2.05 3.66 1.93 2.84 3.94
5 477
3 192
7 386
7 415
12 188
4 322
6 239
1 8
2 59
14 428
15 242
12 454
13 466
7 178
12 339
12 429
9 433
1 133
13 345
12 108
9 454
11 445
1 192
5 263
7 90
2 405
7 40
6 358
11 47
6 425
12 376
12 206
12 54
7 449
5 402
2 258
11 213
12 316
12 127
8 319
6 53
3 452
6 407
12 125
13 467
10 98
6 433
10 221
15 117
12 182
4 328
12 323
13 167
14 122
3 18
13 71
3 456
7 471
13 18
8 355
2 305
3 396
2 444
10 158
8 158
10 500
10 98
9 248
11 481
9 473
4 168
3 294
9 265
4 93
10 352
9 340
4 104
3 148
4 157
9 191
4 171
15 404
4 301
11 468
10 373
5 424
3 269
6 358
11 303
1 197
9 103
2 251
5 167
11 325
11 431
8 77
3 412
13 38
14 332
1 391
4 226
9 59
6 437
6 404
8 256
10 284
12 170
9 344
10 53
9 425
1 28
10 453
15 393
10 371
8 295
13 321
9 387
7 494
5 491
15 172
12 465
1 396
12 265
1 62
3 189
11 189
15 27
14 144
9 386
1 412
4 308
1 440
15 145
14 383
10 61
10 174
8 334
1 307
15 6
3 232
3 448
8 485
13 411
4 62
13 325
15 199
3 193
6 215
13 472
10 316
11 285
4 312
2 423
4 23
4 325
2 58
5 71
15 17
2 71
2 201
7 203
11 314
7 382
13 402
13 377
9 114
4 213
12 74
13 155
6 392
4 155
14 141
9 260
15 224
7 211
6 135
9 268
9 461
14 323
12 132
1 444
14 332
9 403
2 329
7 213
10 488
2 146
4 256
5 272
9 381
15 347
8 430
4 434
13 89
7 464
8 326
15 10
10 62
11 19
5 429
15 134
5 25
5 357
11 466
5 123
3 497
12 497
9 26
12 169
9 177
1 66
9 296
1 472
1 430
2 40
5 16
8 319
2 247
11 252
2 21
14 290
7 11
11 192
8 266
7 499
15 435
14 1
12 424
13 184
1 194
10 55
9 112
11 429
5 437
2 406
9 449
9 212
3 305
10 77
4 52
10 220
9 314
15 455
3 187
12 168
8 349
1 152
10 226
15 478
3 205
11 410
4 368
13 179
10 184
3 298
14 296
10 374
3 395
3 109
3 445
11 93
14 21
8 342
10 246
6 345
2 409
7 449
6 281
15 52
10 98
8 417
7 474
2 71
12 297
2 168
12 138
3 499
10 276
9 136
14 455
1 469
4 25
14 35
5 68
7 45
7 225
1 298
8 254
6 277
12 465
9 440
7 196
14 475
12 310
9 157
4 407
4 244
2 76
12 76
2 302
3 428
15 177
10 323
10 295
3 117
4 90
7 439
11 226
5 279
1 151
6 40
1 349
15 328
13 112
14 100
11 137
5 36
8 408
11 480
6 430
1 481
8 191
12 197
3 429
11 21
3 70
10 427
7 13
12 337
15 21
5 233
13 107
12 363
15 397
3 163
6 183
11 307
3 419
13 448
4 282
13 476
7 366
2 265
2 313
14 241
11 222
2 19
4 441
14 57
3 262
12 381
11 258
14 406
10 65
4 442
9 151
14 173
9 271
9 22
10 442
4 78
3 174
2 211
12 240
13 235
10 56
4 248
8 346
1 236
1 152
11 429
3 84
15 404
6 156
9 262
10 87
11 242
9 165
2 168
12 399
11 363
2 62
2 490
8 422
4 326
6 136
10 176
3 317
13 217
9 421
5 168
5 14
15 383
7 321
5 456
3 390
8 273
10 105
14 240
4 45
11 353
4 407
7 357
10 263
7 326
10 209
6 431
4 75
7 112
2 199
4 57
10 474
11 154
9 338
6 443
14 358
12 161
9 396
6 459
4 28
6 499
11 289
14 345
11 107
14 3
10 391
14 260
3 397
8 355
15 47
15 451
4 191
7 52
2 458
9 468
2 97
5 261
11 468
13 319
6 424
14 90
7 228
2 361
11 287
9 485
4 362
1 429
8 353
6 184
6 391
9 293
13 443
3 103
8 85
15 72
7 136
12 56
1 168
10 67
2 355
13 208
6 236
6 43
13 44
5 79
1 121
13 142
2 215
6 473
7 319
8 28
4 333
12 156
13 414
9 196
4 2
15 55
5 462
10 382
1 143
3 316
3 115
3 35
10 162
4 77
15 376
2 426
6 183
7 497
15 289
15 173
9 308
11 413
4 66
6 31
12 16
2 233
7 69
14 7
10 100
