400
17 82 349 5
15 691 788 6
19 452 586 5
8 935 1825 9
6 101 245 7
9 262 513 10
10 231 801 1
18 50 1037 4
19 705 741 9
5 1582 2150 10
9 231 1250 3
6 966 1220 4
9 654 1936 5
20 798 1350 8
20 1567 1693 5
17 620 2162 8
4 1347 2080 6
8 675 1383 6
19 155 764 8
9 753 805 1
17 86 188 10
8 85 588 5
10 299 361 4
19 66 345 7
18 11 40 4
12 312 444 7
2 475 563 3
3 1621 1680 6
5 851 1526 4
3 23 28 5
10 93 413 7
18 281 1642 8
18 901 974 8
16 890 1262 10
14 1415 1462 4
9 190 1556 2
9 45 1344 2
3 94 1446 5
19 816 2025 9
18 40 1399 1
11 168 425 4
18 321 1301 7
19 422 1625 2
13 7 85 10
10 1280 1941 9
8 1364 1750 6
12 190 442 10
12 1408 1672 3
3 152 1662 6
12 339 1560 8
12 266 623 10
1 39 1188 6
18 133 1784 4
4 54 247 10
2 288 413 7
14 28 111 4
9 1988 2032 1
19 1239 1611 2
16 693 1415 3
18 167 966 7
3 937 1995 9
10 2 1824 9
19 363 411 9
13 339 2033 5
13 484 610 10
7 560 682 4
6 635 1534 2
11 1233 1647 6
7 1053 1902 4
16 634 973 6
20 268 350 8
18 367 2008 8
4 689 1358 1
3 404 1884 6
1 1534 1562 5
10 117 460 10
14 763 1446 10
13 549 690 8
11 715 1335 2
13 1651 1875 1
16 309 343 8
6 782 2081 2
8 183 862 4
2 659 1296 4
10 499 520 4
17 171 2004 5
9 95 131 4
15 5 67 4
19 782 1230 7
14 562 850 10
15 103 160 1
9 291 1007 2
10 62 1331 4
13 62 390 4
10 215 239 8
1 105 324 2
15 847 1547 8
16 233 1132 3
9 1015 1899 8
8 700 1744 9
19 696 2019 9
2 1578 2154 7
12 18 165 1
10 396 458 4
4 238 1118 3
16 531 568 9
10 62 352 7
7 788 1800 8
6 700 1072 2
14 578 1699 10
14 39 105 8
17 259 898 7
8 1066 1826 7
15 421 851 7
13 464 581 5
20 10 525 3
6 1828 1871 9
20 1177 1657 9
20 1148 1607 8
12 233 494 5
18 530 1851 4
4 1282 1443 3
1 281 1506 2
15 192 384 1
10 116 1612 1
1 329 1585 3
1 755 1678 4
3 391 794 3
20 1410 2073 4
7 956 1981 10
6 1132 1618 9
15 941 1373 8
6 501 2155 6
12 41 248 6
14 94 949 5
15 1182 1563 6
11 274 962 3
3 827 1102 4
12 861 1689 7
14 856 1342 3
20 782 926 8
4 316 1691 6
9 5 213 7
5 225 565 10
15 349 1365 8
18 72 1705 7
9 1323 1805 7
4 229 1643 1
13 1401 1467 4
20 895 1998 5
12 170 183 2
8 127 209 1
7 761 801 6
16 801 1699 8
6 1265 2084 8
14 681 1598 4
14 43 183 2
19 129 166 6
14 885 2047 2
7 1255 1318 6
7 1513 2147 7
18 206 1231 9
11 475 723 2
2 1445 2069 9
2 428 1187 1
16 151 203 2
13 206 1332 3
14 523 1248 9
7 232 1693 2
6 244 1811 10
19 428 567 5
13 10 1000 10
3 402 1170 6
20 1183 2120 4
15 1275 1473 6
7 105 462 5
1 761 800 4
2 387 1043 9
6 879 959 5
11 465 679 3
9 2 44 9
14 1200 2055 3
20 1047 1156 5
15 1660 1816 5
9 975 1522 1
5 180 231 6
18 617 1348 5
14 304 1552 10
2 305 560 9
16 1366 1407 1
3 582 1541 8
3 44 69 5
15 285 348 3
3 630 968 3
4 290 1497 8
12 1832 2170 9
12 232 1828 1
10 46 270 1
15 1592 1856 4
20 648 1082 7
16 49 1146 6
18 46 1916 7
8 697 1693 8
12 1219 1366 7
15 149 553 2
17 226 271 4
15 200 633 5
2 1391 2184 8
16 25 110 3
11 634 961 8
8 183 1061 5
6 261 531 7
10 365 1443 4
20 1011 2114 9
20 395 769 7
4 302 778 7
18 3 145 2
6 666 1019 6
17 6 1121 5
3 1452 1967 10
15 276 527 5
11 358 896 10
19 16 187 2
4 628 1243 1
20 139 309 8
6 170 302 6
18 768 953 3
5 97 287 3
6 658 1766 3
4 417 812 1
16 135 1000 8
14 873 1226 2
1 1474 2029 2
11 463 1824 6
5 637 1893 5
18 10 301 4
3 569 821 6
20 886 961 9
20 1397 1691 3
15 510 931 3
5 688 1516 9
17 658 779 3
8 666 864 7
16 498 2110 6
18 230 1975 10
7 249 1876 6
5 531 1400 1
4 61 634 10
17 1470 2161 5
19 366 1064 8
14 182 601 6
18 1118 1423 6
18 74 783 10
9 324 451 4
6 159 855 4
7 1222 1269 10
11 1692 2094 10
17 1792 1816 9
19 1188 1733 5
15 104 731 4
8 992 1684 10
14 579 792 3
4 1056 1063 3
3 873 882 1
9 299 901 1
2 174 2102 6
8 54 786 10
13 238 640 7
1 985 1779 4
7 328 1126 5
5 286 1265 5
7 1323 1867 6
14 1045 1193 4
2 325 396 4
6 354 1220 3
1 198 681 4
14 260 792 6
8 866 1286 8
18 1870 2093 7
7 242 690 7
17 318 1535 5
19 37 727 3
6 248 509 8
13 1181 1349 6
7 512 1156 2
18 94 422 6
3 13 401 3
4 674 1255 10
13 1045 1632 2
11 265 455 9
4 1033 1795 8
15 111 970 2
1 36 55 7
17 34 1599 9
11 647 1072 9
16 847 947 4
20 82 545 8
14 476 1315 8
11 1570 1981 1
5 49 1059 9
14 177 611 6
1 71 657 2
9 17 240 5
6 77 245 5
8 75 1677 5
3 630 2054 8
3 1093 1532 5
9 141 1183 1
14 352 1697 8
4 35 66 7
19 987 1690 9
1 798 873 5
9 11 50 5
13 53 2178 5
13 196 969 4
8 1318 1402 6
19 55 375 7
5 369 714 7
15 199 619 6
15 21 37 7
9 493 1227 5
10 248 574 1
14 176 1486 1
6 244 469 6
6 646 1363 7
2 903 1306 8
18 1536 1691 6
20 414 626 9
10 755 1975 6
15 163 211 10
17 15 202 9
16 1075 1941 10
2 887 897 7
17 169 329 5
6 14 862 8
6 816 1852 2
2 35 438 6
5 5 18 5
8 695 734 10
16 472 540 4
5 66 147 1
3 855 891 1
7 1262 1343 7
13 94 398 4
14 1227 1929 4
5 1216 1366 2
18 94 539 9
17 889 1897 6
14 796 1151 6
1 48 71 1
5 1434 2143 9
5 180 303 6
7 211 1392 10
14 741 1090 4
8 1827 2003 5
10 723 777 6
17 59 329 4
14 1034 1681 8
14 1366 1496 8
14 959 2082 5
20 1589 1790 5
16 1084 1460 9
10 820 873 2
5 8 449 3
15 252 488 7
17 1160 1851 9
20 1120 2033 7
3 798 2027 5
18 574 733 6
14 329 732 4
20 479 1001 3
20 699 746 3
19 429 649 8
8 79 1648 6
3 222 916 2
19 1037 1746 10
18 931 1655 6
3 149 1912 8
2 6 19 4
2 312 458 3
15 984 2085 5
13 389 1040 8
13 116 174 6
12 21 47 2
4 217 590 3
18 557 652 2
2 636 1300 4
10 9 37 7
11 863 1243 6
20 716 1021 8
15 67 452 7
3 1286 1322 7
15 389 1628 10
1 689 1933 4
12 1265 1509 4
8 797 853 6
10 839 1308 5
12 1084 1122 6
14 37 52 3
12 1108 1952 4
