100
17 428 535 5
15 22 47 6
19 5 344 5
8 88 286 9
6 28 118 7
9 387 455 10
10 172 266 1
18 121 186 4
19 18 164 9
5 392 398 10
9 282 400 3
6 330 478 4
9 137 210 5
20 261 428 8
20 144 355 5
17 126 561 8
4 144 169 6
8 497 571 6
19 415 565 8
9 147 338 1
17 159 512 10
8 21 100 5
10 0 13 4
19 13 409 7
18 10 281 4
12 2 18 7
2 4 12 3
3 16 77 6
5 201 566 4
3 167 187 5
10 132 164 7
18 301 410 8
18 83 166 8
16 188 335 10
14 158 389 4
9 207 421 2
9 75 312 2
3 22 62 5
19 186 326 9
18 86 402 1
11 385 558 4
18 52 109 7
19 159 251 2
13 107 131 10
10 325 424 9
8 316 510 6
12 166 256 10
12 3 107 3
3 138 351 6
12 239 551 8
12 36 325 10
1 11 207 6
18 86 188 4
4 331 433 10
2 123 165 7
14 141 380 4
9 37 383 1
19 294 533 2
16 54 399 3
18 112 210 7
3 133 201 9
10 425 488 9
19 30 313 9
13 32 50 5
13 2 55 10
7 68 437 4
6 90 368 2
11 319 382 6
7 21 200 4
16 132 160 6
20 227 533 8
18 334 358 8
4 36 76 1
3 184 551 6
1 255 427 5
10 92 206 10
14 10 41 10
13 47 65 8
11 71 160 2
13 59 304 1
16 220 261 8
6 87 398 2
8 278 568 4
2 177 427 4
10 17 256 4
17 74 144 5
9 215 505 4
15 330 378 4
19 27 50 7
14 11 438 10
15 57 92 1
9 30 72 2
10 117 411 4
13 16 74 4
10 68 97 8
1 294 339 2
15 18 343 8
16 8 278 3
9 165 429 8
8 351 565 9
