50
6 36 263 8
18 65 97 6
15 12 33 4
7 8 33 3
9 77 175 4
17 8 86 3
4 146 180 6
20 6 60 1
4 36 99 8
20 73 103 9
4 8 28 8
8 4 31 10
17 66 88 3
12 57 138 7
20 10 30 7
9 93 162 4
6 6 269 5
20 39 253 6
1 47 92 7
8 189 225 4
16 15 249 10
10 0 10 2
15 2 55 10
19 18 131 10
6 79 203 1
3 55 200 5
19 31 102 7
15 22 51 6
8 1 22 10
15 20 157 5
17 26 57 7
6 52 83 9
18 151 246 5
20 23 57 8
13 236 251 5
1 190 227 5
7 69 160 7
1 7 266 3
6 79 97 3
6 2 18 9
7 42 138 7
7 123 199 9
11 17 71 1
8 45 83 7
14 71 245 5
4 7 35 1
20 166 266 9
12 48 200 1
14 67 216 7
5 45 97 3
