300
4 3 22 69 14
13 15 17 968 24
40 2 2 396 10
43 2 4 1140 20
23 3 24 1124 18
16 18 4 2598 29
7 3 11 507 1
36 4 5 215 18
45 2 3 92 24
11 2 2 157 28
41 3 6 1697 2
11 1 2 373 2
23 2 2 1031 25
19 6 4 184 25
5 2 5 577 27
5 5 21 891 15
6 7 14 69 20
4 1 2 1062 5
10 3 14 1797 13
20 3 6 1542 14
7 3 20 350 22
2 1 3 703 1
4 4 6 551 4
14 2 2 1187 13
11 4 2 2220 15
8 5 6 417 12
5 1 26 1110 4
14 18 10 1598 28
1 1 3 2350 18
6 3 38 1919 17
7 2 5 720 16
27 7 16 717 22
19 19 8 1201 18
1 4 2 1479 6
6 7 20 1574 12
5 4 7 538 6
1 13 6 120 7
7 19 8 249 14
30 2 19 398 5
4 26 2 2228 12
7 1 6 1824 5
19 2 3 1150 22
29 8 8 1319 25
5 1 10 1924 6
9 11 26 1359 23
4 6 5 1681 27
9 3 3 1957 21
1 20 15 181 2
4 1 6 433 9
3 2 2 128 27
2 2 2 698 23
1 21 2 215 5
40 1 3 789 3
8 2 2 1818 9
25 12 4 955 11
30 13 7 276 9
3 26 21 2329 16
6 6 11 1694 16
1 4 6 378 30
1 9 15 428 10
2 23 25 290 22
8 9 15 1476 18
7 1 2 247 11
3 2 4 1230 14
22 19 9 591 9
28 4 5 700 8
12 3 30 306 13
7 5 4 201 9
8 4 4 1062 9
4 25 7 1561 30
8 17 2 1886 30
4 8 3 1163 29
3 5 4 293 23
36 1 9 702 27
11 4 5 822 8
6 2 2 1786 7
6 20 5 608 9
27 11 6 281 10
6 4 9 228 3
6 13 2 1245 27
1 2 2 3088 4
8 12 10 1392 20
1 5 9 382 22
20 1 10 118 18
14 3 4 892 24
7 10 18 513 10
16 2 16 2299 1
26 4 8 544 30
1 11 3 1867 28
5 7 8 151 21
5 7 6 1079 2
6 8 24 1617 16
20 16 14 356 7
38 4 2 138 18
37 3 5 1457 29
15 18 3 480 30
29 2 6 1636 30
10 21 3 500 21
6 5 24 152 23
8 13 10 540 9
33 3 14 1695 22
5 13 14 258 11
14 4 13 505 28
23 1 2 1263 27
4 17 4 315 14
35 1 3 1306 25
8 21 7 153 27
5 10 2 966 26
4 3 31 199 5
5 10 5 2154 29
2 8 3 341 8
18 25 6 1034 10
7 3 17 1692 20
2 29 9 270 13
12 4 24 75 11
7 16 10 180 2
23 13 4 227 30
4 34 6 569 13
21 1 3 1101 2
8 1 2 2321 6
9 13 8 179 22
4 19 7 1282 30
15 15 2 2147 12
17 23 2 1460 27
10 1 2 478 4
12 30 6 2922 12
39 2 5 262 5
5 22 14 108 23
19 1 17 516 26
11 11 14 1335 30
27 4 7 489 2
1 16 22 267 20
3 14 4 131 4
24 7 12 1951 28
2 8 33 341 5
2 9 6 184 11
6 1 40 1006 28
19 6 9 519 27
15 30 3 256 21
1 3 9 1692 21
18 4 9 1177 20
1 2 8 1448 21
2 3 8 81 27
4 6 8 2634 25
6 2 4 1853 7
17 6 15 408 14
3 3 2 2331 16
2 6 23 1772 23
19 1 22 2513 2
3 15 11 66 8
6 19 8 509 18
41 3 5 1708 2
9 3 34 844 5
16 3 15 442 7
1 1 4 601 11
44 1 2 1249 25
13 18 13 390 11
11 2 21 692 28
19 1 4 191 16
1 7 2 113 10
21 12 7 233 25
11 3 2 218 14
36 2 7 280 19
4 5 10 755 13
40 3 2 247 13
21 3 4 160 15
3 8 17 695 27
8 26 2 641 17
12 1 3 254 8
13 4 6 65 16
5 3 4 64 27
5 3 2 597 24
15 5 3 1769 6
24 1 5 627 23
18 1 14 344 15
3 11 2 1798 18
11 3 5 1062 12
6 2 11 322 4
24 5 4 127 6
2 2 3 1984 10
3 1 3 871 19
6 3 19 349 27
9 5 4 1778 19
1 12 3 555 13
12 8 21 2503 1
10 16 3 1834 5
6 2 18 1041 9
41 2 6 2380 21
9 11 8 912 5
6 5 8 145 11
8 7 8 208 24
2 5 3 52 6
37 1 4 2018 21
19 5 17 1360 29
5 7 5 251 26
6 6 14 1386 7
13 9 10 197 29
36 4 11 141 11
3 2 3 233 10
17 6 3 1957 22
26 15 3 453 15
8 1 3 463 7
8 6 14 1167 12
39 1 5 1765 20
3 2 2 103 20
12 22 8 203 11
5 9 3 1303 23
25 7 6 1638 1
4 9 10 58 18
27 4 2 215 27
18 1 9 1424 28
15 18 13 191 2
11 4 7 1201 12
42 1 2 1430 19
1 2 4 1027 29
1 4 2 920 30
12 7 2 1447 4
3 1 10 1859 16
29 10 5 1140 28
15 10 8 1139 3
33 3 10 1129 23
17 5 3 203 28
2 1 10 1893 9
5 6 22 1650 28
1 23 18 1168 5
3 2 29 2055 6
4 1 3 620 12
39 1 5 373 9
15 18 2 177 30
35 2 2 360 3
2 1 2 1266 26
28 12 10 656 4
11 3 3 914 23
33 2 4 485 29
13 12 4 1748 2
2 1 5 81 13
41 2 2 1646 26
40 2 5 927 3
8 3 6 386 19
7 2 21 59 6
34 5 5 607 11
9 9 2 404 3
1 2 2 698 14
2 4 2 1451 4
20 11 2 821 30
5 3 11 773 13
3 7 11 2839 17
27 1 8 99 14
18 2 18 378 23
5 4 13 857 21
31 7 3 2029 13
19 2 14 147 23
7 1 7 2135 22
21 8 6 305 5
10 2 36 419 4
8 10 32 348 21
30 2 6 86 14
5 5 30 94 16
8 2 10 245 9
9 1 2 1243 30
4 2 9 154 26
19 6 15 1357 25
15 2 2 744 1
12 4 7 1341 11
7 2 4 1378 14
24 1 2 1478 13
5 2 14 82 25
4 2 3 2117 10
1 15 13 547 12
25 2 4 109 26
6 4 2 1107 28
23 1 5 493 28
7 12 23 1276 5
19 3 22 321 26
7 2 3 418 25
21 16 9 807 3
19 5 6 211 14
9 9 11 973 24
6 13 16 2749 19
23 1 2 1482 17
4 1 3 47 3
25 3 7 2501 11
26 8 7 893 1
9 4 29 527 13
1 1 4 1721 4
15 7 25 1270 12
2 5 3 1069 3
12 3 2 701 29
25 1 3 1259 2
12 2 14 1867 11
4 1 38 2228 23
3 13 3 471 3
10 2 4 51 9
30 4 6 443 6
1 6 2 896 6
2 1 2 2218 15
21 6 2 677 8
15 4 6 57 2
14 1 19 1445 10
9 14 4 411 28
