400
15 4 2 2374 13
3 2 8 149 15
22 10 11 414 11
4 8 6 806 23
2 2 4 622 17
10 18 15 2121 21
1 1 3 702 30
37 2 5 548 14
21 7 2 650 27
28 4 3 79 30
11 4 2 359 1
7 2 2 1039 12
5 2 2 847 1
7 6 2 1125 3
11 4 5 2557 26
3 1 3 704 5
5 3 5 1437 11
14 9 9 1169 29
8 1 2 454 11
3 1 2 2912 6
15 19 13 914 9
41 1 5 2955 1
1 15 13 421 2
24 2 19 131 7
7 28 7 997 8
3 2 18 3862 24
8 7 3 2201 12
15 3 14 1304 13
2 32 10 3503 5
18 8 19 84 22
20 19 6 1512 15
6 2 17 119 17
5 14 5 103 16
11 1 4 1078 19
8 1 2 317 28
1 1 4 165 19
1 1 3 2041 10
2 2 8 762 1
7 1 2 483 18
8 1 6 620 14
25 6 2 3593 18
11 1 3 1086 21
9 24 2 147 15
6 9 4 368 5
2 5 11 421 30
23 1 2 749 20
4 4 18 1486 24
25 14 9 1490 21
20 12 7 499 6
9 27 9 851 25
3 7 4 226 24
6 6 3 1484 10
28 1 4 780 23
12 9 9 662 23
16 12 3 943 14
6 1 28 319 6
34 1 5 93 13
8 1 2 757 14
27 1 2 1580 15
2 1 4 1203 16
9 14 6 138 29
17 13 13 1410 12
24 1 2 1098 2
5 2 7 272 25
7 1 3 1818 10
28 15 6 643 14
5 3 5 463 10
28 17 2 2345 10
10 2 26 626 24
35 8 2 863 21
32 2 3 2132 3
22 8 5 1109 13
17 6 3 330 9
1 1 3 959 12
23 7 3 215 10
6 6 10 2203 17
16 4 14 2488 30
32 6 9 2215 25
19 1 11 466 13
26 2 15 1584 5
11 5 11 2524 13
9 5 18 2545 27
8 6 5 81 18
1 6 2 2834 13
5 10 6 1537 15
12 9 11 3289 28
4 9 20 484 23
7 5 17 156 19
3 2 6 289 21
1 16 13 2121 24
40 1 2 860 28
30 8 7 498 28
10 3 3 471 9
1 4 22 95 10
4 1 7 1066 9
2 2 2 168 15
3 1 3 1170 27
4 8 22 350 3
6 8 3 134 28
33 3 2 1406 7
10 17 18 2356 26
11 24 4 868 11
2 20 13 103 30
5 1 2 2515 9
26 3 10 527 10
10 10 25 327 10
6 1 2 1671 6
3 32 8 207 6
1 2 2 1998 18
11 2 6 1666 3
42 2 3 110 16
21 8 5 223 2
32 8 2 421 12
4 29 4 1450 13
10 1 2 780 17
38 1 2 862 7
34 1 3 948 3
9 5 4 1432 8
2 5 3 1258 1
7 2 3 666 20
17 10 5 4179 21
4 2 2 1538 7
2 3 4 1285 17
5 4 2 182 29
11 2 7 295 9
5 15 5 390 7
3 4 4 230 23
6 15 19 1363 15
26 1 18 264 25
11 4 8 2233 19
11 6 9 598 28
1 7 7 1577 24
2 1 4 3612 7
29 1 13 3222 16
8 1 2 1857 6
29 3 2 367 12
18 4 11 641 26
31 5 15 278 20
19 4 15 1050 28
22 1 6 231 30
22 18 6 81 30
1 1 5 130 29
7 3 5 271 19
2 1 6 1005 9
14 12 7 126 19
1 2 2 715 6
8 1 2 2240 27
1 1 12 72 30
10 1 2 756 22
27 14 4 270 20
20 6 9 246 29
19 8 14 1474 3
14 1 2 758 5
28 5 2 1420 21
32 2 6 226 10
2 21 6 2050 20
21 10 15 1983 29
28 1 2 322 19
15 1 3 94 23
19 15 12 2247 22
29 5 3 1170 20
2 8 8 206 21
7 3 4 407 23
3 9 2 917 2
3 5 17 1516 12
32 11 6 869 15
1 4 9 1170 4
15 2 16 1304 19
15 2 2 487 4
13 8 16 3011 17
12 12 10 1282 4
4 2 19 290 17
6 6 4 1850 26
20 3 3 264 30
4 17 6 1106 19
22 3 10 978 24
2 8 8 1230 24
18 7 3 70 7
37 6 6 1166 22
29 9 7 417 26
19 4 12 824 24
8 10 6 864 9
19 9 2 1921 25
19 1 3 179 27
20 11 7 2231 30
12 3 5 188 11
36 6 3 4130 7
29 9 13 1313 23
20 23 4 655 27
17 1 4 175 17
20 9 5 548 10
30 1 2 2046 17
7 7 4 4138 2
38 1 11 811 26
22 15 5 1072 6
2 3 3 3531 3
5 1 4 1053 8
4 8 3 3296 8
1 1 3 401 16
8 10 18 978 15
8 30 9 79 14
14 11 8 395 15
37 2 6 2399 4
13 2 6 351 3
2 10 7 375 16
2 17 10 226 10
24 3 3 656 25
22 2 2 162 9
1 10 22 760 24
14 10 21 2677 14
10 1 30 1324 28
16 8 27 1762 19
20 2 3 2750 24
7 32 2 546 2
27 4 7 958 3
11 21 2 2139 11
1 6 10 1662 18
7 12 5 477 9
13 2 4 167 24
5 18 15 514 27
3 23 2 1469 20
20 2 18 1326 15
17 1 2 422 4
3 6 2 495 5
13 6 15 65 3
26 8 4 1374 6
4 1 2 91 7
5 1 3 54 14
38 4 3 2993 20
30 2 2 2247 15
23 1 12 110 10
9 5 10 2535 22
22 9 8 457 15
1 1 3 3703 14
8 9 2 1592 17
20 2 11 453 4
6 1 7 334 11
3 1 6 701 25
25 5 21 1138 22
6 1 3 100 24
24 1 2 2415 12
13 14 14 165 4
2 2 3 273 2
2 2 5 474 21
31 3 3 1763 24
6 12 12 1118 10
2 1 2 1429 7
10 19 6 112 4
11 3 18 1131 29
6 15 13 1273 3
34 2 6 1818 30
3 21 6 1167 15
7 1 2 1014 15
12 2 24 1475 26
26 2 2 925 21
18 2 3 999 21
9 15 8 670 17
11 1 3 164 7
40 2 3 1777 16
8 6 2 356 19
33 1 12 681 9
6 12 14 1332 25
46 1 3 169 9
29 8 7 688 9
3 1 2 2460 25
14 2 2 1094 7
14 16 7 1181 25
4 14 5 2810 9
25 12 6 873 25
1 2 3 1254 13
17 19 8 2270 7
6 7 34 586 1
5 5 8 354 23
8 14 28 1278 30
10 4 5 488 4
29 2 2 220 25
4 29 8 186 8
3 6 34 2590 23
38 2 3 207 28
8 2 3 533 28
35 4 7 407 26
10 14 8 176 21
22 8 11 964 27
29 7 4 143 8
12 1 6 387 5
14 1 3 1328 22
31 9 8 402 26
10 4 3 468 2
4 10 4 398 3
44 2 3 1444 19
6 1 3 1820 7
14 4 6 157 11
3 20 3 304 27
7 7 21 1059 2
2 4 2 185 23
24 17 2 471 13
4 4 3 1087 16
3 8 6 2294 30
5 3 4 1237 19
13 8 7 58 26
1 17 8 2208 26
3 7 5 611 12
2 3 5 867 23
5 5 11 1475 10
4 3 2 1218 30
11 2 2 161 17
5 1 2 444 8
3 5 2 2516 17
7 3 7 351 14
5 1 5 2569 14
12 4 6 309 13
13 9 3 454 19
1 2 3 1833 7
2 4 8 1068 13
39 6 4 947 4
9 2 2 1516 12
10 5 4 306 17
17 3 15 1451 24
16 7 11 713 21
7 15 8 1336 24
11 5 2 1800 6
14 2 2 197 30
8 19 3 2038 30
2 4 21 2150 23
14 9 23 1015 5
21 5 25 876 29
30 5 12 3670 14
14 1 9 3525 7
28 4 16 585 17
27 6 7 302 16
3 2 2 1446 27
24 1 7 1461 10
21 11 8 1103 13
5 9 8 275 20
3 9 33 2520 21
9 4 10 1686 22
3 2 2 416 23
3 3 2 470 13
7 2 9 524 4
24 6 8 399 24
10 8 16 68 25
2 3 2 1472 24
5 2 2 2309 17
4 7 29 3497 4
18 6 2 148 1
1 1 3 1675 21
20 16 13 2294 21
9 3 3 975 27
5 1 2 158 29
44 2 4 667 9
13 35 3 1527 11
7 1 2 1251 9
13 5 16 610 25
24 12 5 1535 8
29 5 17 425 3
9 17 7 373 29
5 7 13 2663 2
5 20 16 1716 10
11 23 8 651 9
17 5 2 705 29
13 1 2 1092 22
5 1 23 299 2
18 5 14 818 19
12 4 9 802 27
7 1 2 92 10
7 2 18 1210 16
32 8 8 2126 20
1 1 5 576 11
4 22 15 947 5
9 28 5 3627 15
33 10 2 879 14
10 18 11 538 29
5 1 9 1044 15
28 1 3 180 9
14 13 2 1609 17
11 2 31 1436 6
10 3 26 215 9
8 2 3 509 3
4 5 7 1958 18
12 19 4 283 17
24 20 3 2997 25
24 8 3 138 17
2 8 5 460 4
16 6 18 541 20
30 4 9 132 4
3 2 2 1469 2
4 20 12 2108 21
18 4 17 632 10
8 15 5 1095 4
19 7 4 792 17
7 2 2 863 4
1 3 2 1297 22
2 4 41 85 12
13 5 18 1404 1
28 5 16 585 8
1 1 6 51 30
4 1 4 802 14
15 9 18 113 23
26 18 7 2597 2
12 11 3 239 15
