450
3 16 31 995 20
5 3 17 2673 8
14 1 2 1057 29
8 2 2 1775 11
6 1 37 3377 1
15 2 4 357 1
16 10 14 140 2
22 5 8 798 28
35 3 10 3169 19
5 10 6 815 17
1 5 2 4402 5
3 3 2 1805 30
3 16 16 213 11
27 17 4 1288 10
18 6 11 2940 23
10 22 5 495 9
15 11 19 426 12
1 30 3 516 29
39 1 11 3179 29
12 4 13 282 27
27 1 2 1769 28
1 8 32 464 13
7 2 2 2111 2
23 9 7 600 1
8 7 8 1056 17
5 2 37 1986 17
26 12 5 840 23
35 8 6 3054 30
24 11 12 1039 5
19 5 7 874 19
3 2 3 402 21
2 21 2 110 9
1 1 7 151 23
41 3 2 735 28
1 11 9 3030 5
9 4 2 1260 28
26 3 19 2242 1
27 9 5 4242 13
7 7 24 115 27
11 10 3 763 20
8 24 6 2058 24
16 22 5 519 25
28 5 13 460 27
10 13 6 221 15
1 2 5 386 1
4 8 4 896 10
12 21 15 659 23
16 22 4 92 16
2 6 19 858 19
4 1 44 949 21
32 1 2 439 22
5 7 2 1107 3
15 31 2 3628 12
17 1 5 243 7
5 1 2 2462 3
25 12 11 325 17
26 11 9 128 28
31 10 8 95 11
7 3 4 3243 5
15 1 2 92 6
12 8 3 673 20
21 5 24 680 1
7 8 9 446 3
24 3 3 116 29
3 4 2 597 26
20 4 5 1419 6
28 1 9 2306 17
36 2 3 1959 2
1 1 3 1993 8
8 4 5 438 23
2 3 24 737 7
31 2 11 1807 29
14 4 27 2260 13
9 1 3 1625 20
22 6 5 2584 9
1 2 4 1913 3
4 8 2 4283 7
6 3 11 236 27
4 7 34 1969 21
12 3 7 1311 9
9 30 7 944 13
1 1 3 4072 13
17 8 3 874 6
10 16 10 1732 29
1 1 4 470 14
12 1 2 2719 11
1 1 12 611 23
6 1 8 125 1
17 3 8 256 11
15 2 10 372 7
7 3 6 983 4
7 12 11 1517 22
14 23 11 1720 24
10 4 3 159 24
9 1 10 178 14
11 1 8 1405 7
7 33 4 444 3
5 14 21 2681 16
32 5 2 385 27
15 5 2 579 2
1 1 5 1814 12
2 1 2 4049 27
27 5 14 2244 12
23 14 10 1345 4
1 2 2 3592 29
13 3 13 1206 19
4 15 5 3101 11
9 1 3 214 1
27 1 3 1750 17
15 24 7 1571 4
14 4 26 536 5
17 1 12 468 8
20 2 20 1819 20
5 25 13 2026 3
2 1 2 896 5
14 8 11 3701 30
15 15 21 313 12
10 9 24 875 28
25 12 12 3053 7
4 3 2 1222 7
11 1 3 946 14
15 1 6 545 5
7 4 19 1216 15
23 18 4 300 9
8 2 6 1619 30
5 17 15 2904 23
5 1 11 3704 6
26 12 3 3264 11
20 1 3 914 6
33 3 3 616 9
25 9 5 1177 13
26 1 2 2579 1
8 4 9 989 17
16 12 5 243 15
2 5 36 206 4
18 3 2 159 2
35 1 7 439 21
13 20 7 117 24
6 4 22 1359 18
7 8 2 3294 7
32 3 2 467 30
8 1 3 840 23
20 6 2 608 15
3 2 2 1502 11
3 2 2 453 11
19 1 8 321 26
38 1 2 430 30
4 2 5 1322 22
20 13 8 2590 11
25 8 5 549 11
29 1 2 900 1
11 2 3 1160 27
35 12 3 1109 20
23 3 9 2598 15
10 4 4 1351 1
6 5 26 2348 21
5 9 3 2165 11
21 5 15 241 23
26 1 7 1034 30
15 19 17 1747 9
43 1 3 1127 30
23 17 5 3256 10
7 1 2 285 4
17 8 4 2574 5
17 1 2 1348 12
7 6 5 578 16
18 1 2 773 7
17 3 13 774 11
7 7 14 209 28
6 1 2 1764 26
14 4 25 385 2
4 28 11 1894 8
1 3 2 2317 17
8 2 5 2874 29
19 1 6 709 14
3 3 4 810 6
10 1 9 3616 30
15 1 3 2005 20
1 3 10 2535 18
31 7 13 1101 21
25 11 3 131 28
3 25 3 384 8
2 1 2 1053 6
2 3 4 60 18
3 12 7 636 15
34 11 4 4542 2
5 7 10 375 20
24 6 2 2708 3
22 14 7 137 5
26 3 18 992 14
14 17 7 4429 9
28 8 3 2225 8
3 1 4 36 5
37 7 5 489 29
4 4 3 1416 6
18 18 9 1479 24
13 3 3 3183 23
3 11 26 1202 6
11 3 13 432 9
3 3 4 985 11
2 5 16 720 15
6 2 3 771 23
19 14 2 956 4
12 10 20 2363 5
21 2 8 647 30
27 5 14 1067 19
4 1 2 3444 9
2 1 2 391 10
14 2 27 2273 19
15 7 5 1586 6
11 1 2 143 19
1 2 4 184 30
17 1 7 2417 21
41 2 5 1434 9
4 23 23 270 25
2 2 30 3686 23
15 3 20 3292 19
28 2 10 2153 14
21 6 8 1669 17
5 8 21 904 24
3 3 2 995 5
12 19 4 423 16
7 5 2 90 8
3 2 16 915 10
4 3 19 81 20
20 9 10 1152 18
7 6 14 939 19
6 1 35 485 12
39 3 3 947 18
13 1 3 1075 23
9 4 4 3027 24
3 1 27 1821 20
8 1 3 2817 29
8 1 22 1147 6
2 3 4 4105 2
36 2 8 229 2
2 23 19 1118 13
23 6 11 236 18
2 2 2 816 19
21 5 24 466 16
1 7 14 670 24
20 15 12 96 20
18 8 2 427 6
3 21 10 404 20
3 3 26 2768 23
6 10 9 828 25
5 2 3 1579 8
25 20 5 340 19
8 3 8 936 9
20 3 10 2189 20
2 2 2 1765 21
27 14 2 534 23
6 5 3 70 1
29 2 7 4505 5
1 2 3 863 26
2 16 5 2082 24
26 10 5 443 18
27 7 8 514 19
8 30 12 121 20
26 14 2 1093 9
3 9 21 1464 8
7 4 7 1284 3
37 9 3 1917 28
1 2 2 1565 20
4 7 4 210 21
5 6 2 1165 20
12 10 2 729 6
4 10 8 617 30
6 1 11 1023 2
7 6 14 4097 17
4 1 3 1136 1
10 1 12 2865 21
6 24 12 210 10
2 22 11 101 19
4 1 2 749 18
14 5 2 1410 5
5 4 2 869 13
5 13 14 684 23
3 8 25 274 23
6 4 5 605 9
1 1 11 417 8
9 28 3 269 5
8 17 2 1917 20
8 5 2 1628 5
18 4 7 2324 8
33 2 3 931 16
9 17 14 945 22
23 1 2 895 5
1 1 31 3123 29
27 1 8 484 28
17 3 9 1863 3
12 32 2 131 28
16 2 2 1412 26
3 13 4 327 22
7 38 3 960 3
5 1 2 136 21
8 18 7 1269 10
9 19 11 100 5
25 3 13 1752 26
17 2 20 104 12
9 19 8 1101 22
31 7 2 1697 16
18 23 2 373 22
1 2 2 3072 3
2 1 9 125 12
26 1 4 220 19
20 8 23 738 12
5 1 2 3366 21
4 6 40 2094 27
11 2 5 1568 25
23 3 2 927 4
9 4 3 1649 10
24 1 5 716 10
6 4 5 1569 27
38 6 5 2410 2
22 10 7 252 23
25 3 8 1474 22
4 13 8 1050 21
19 7 2 142 27
11 9 13 67 26
3 2 3 1318 1
16 12 11 2069 28
9 1 2 1186 2
3 6 10 1891 18
3 1 2 836 6
1 1 3 484 29
27 16 7 1179 26
21 7 2 1958 25
9 4 7 1914 29
5 10 2 497 29
18 6 8 283 4
4 22 2 613 16
4 5 4 461 24
6 1 11 1570 1
32 1 2 3347 6
3 1 2 211 1
8 3 4 2740 2
11 1 4 360 25
26 6 9 508 8
6 2 3 2219 29
3 7 4 2989 3
14 11 6 1426 22
18 6 9 1630 3
1 16 23 356 5
26 1 2 1044 22
22 20 6 2448 24
13 1 2 612 12
5 2 4 2947 17
18 1 3 1212 4
14 1 8 1321 12
1 3 7 1124 26
8 3 6 554 29
28 9 11 1003 9
29 16 4 2404 13
1 3 5 3293 22
7 2 2 2086 6
7 4 2 315 22
23 18 4 2423 8
32 7 4 2287 30
3 2 3 455 16
7 7 4 705 8
14 16 9 182 19
3 6 9 2537 8
19 3 8 554 2
1 3 2 1142 12
5 1 5 1134 8
27 8 14 3686 6
5 13 2 215 8
4 1 6 614 3
29 7 3 176 29
22 9 2 1643 3
17 16 8 330 26
10 17 3 701 10
6 2 3 2052 17
3 1 2 374 4
34 5 7 784 25
12 29 9 3964 4
26 4 16 1175 24
4 2 2 372 24
21 2 3 1041 5
36 4 5 587 4
3 32 6 313 30
4 2 22 487 15
9 2 4 2585 20
7 18 8 1317 10
38 2 2 263 25
25 2 2 1509 30
31 1 2 1527 4
4 10 9 1605 3
24 3 2 3017 19
25 2 6 1487 18
32 2 5 969 17
16 6 2 3900 1
23 2 2 146 30
7 3 8 321 14
1 6 11 2676 21
3 1 5 4352 4
17 5 7 330 6
19 4 27 3089 29
3 1 4 1534 7
2 3 12 2176 17
12 2 14 59 14
5 7 26 416 22
2 7 10 2736 25
1 2 7 715 18
32 2 6 3313 18
35 5 2 408 19
6 11 2 110 20
2 7 35 1511 17
7 25 8 827 26
21 3 4 288 27
44 3 2 628 5
35 1 14 542 8
9 30 4 844 20
7 4 4 3165 15
8 17 19 2695 29
4 1 2 2595 26
5 1 2 2242 14
5 1 9 1148 1
5 2 5 520 6
15 2 12 3770 30
22 5 10 891 7
2 1 2 48 5
5 18 3 871 5
12 2 29 578 13
13 11 22 1129 2
17 3 8 1204 15
3 5 2 619 27
31 1 3 761 20
4 2 3 1307 24
4 5 4 1937 18
27 8 13 792 8
4 1 6 121 8
13 9 23 668 29
19 6 21 358 10
15 10 7 656 19
9 1 22 1432 16
20 6 25 589 25
43 5 3 3648 7
4 5 22 474 17
9 1 2 3036 6
12 7 4 504 13
7 6 8 1540 14
3 7 17 632 18
19 2 8 1003 30
18 3 13 397 24
3 2 4 747 4
7 7 5 756 18
5 1 2 900 24
8 3 14 633 26
