200
8 1 3 523 10
15 2 3 93 23
22 2 5 144 8
6 3 2 55 18
13 12 9 289 23
14 11 4 1609 4
1 2 7 130 27
1 1 7 201 15
6 2 14 792 5
19 6 10 181 17
13 1 3 200 8
11 4 11 1295 22
19 12 6 150 8
2 1 2 361 16
4 2 15 275 15
7 5 21 712 26
34 2 3 854 20
22 13 2 1514 15
18 12 3 141 28
7 5 6 489 2
14 2 12 818 7
6 2 7 1503 13
9 33 2 89 4
2 14 23 1616 15
32 7 2 340 15
4 7 21 493 2
12 14 25 410 5
28 1 19 130 1
11 8 3 66 16
41 2 4 776 27
1 10 9 116 3
26 5 6 171 29
9 9 13 680 12
4 1 2 103 19
12 3 32 131 28
1 9 23 250 27
7 2 5 989 18
4 11 18 896 23
29 1 3 339 22
2 1 4 302 18
22 11 9 472 30
4 39 6 1642 10
10 11 13 427 26
11 27 3 903 2
37 3 5 396 21
19 5 6 1479 26
3 4 2 74 7
11 22 3 2004 28
2 1 2 134 29
3 19 7 87 5
19 3 3 1805 27
2 2 2 122 18
3 8 16 611 12
29 8 8 555 21
26 2 8 134 7
8 2 19 415 30
21 6 6 403 7
1 10 5 528 19
19 2 7 631 18
7 2 2 1404 25
1 27 9 289 21
11 2 3 56 16
13 10 3 72 25
2 3 5 108 3
3 33 3 954 7
5 9 10 909 25
5 2 6 234 29
26 2 9 874 26
14 15 11 821 7
18 3 20 272 30
16 9 2 700 15
4 14 19 1286 11
4 19 8 663 5
9 11 2 1071 8
3 1 2 2000 1
24 2 2 419 5
11 10 2 748 3
36 2 4 1237 9
6 4 5 668 21
14 5 7 1273 9
32 7 10 145 7
6 4 5 1323 19
4 1 4 663 18
5 6 13 810 6
19 5 6 444 23
9 2 2 154 9
4 5 27 1858 20
12 4 20 1297 12
16 2 3 1053 16
8 9 7 1636 11
25 2 3 746 26
23 1 2 1973 10
2 8 16 1488 23
6 13 2 656 13
8 9 3 206 22
24 17 5 157 1
1 13 2 865 15
34 4 4 1183 22
11 9 6 393 15
8 3 7 1055 19
17 7 10 106 4
15 1 14 425 14
39 1 7 501 11
22 1 2 78 18
26 1 14 1601 5
15 10 3 640 11
17 2 11 209 26
17 3 4 103 6
4 12 10 405 23
25 1 2 1756 10
5 22 14 284 21
10 19 11 196 24
15 16 10 804 12
2 6 36 521 2
12 34 4 216 10
2 6 19 572 17
4 6 8 78 17
7 1 2 550 30
26 12 11 528 22
1 18 11 171 25
29 1 5 1666 15
3 14 8 714 2
7 28 2 73 1
35 3 8 83 12
19 9 6 207 24
5 24 5 1383 13
10 5 18 410 1
29 13 4 403 7
1 2 34 590 15
8 5 6 547 29
25 1 3 1129 22
34 2 3 731 28
7 1 2 81 7
20 1 13 788 10
11 5 14 625 18
22 1 7 1094 5
21 18 5 893 5
7 16 10 113 17
21 2 4 139 28
5 9 4 64 25
16 1 2 130 19
2 2 4 1084 7
2 1 2 932 8
12 8 23 1586 2
2 1 3 654 7
26 1 2 115 19
32 3 5 237 5
9 6 22 1693 14
6 2 3 321 12
32 4 11 288 11
16 1 6 145 30
6 8 3 1377 21
6 15 9 594 22
16 5 8 105 21
3 15 7 515 22
1 5 18 129 10
21 17 8 498 10
1 1 4 381 18
7 6 17 1053 19
15 5 16 1768 30
14 5 2 492 13
11 1 2 253 21
25 6 6 655 28
26 1 4 225 19
2 19 24 301 29
18 3 16 1628 20
6 2 2 720 11
1 2 13 1624 21
24 12 7 336 7
33 1 9 1219 21
30 2 6 1104 16
28 1 15 207 10
10 3 4 1079 21
10 1 3 1381 25
15 1 2 384 14
25 1 2 1616 11
11 1 18 963 20
10 7 9 1144 12
37 5 3 495 7
13 6 20 549 25
7 7 2 144 20
25 1 9 213 30
3 2 7 197 16
4 2 7 332 18
30 10 10 189 30
33 6 5 929 22
10 9 27 1602 17
10 1 3 258 19
4 8 2 349 12
35 2 2 268 11
7 17 13 968 13
5 3 2 1096 16
30 1 6 677 4
3 25 11 447 29
4 4 5 313 2
14 17 17 313 11
12 4 2 145 25
20 2 18 93 7
38 2 5 514 2
11 1 6 363 10
