500
5 11 2 1703 13
4 17 23 268 14
9 1 7 297 3
1 1 3 1295 4
11 2 29 672 25
3 9 2 1407 27
6 5 5 866 14
14 8 6 1274 15
1 2 15 1002 9
27 10 8 2218 17
20 11 3 1397 20
2 1 32 72 5
10 1 6 1851 9
2 45 2 1237 12
5 10 4 1598 27
4 1 3 2437 21
4 1 12 552 22
1 1 3 1935 7
2 1 12 160 22
3 2 8 359 26
23 15 9 422 22
8 1 3 839 6
15 20 2 3978 13
6 16 5 1269 24
5 14 11 1953 2
10 8 4 2371 2
1 14 2 1983 26
7 11 8 119 11
21 12 4 481 21
9 1 2 1048 24
2 19 24 1069 4
10 18 11 2590 6
14 7 18 1817 30
1 3 6 793 6
5 1 4 697 18
7 2 2 715 22
1 16 16 3331 19
5 9 3 886 13
20 3 4 255 24
3 1 3 383 20
38 4 5 282 1
12 12 10 2387 22
20 21 9 3061 22
15 17 5 2845 1
10 7 2 172 15
30 1 2 179 10
12 8 17 157 15
15 11 2 713 6
36 2 9 156 12
6 4 9 2321 6
3 3 12 4396 12
9 4 2 136 26
2 1 3 271 7
17 14 7 2371 6
10 6 35 1411 19
6 2 3 807 18
7 2 4 837 30
7 2 11 1103 4
7 3 21 503 6
28 3 11 111 14
4 3 10 426 24
11 3 20 250 23
7 31 2 1836 17
4 10 7 2724 21
30 15 6 3843 12
10 3 5 717 7
23 23 2 1763 12
30 1 3 2935 3
21 8 17 717 23
13 10 8 1816 15
5 9 17 2164 12
34 2 4 3667 25
7 5 3 271 19
2 1 7 3916 7
39 4 4 3074 30
4 5 5 451 7
8 2 17 858 6
2 7 9 2182 24
5 29 15 328 29
3 12 12 3374 2
9 17 3 1944 19
18 7 2 2026 26
28 6 3 530 23
25 1 3 905 23
17 1 3 3671 4
4 10 31 1523 3
14 3 2 3377 29
5 34 8 744 8
13 4 4 4613 19
5 1 2 3893 10
1 2 42 819 7
2 35 10 947 23
9 11 15 585 4
26 9 15 2264 27
2 1 2 2812 18
3 1 14 181 6
12 1 2 3126 23
6 8 7 405 8
18 3 3 507 9
19 1 3 327 9
6 8 5 4473 4
8 2 4 3396 12
28 9 4 4916 7
1 30 2 4731 17
26 16 9 308 29
3 1 4 99 4
39 2 2 496 16
2 1 2 314 19
23 2 13 480 26
4 3 10 553 23
21 12 16 1272 16
7 12 2 2675 27
12 7 28 3502 7
3 1 2 92 21
5 4 2 144 12
6 13 3 553 18
19 2 2 3701 24
12 9 5 1337 2
13 1 2 766 6
12 2 27 2889 13
30 2 9 3320 9
10 8 4 502 22
21 1 10 137 4
9 11 2 694 14
26 9 3 1450 8
5 6 20 749 29
24 15 4 2549 16
8 1 7 1584 11
17 1 17 1261 28
6 2 12 74 7
13 6 8 938 11
15 3 15 4052 13
1 1 3 1542 1
2 34 7 2550 20
19 23 5 294 10
20 14 17 3826 29
1 17 25 121 10
19 5 17 93 13
11 1 3 519 20
38 1 4 2396 24
30 1 2 60 1
8 3 6 150 15
18 5 7 168 12
13 2 15 809 8
3 2 8 692 26
6 1 7 211 24
9 13 14 1556 28
34 2 3 481 2
4 10 6 809 22
20 8 3 697 12
3 4 15 155 8
2 20 12 1206 14
8 5 2 873 28
22 15 8 170 29
9 1 6 1888 22
12 1 5 514 25
42 1 2 1144 15
13 7 4 1284 21
7 14 7 1837 20
1 2 2 1216 14
3 17 3 946 11
1 16 18 1753 30
2 2 9 437 24
17 2 18 344 23
28 18 4 3130 10
23 1 6 395 4
11 1 2 2727 15
7 19 25 1763 5
11 2 10 567 6
7 2 8 212 17
16 1 2 3845 15
5 8 3 65 5
12 1 4 704 4
6 5 5 3345 3
8 7 7 1785 27
6 5 5 3250 9
4 2 3 257 11
10 6 10 338 8
4 1 2 154 17
10 1 23 1767 8
2 10 21 842 26
2 1 4 54 28
19 5 8 3318 9
14 25 9 249 29
29 13 3 238 6
16 1 30 3563 26
30 4 7 301 24
10 34 6 4065 22
5 8 12 3911 4
2 10 18 338 10
6 7 10 223 3
4 1 2 1167 24
27 15 3 386 26
5 6 7 292 12
10 10 2 203 30
19 3 26 870 30
13 9 9 246 17
20 3 2 1340 2
33 2 3 1811 2
27 3 14 2049 20
1 2 16 1165 30
23 1 16 218 13
19 13 10 789 10
5 3 17 765 14
3 9 5 4026 12
43 2 3 1642 26
19 3 25 1460 14
12 6 7 208 11
5 9 3 298 11
11 15 8 341 4
1 3 3 1017 12
3 1 3 785 12
32 4 9 111 27
24 1 5 661 24
2 1 4 496 16
18 13 14 1197 1
14 2 2 568 28
11 20 4 254 22
6 10 23 226 1
7 1 3 385 30
28 13 3 2166 15
32 10 2 3172 5
40 2 7 1691 2
27 1 2 942 28
3 11 9 710 13
2 4 3 620 9
21 2 22 184 30
9 2 4 3462 8
15 3 2 1537 1
6 2 9 1572 16
7 1 2 79 27
16 3 8 991 5
9 1 32 104 3
14 5 14 3642 8
4 16 13 550 10
7 1 2 97 26
21 4 5 906 21
12 2 18 280 8
5 1 2 2138 5
9 17 6 3008 7
25 16 5 3939 2
15 2 26 1282 21
3 2 12 1753 30
5 1 2 1387 24
11 12 22 433 1
12 31 7 1091 10
7 2 4 396 19
14 31 2 349 30
11 6 15 411 3
6 8 22 1585 14
28 6 3 4241 16
2 15 16 1682 7
5 10 30 1215 23
8 9 27 2025 23
7 6 12 90 23
5 19 8 656 29
6 7 22 313 21
7 3 9 1830 2
1 1 3 1496 14
1 7 8 766 1
7 4 8 2398 30
5 13 6 3342 11
10 18 11 775 8
6 4 21 1841 10
10 3 7 225 17
26 8 9 2097 7
14 5 17 3887 13
3 20 10 1881 3
2 1 2 1436 17
10 25 2 722 19
30 2 2 1116 7
8 17 23 342 23
17 5 2 322 27
18 22 4 2539 2
1 2 5 1656 6
1 4 3 3561 17
22 13 2 1459 7
32 1 2 718 2
6 8 6 882 10
40 4 3 2213 27
16 18 2 2282 7
7 9 2 881 10
3 4 11 868 11
6 9 2 447 25
16 21 12 822 7
8 22 14 338 23
17 14 9 2383 8
10 10 12 144 2
35 6 6 2271 26
2 33 10 699 24
14 1 2 3006 22
32 3 3 98 16
6 11 3 508 5
11 2 3 4857 6
29 3 6 191 11
6 3 4 3005 1
4 2 3 2597 26
26 2 2 2247 24
4 4 10 3924 30
18 4 8 477 23
17 1 9 920 21
35 1 2 3096 26
24 3 15 84 9
26 13 10 1956 2
14 1 3 312 13
30 6 3 2648 5
16 4 16 1268 9
47 1 3 409 13
4 21 24 2953 6
1 1 4 209 21
20 2 6 314 14
2 1 3 4499 17
40 1 2 680 14
8 12 14 684 19
18 7 6 1891 20
5 1 3 284 4
15 9 2 1894 10
2 1 6 1595 7
5 9 31 723 29
27 1 16 1739 7
5 10 9 597 11
13 2 2 795 18
3 3 7 2230 24
9 3 10 82 4
9 8 4 565 26
12 2 23 544 8
20 1 4 495 12
21 9 20 288 30
9 1 22 65 3
30 2 2 904 4
4 3 6 2597 12
11 1 2 565 21
8 4 7 79 16
4 1 2 2620 15
7 29 5 2775 25
6 1 2 2162 20
2 1 3 296 6
17 4 5 1196 20
6 13 7 4492 12
6 22 11 1502 29
3 1 3 401 10
4 2 2 1283 3
3 1 3 2416 17
4 1 9 3077 19
20 3 10 2802 14
5 16 7 990 8
23 2 2 3057 25
6 22 17 291 28
18 7 21 1210 24
41 6 2 610 29
20 4 8 2680 10
12 3 4 539 21
8 2 11 693 24
27 15 6 374 17
9 3 3 53 30
2 3 4 618 5
16 1 11 3292 15
25 6 3 123 20
1 17 9 1485 21
2 1 6 570 19
18 9 18 1508 24
4 6 12 469 24
23 9 8 683 26
14 7 7 2154 16
6 1 2 4182 20
23 9 2 1922 14
11 2 3 3785 9
4 6 9 519 3
9 1 2 441 30
19 1 3 2977 10
27 5 4 4316 21
16 1 7 192 21
2 3 4 1491 27
4 14 7 2032 25
8 11 3 3484 16
7 11 5 224 19
29 1 3 1424 2
11 7 4 1813 13
18 19 2 1228 30
3 13 18 3544 9
31 1 7 583 28
4 19 4 153 18
1 24 24 1786 6
1 3 6 1299 11
2 2 2 296 10
4 5 7 825 7
7 6 7 242 19
5 1 2 819 6
14 4 5 1047 1
36 1 2 259 7
15 6 2 84 5
21 21 8 2984 23
16 1 6 3807 28
2 1 5 321 3
8 1 9 3628 5
10 2 6 555 25
1 6 25 320 17
15 12 2 814 3
2 32 6 836 3
10 1 7 970 25
17 3 23 1665 21
16 8 5 845 2
14 9 5 3299 9
3 4 19 2513 14
19 3 3 2135 14
22 2 6 501 22
42 2 2 145 20
10 2 10 4179 14
41 4 6 3475 29
28 2 7 3682 8
10 3 8 1271 17
4 2 27 238 1
15 16 3 108 6
25 11 4 445 27
7 1 2 2458 3
1 2 2 1363 24
1 2 2 1760 28
18 1 2 452 7
5 6 3 1430 15
9 1 6 1444 14
3 4 3 1163 2
2 2 2 600 7
17 29 2 124 25
5 1 4 1286 20
37 7 4 2075 20
4 10 2 377 24
7 28 7 1083 29
17 18 7 3790 16
29 5 16 625 11
5 7 5 2704 19
31 15 3 505 8
4 2 6 2947 24
15 11 11 3532 4
9 30 2 114 24
2 7 7 249 28
40 1 3 2396 30
8 15 13 2449 30
4 3 2 58 5
5 9 5 1028 8
33 2 3 305 13
4 3 5 117 14
21 2 17 1960 12
29 6 4 772 12
1 3 2 158 23
14 13 12 700 9
18 3 27 1103 26
2 1 2 1831 5
4 1 2 838 15
6 9 2 1521 9
6 9 2 185 22
5 1 3 387 24
25 11 2 562 3
2 1 2 4200 6
21 2 7 4207 13
13 4 5 2461 2
16 6 22 716 11
13 2 2 810 20
11 6 12 278 5
11 27 12 3095 26
5 1 4 2782 28
2 1 4 2044 5
1 3 2 198 9
18 11 22 731 3
26 15 2 1251 19
5 9 19 2309 21
19 1 2 54 7
37 1 3 1142 16
9 12 15 748 19
17 2 3 2190 29
17 16 13 1139 26
2 4 3 2194 5
26 3 10 4041 21
10 1 4 527 22
12 7 10 597 3
9 13 3 1534 17
22 3 5 920 20
6 4 18 100 14
6 5 14 166 30
2 17 5 132 5
14 11 10 467 12
28 10 8 1556 9
1 3 6 1972 26
2 29 18 364 24
2 26 22 1988 20
2 16 33 1056 7
9 3 4 3219 30
5 2 12 849 22
1 2 2 2350 17
22 5 21 513 20
5 7 30 1360 24
7 16 11 222 21
8 6 5 1238 27
8 2 9 2042 16
7 13 5 4262 6
11 12 11 1551 2
12 20 9 755 27
3 2 25 427 19
1 27 3 117 26
23 1 3 862 23
7 2 3 3541 12
