100
11 2 5 746 9
33 1 8 371 14
20 16 7 307 4
11 18 10 98 11
14 7 19 561 22
2 10 7 431 26
2 1 2 247 23
29 7 15 423 3
6 16 7 269 20
2 6 3 144 21
25 6 2 418 22
7 1 3 648 9
3 4 9 802 7
7 5 11 64 17
13 32 6 105 23
37 1 2 103 25
3 9 4 48 2
9 3 2 484 2
1 3 7 108 1
15 4 27 898 28
16 2 11 229 11
13 11 3 71 27
18 1 5 283 12
1 8 14 699 1
11 2 13 613 28
13 7 10 298 22
5 24 14 345 7
2 1 10 355 21
3 1 24 694 3
9 2 3 84 7
4 29 5 460 20
5 7 4 143 2
1 2 3 409 14
2 2 4 824 30
14 8 10 78 2
35 9 2 97 27
17 11 20 518 23
24 13 3 132 14
2 7 7 887 11
12 6 4 322 10
19 1 7 175 22
4 5 42 96 25
5 14 8 288 25
2 12 24 168 11
2 4 13 294 19
34 3 3 72 1
12 5 25 78 6
2 2 4 335 20
37 1 9 94 10
7 1 2 437 26
3 1 2 99 9
24 9 2 208 21
12 14 12 592 11
45 1 2 823 17
14 6 10 653 21
6 2 2 358 17
21 4 10 300 5
7 22 20 93 26
7 9 6 462 16
11 6 12 56 12
30 10 10 240 17
6 2 4 239 3
14 13 7 113 30
30 5 4 309 18
25 10 7 242 13
11 13 21 469 22
2 20 25 168 17
3 4 2 305 11
15 19 6 99 24
11 13 27 120 9
11 1 4 151 27
16 1 13 327 30
1 7 6 292 11
24 22 2 90 16
26 3 10 262 3
27 1 4 902 19
7 1 2 153 19
19 1 2 123 28
29 5 3 164 28
35 4 7 828 18
15 6 2 313 25
6 7 18 61 16
6 3 6 474 9
1 1 21 304 30
7 2 8 152 21
17 1 4 586 1
28 1 9 99 20
9 5 13 642 4
12 10 5 877 3
10 7 12 76 4
33 1 2 259 5
12 13 3 351 4
31 1 2 276 19
2 1 2 51 16
11 9 4 191 19
36 5 3 383 28
13 18 2 268 18
41 1 3 234 14
10 11 3 752 7
19 15 8 298 3
