250
2 1 2 403 14
4 9 10 820 19
9 1 4 302 3
21 14 12 1401 21
19 12 7 2249 20
15 5 3 750 6
20 5 2 1459 12
9 3 4 1026 20
10 2 3 630 29
23 2 9 1999 24
7 23 18 1173 6
14 1 36 477 5
2 2 6 1196 21
9 3 35 1648 26
6 5 9 917 14
11 4 6 658 3
16 1 2 247 16
4 25 2 207 2
1 6 3 955 30
12 21 2 150 10
2 1 2 60 16
18 22 11 589 9
34 10 5 696 3
13 17 3 1051 6
4 3 4 169 7
8 12 14 69 13
28 1 12 689 19
1 2 13 287 8
10 6 3 1634 20
5 9 2 735 14
8 21 3 1028 11
10 19 7 898 6
17 7 14 128 5
8 2 2 1833 20
11 2 7 530 22
31 9 3 585 18
9 7 8 190 25
2 14 13 200 13
27 12 4 272 9
1 7 5 486 12
13 1 15 265 7
35 10 2 74 7
14 13 8 2082 14
4 5 14 1652 23
21 18 6 86 28
21 2 21 784 11
6 2 2 461 11
10 4 7 563 6
8 20 2 78 17
25 17 7 450 22
8 1 11 983 1
9 5 2 71 22
11 4 20 675 27
13 1 3 178 2
1 14 2 49 18
15 10 2 170 29
24 5 12 271 1
9 4 3 244 23
9 2 3 1885 27
12 1 2 741 19
7 18 14 730 27
1 2 3 1337 19
9 10 6 264 5
28 9 6 333 8
8 8 3 456 29
11 1 4 320 7
7 4 3 1486 15
4 5 8 670 9
19 8 15 78 23
22 9 16 931 28
24 13 10 1108 17
10 13 19 130 5
1 18 14 1304 13
29 12 2 78 21
12 4 6 63 28
20 4 17 527 2
2 1 28 157 20
2 2 2 579 19
17 5 22 118 6
27 4 9 381 21
9 1 7 402 26
10 1 2 2144 23
11 14 15 88 20
7 4 5 2320 23
6 4 3 707 2
31 1 3 113 27
23 3 3 292 28
15 11 13 1472 11
16 2 9 300 30
8 6 3 181 24
17 2 2 311 14
13 2 5 893 7
22 5 7 507 15
5 18 14 216 16
1 8 11 236 9
17 5 2 168 24
12 11 5 281 13
2 14 7 463 19
2 3 2 814 30
1 14 2 1486 7
32 10 5 120 18
12 8 5 459 17
2 1 4 45 5
1 3 4 1570 17
3 1 9 669 3
3 1 8 1644 16
5 10 9 287 7
27 1 2 107 27
3 1 2 341 12
2 2 8 144 16
8 1 2 157 7
14 4 3 711 22
1 2 12 219 24
24 7 7 1032 20
11 10 24 332 23
18 8 2 1429 2
26 1 9 202 24
27 4 2 63 11
9 1 2 898 8
17 1 3 345 19
19 4 2 1644 27
5 3 12 791 21
6 23 16 413 12
4 6 26 1029 26
12 29 9 1803 21
25 1 11 522 27
9 2 2 717 23
4 5 10 483 6
12 9 8 64 4
1 7 19 1315 17
7 2 2 154 11
6 1 3 960 8
5 15 6 694 23
7 11 10 2101 9
10 8 31 859 17
16 8 7 120 19
7 2 2 229 11
2 1 6 558 15
1 1 4 670 27
1 22 2 130 23
2 9 7 1096 2
2 46 2 379 17
30 13 7 229 30
4 1 3 629 20
29 1 4 1186 28
4 19 20 135 25
6 5 8 574 21
4 1 3 764 6
3 11 2 134 14
6 8 4 1192 27
12 5 27 867 18
11 5 2 456 14
3 1 2 787 22
3 12 10 550 18
24 6 8 1198 4
36 7 4 960 14
8 8 2 753 15
25 8 4 72 24
16 11 2 59 6
10 1 2 238 21
2 6 3 270 28
1 1 4 84 5
15 7 5 371 29
29 7 2 1271 29
21 3 7 111 18
1 30 9 1856 23
6 1 18 82 1
10 7 31 324 20
19 11 4 1030 12
12 23 2 390 14
5 3 6 175 12
1 2 2 1931 17
35 2 11 75 12
15 6 21 469 25
13 4 20 214 24
25 2 9 1178 26
3 19 2 1076 14
11 4 9 222 21
16 6 18 1866 17
6 10 13 127 30
7 6 31 397 4
2 2 3 37 15
9 10 2 958 12
1 4 2 799 10
5 4 2 197 2
15 13 5 234 12
13 8 22 260 20
6 6 16 411 23
15 3 5 321 8
20 8 5 2209 30
30 3 2 140 2
9 6 7 285 14
29 7 9 1090 30
21 5 3 102 29
1 9 7 634 19
16 1 7 162 2
8 5 9 285 18
5 11 3 991 17
19 1 5 1110 16
17 1 13 437 21
9 3 6 842 24
15 6 12 800 23
8 6 15 971 27
7 11 9 600 29
3 1 11 654 20
1 5 24 1041 2
34 9 7 416 7
17 4 8 260 15
34 2 7 102 7
17 3 3 839 12
16 13 6 356 23
16 6 29 908 27
3 1 2 163 16
15 1 7 606 25
9 4 13 1374 3
35 7 9 863 10
8 3 3 51 29
7 1 2 769 26
15 8 3 1089 19
3 1 3 2247 23
2 2 4 574 30
32 3 6 100 2
1 39 2 207 1
1 4 2 1649 25
4 3 11 97 9
7 1 2 908 23
12 20 6 1300 3
16 5 5 1594 14
23 2 3 699 8
7 14 20 1393 29
25 7 5 175 4
7 25 6 592 22
29 2 20 248 29
1 4 18 166 13
16 16 13 999 2
2 7 7 237 22
6 4 2 254 13
2 2 4 1935 4
8 2 2 496 19
14 7 6 796 3
22 8 12 230 11
45 3 2 122 29
35 11 2 101 24
6 4 9 1225 25
10 2 6 118 24
6 35 6 368 12
25 2 2 1846 13
2 1 4 2261 29
20 14 17 287 10
12 10 5 107 12
