150
23 4 12 446 17
44 2 2 163 11
37 1 13 398 7
27 16 5 112 30
6 1 3 948 6
2 1 3 660 2
15 6 12 219 10
6 15 8 187 14
4 18 11 1082 25
16 1 2 58 12
21 15 9 327 22
13 1 2 400 19
44 4 3 473 16
2 4 2 635 21
9 2 8 1224 26
12 6 10 997 22
28 8 15 397 5
42 2 2 142 23
35 5 6 437 15
5 29 8 481 17
6 13 5 188 29
16 10 12 669 30
14 3 2 448 11
7 2 3 61 26
25 4 4 177 14
9 36 3 469 21
1 2 2 440 6
5 31 8 282 22
9 4 13 827 27
2 5 3 77 7
1 2 2 493 26
17 13 11 194 28
2 4 4 712 26
17 10 2 310 1
14 12 13 881 10
7 9 2 56 12
34 1 8 785 4
37 4 2 1206 4
28 2 13 279 17
7 5 2 593 20
10 6 4 967 23
14 2 3 1210 30
3 1 4 247 14
1 8 7 49 8
14 1 27 749 4
19 7 4 423 23
7 3 6 163 12
8 1 2 397 2
29 1 7 522 6
22 2 3 59 17
20 1 3 52 26
2 28 15 241 21
11 20 9 622 19
17 18 4 86 13
13 6 11 143 23
28 19 2 111 24
1 3 12 320 8
11 12 10 75 4
4 2 3 375 4
15 7 3 1014 7
4 1 2 614 27
5 7 20 105 4
10 11 4 121 12
6 12 10 112 16
10 1 7 565 9
14 8 7 161 9
10 3 8 679 27
7 3 27 706 10
7 2 2 444 20
20 13 3 363 26
3 8 12 59 14
11 35 5 235 6
23 3 4 289 7
6 3 5 482 1
12 8 3 448 15
6 1 2 1277 8
35 8 2 337 11
1 9 16 417 1
18 15 4 205 25
27 7 6 156 20
8 29 6 208 29
29 9 6 585 26
14 2 5 169 13
4 2 3 87 12
10 17 6 1138 20
7 5 8 442 30
1 2 2 201 15
24 5 8 186 10
3 1 2 217 16
2 3 2 104 20
5 1 2 288 10
4 7 9 45 11
28 1 2 187 18
25 13 7 109 8
42 1 4 1285 13
21 1 9 221 17
18 14 18 75 11
2 6 5 224 30
37 1 3 447 24
1 1 3 601 26
16 4 13 455 5
1 4 2 657 7
1 1 3 273 4
20 14 4 275 16
9 12 10 393 18
17 5 5 793 28
29 16 4 97 9
15 6 5 619 22
4 5 11 277 3
5 2 5 57 13
26 1 3 403 4
2 1 2 975 16
5 34 7 474 2
9 8 20 192 6
15 1 2 762 5
1 3 2 576 26
8 4 38 256 30
1 8 5 1252 16
12 1 2 1029 22
1 6 2 588 14
2 1 13 331 1
34 2 2 101 28
28 3 9 112 15
4 11 5 1097 16
11 15 21 172 22
14 13 17 277 2
12 18 16 430 9
31 1 5 84 13
11 4 14 123 30
10 7 14 777 29
3 5 6 50 2
2 32 11 531 16
15 2 9 246 13
10 3 4 388 7
12 1 2 298 10
8 6 6 381 16
6 16 14 242 11
40 6 2 80 18
4 1 6 53 22
7 10 20 275 8
1 4 4 513 25
31 4 4 149 6
23 1 3 497 30
7 11 14 124 18
22 14 4 167 19
5 5 13 110 18
15 16 4 75 18
15 2 2 247 25
18 2 4 50 20
40 1 5 216 2
