50
3 8 39 119 24
10 4 16 204 7
8 11 9 238 25
14 3 7 157 29
46 1 2 216 25
1 5 18 203 17
24 1 9 89 9
2 1 40 358 14
1 2 12 55 21
14 6 11 165 10
6 6 7 137 14
6 10 2 155 5
3 1 3 173 15
14 1 4 139 19
11 3 11 72 22
12 2 4 155 28
10 2 2 220 18
13 1 2 113 30
3 6 15 50 25
3 4 6 158 8
10 8 5 146 2
31 2 3 110 8
13 5 12 128 17
41 1 2 390 25
19 5 13 63 27
11 1 4 68 3
20 1 2 103 13
35 4 8 309 1
18 1 4 46 24
9 19 6 150 20
13 1 7 55 11
1 1 3 287 9
18 15 4 63 14
1 1 13 118 24
8 9 3 47 4
6 6 4 47 20
5 12 13 60 29
31 4 2 141 24
3 5 5 101 16
1 1 5 50 16
10 19 2 153 14
20 4 3 184 6
8 1 2 174 24
13 4 6 56 4
33 2 5 63 14
11 1 11 239 24
15 5 8 85 18
4 6 16 204 20
2 5 3 222 27
5 1 2 50 1
