350
48 1 2 1325 7
19 6 2 845 25
6 16 26 127 21
5 4 4 874 24
15 1 2 580 1
3 3 5 297 23
24 2 13 1048 14
22 7 2 1023 27
10 5 4 887 29
34 3 7 1492 29
17 21 3 150 15
33 4 7 309 27
16 22 13 2279 5
2 3 2 279 16
15 2 2 89 5
32 8 3 495 25
15 10 10 916 23
48 1 2 362 20
1 2 8 741 28
14 13 11 1288 28
14 7 20 638 24
3 7 6 219 3
25 1 10 221 22
1 10 28 602 14
12 17 11 156 24
26 4 5 170 15
44 1 2 2409 23
1 3 2 191 16
17 10 2 2042 25
14 9 23 600 6
5 2 16 1748 9
1 4 21 1847 17
10 3 3 551 22
29 16 5 2562 17
29 5 2 786 14
29 10 4 925 21
14 23 2 376 22
1 1 24 901 14
32 3 3 1078 21
15 8 5 615 11
28 5 10 423 4
12 1 3 910 26
27 7 3 2850 18
7 3 9 88 20
11 7 14 975 19
2 11 11 1031 30
5 9 3 1149 29
22 14 9 642 17
27 7 6 1409 11
11 3 26 1911 6
4 1 3 169 14
3 7 12 116 1
19 15 4 3194 3
17 14 10 786 27
4 20 27 278 14
17 12 9 227 11
2 11 17 290 12
7 4 3 2787 8
3 13 10 1117 6
1 20 5 2157 10
7 6 14 1037 10
30 1 3 1627 7
28 10 6 138 15
11 2 7 634 3
3 4 32 1000 2
10 3 4 1764 19
2 2 6 768 15
5 2 2 398 27
10 6 22 865 19
7 1 6 3350 28
18 2 12 2419 19
26 13 4 2233 9
10 8 12 426 26
1 2 26 1984 8
4 4 3 369 25
5 10 7 520 20
14 4 12 156 25
16 7 5 2066 14
3 3 6 1997 26
6 4 13 184 4
6 1 7 532 10
23 4 4 209 21
8 25 5 1891 27
1 6 4 987 10
29 7 6 1673 11
34 2 9 1431 28
4 5 2 2733 11
34 1 5 967 24
9 14 16 74 11
9 4 2 795 7
9 6 8 648 23
7 14 9 877 14
5 3 2 441 23
3 7 15 458 13
2 1 2 45 20
27 1 21 1389 6
1 3 28 2081 28
4 2 40 1191 16
4 9 13 751 28
6 1 9 516 24
1 3 3 327 21
11 1 2 277 4
20 4 6 2296 17
9 1 2 656 27
3 4 3 1074 13
4 1 3 524 10
35 7 6 1399 18
16 17 14 1065 29
13 10 22 387 10
13 9 24 444 22
15 1 6 1832 14
12 1 10 721 2
18 3 29 684 20
31 1 15 2333 21
1 2 4 1079 2
5 2 2 1382 26
27 2 3 648 1
4 11 2 100 8
20 11 14 650 5
8 1 11 1881 9
3 9 8 1126 20
21 11 12 336 23
1 3 3 283 18
3 2 3 1502 26
8 12 12 340 11
31 3 7 561 10
27 1 2 794 29
19 8 18 776 7
8 2 2 1952 22
2 10 3 109 23
19 10 5 2565 19
43 1 2 206 30
6 5 15 3206 19
4 9 22 1167 24
2 17 23 200 24
5 10 11 315 4
4 11 10 61 3
1 4 5 35 27
1 14 4 2552 22
6 16 2 204 6
3 1 8 1121 4
30 5 5 112 21
36 3 3 76 21
4 16 7 1781 19
34 2 2 1550 20
16 2 3 193 14
5 2 4 327 4
2 3 4 793 7
13 6 10 242 20
1 13 8 1933 8
9 25 10 1763 22
22 2 5 2878 27
17 1 3 523 30
25 3 4 1054 29
3 3 3 408 12
5 1 3 155 19
4 1 3 540 29
7 8 3 588 13
2 10 5 630 12
9 2 4 81 5
9 14 9 2144 7
7 8 15 329 10
2 5 5 2212 11
4 30 7 1330 19
12 1 3 1931 22
40 1 2 143 4
5 4 27 3228 11
1 1 4 393 27
19 4 2 479 21
3 3 7 355 22
1 1 3 1357 30
6 3 2 2354 8
41 1 4 295 3
5 1 3 1144 24
3 15 4 786 2
7 1 3 383 14
7 8 3 1846 1
12 17 6 927 30
10 10 6 238 16
18 9 15 72 21
16 17 16 906 18
10 10 2 1893 25
1 9 7 391 3
14 14 6 256 27
36 2 10 205 26
11 1 3 2950 11
11 13 10 1715 3
41 1 2 320 2
4 7 2 658 1
32 8 2 1155 13
7 3 3 759 14
21 14 5 267 13
33 1 8 921 30
17 8 23 1065 14
8 17 5 129 19
24 3 3 482 1
1 7 5 558 1
8 2 4 217 30
9 19 4 2036 14
11 1 2 121 13
1 1 3 462 27
10 14 14 1607 9
17 1 8 2243 26
15 1 2 1330 10
1 34 7 855 12
26 3 4 1557 5
35 2 4 1360 29
14 2 3 1248 7
10 3 2 590 15
7 13 17 1529 9
12 8 2 189 1
2 5 18 60 8
13 4 6 186 21
36 6 5 235 17
6 5 11 121 1
29 3 2 1385 26
2 3 10 40 7
1 3 3 214 7
12 1 2 1642 19
2 1 4 819 14
4 7 2 1070 3
1 8 28 495 7
1 2 2 871 29
10 12 4 274 4
21 6 4 952 24
27 12 9 275 3
1 4 4 695 23
28 1 17 466 21
3 9 5 930 24
7 11 31 667 2
2 2 3 2132 30
18 2 5 2419 3
24 8 2 1286 7
13 3 11 80 29
3 5 13 1553 19
1 1 3 61 10
16 5 6 200 28
1 1 3 683 16
9 26 13 239 6
18 3 22 1195 28
6 8 9 159 28
9 8 7 1559 1
26 3 7 3105 2
3 11 9 1003 9
33 1 8 2408 23
14 1 11 3040 12
37 2 3 111 3
12 10 3 587 27
20 15 10 2000 15
10 8 2 137 3
29 3 17 2617 28
9 3 8 1708 7
6 1 3 786 19
21 2 7 1137 11
36 1 4 400 21
23 4 4 2029 20
17 1 2 92 15
2 15 11 269 8
3 22 22 1660 21
4 1 4 45 10
18 1 2 628 27
10 17 6 961 20
32 2 2 98 5
16 6 18 481 17
6 12 18 1864 25
8 1 2 2841 5
36 1 6 422 19
4 2 3 261 30
1 18 12 323 10
31 7 8 1762 18
11 3 2 1315 13
37 6 5 174 2
11 6 3 2234 10
20 3 10 878 11
4 2 2 823 15
6 5 10 1274 28
3 4 7 558 14
28 2 3 594 16
9 1 6 767 7
12 15 3 351 18
21 12 12 1666 1
4 9 9 555 29
1 1 3 1062 5
31 2 2 880 18
10 17 13 2076 1
4 3 5 92 29
2 1 2 3065 15
16 13 20 108 4
6 27 5 391 4
4 1 3 2325 24
2 4 18 162 7
35 1 4 124 15
5 1 2 1066 3
2 10 7 1625 17
5 28 2 2013 17
17 2 6 817 17
9 5 2 1519 25
30 2 16 1396 22
15 1 4 475 30
10 4 13 1649 22
2 1 2 2151 2
14 1 2 138 6
16 2 7 476 27
5 1 4 111 14
2 5 31 195 11
32 3 12 618 23
8 5 23 1181 27
1 4 2 2625 20
11 3 23 113 17
14 9 12 734 24
35 12 3 1414 26
4 16 16 595 12
9 13 18 596 6
7 1 19 1535 17
13 3 13 1589 21
3 6 21 98 24
15 1 3 1176 24
17 14 13 157 3
6 1 4 796 21
16 2 3 183 18
8 2 4 434 18
9 1 2 271 26
17 1 10 154 19
13 19 4 351 26
15 8 2 1186 21
8 16 9 958 9
12 9 23 1911 16
2 1 2 572 7
22 13 6 552 13
3 2 6 2516 9
33 7 7 1658 16
3 24 6 252 28
15 1 2 1131 24
1 8 9 225 11
10 3 3 93 12
28 8 4 2744 22
20 1 14 130 7
19 4 4 1120 2
16 15 5 161 10
5 1 2 77 16
6 8 4 988 28
2 3 12 3091 15
20 1 10 88 15
3 3 3 244 26
10 21 19 580 28
36 1 6 79 6
8 8 9 2688 24
5 2 2 2392 26
9 2 2 2072 19
7 2 10 367 13
