100
49 0 52 2
3 19 61 4
91 6 150 8
13 97 156 8
38 0 201 8
60 2 262 7
14 168 273 1
1 228 275 8
50 115 323 1
35 307 363 2
58 354 417 6
3 290 423 7
11 411 434 6
38 400 468 1
35 404 503 8
64 467 564 5
54 383 618 8
63 511 681 3
16 612 699 3
15 592 711 6
89 595 808 10
28 784 831 6
70 662 903 5
88 850 986 6
28 916 1018 3
56 924 1074 6
85 950 1161 7
42 991 1204 2
6 999 1212 5
6 1045 1211 1
53 1161 1263 6
31 1156 1299 2
29 1251 1326 3
19 1302 1343 2
62 1223 1410 4
27 1311 1439 8
96 1294 1527 8
6 1510 1535 8
99 1482 1638 7
72 1455 1712 4
20 1597 1726 1
64 1613 1788 10
55 1757 1844 1
78 1778 1920 9
20 1766 1943 5
61 1782 2002 5
63 1863 2064 1
4 1876 2076 9
74 1898 2149 9
41 2082 2188 4
78 2165 2265 1
19 2181 2281 1
15 2136 2295 2
31 2117 2331 1
96 2170 2431 4
65 2230 2488 1
88 2335 2583 5
27 2559 2603 2
83 2588 2685 3
79 2565 2764 10
4 2624 2776 2
53 2734 2829 6
18 2789 2844 6
29 2751 2871 5
63 2702 2935 1
68 2807 3003 3
13 2805 3019 3
74 2880 3093 9
19 2944 3109 6
22 3091 3130 9
81 2989 3217 6
9 3162 3219 8
78 3139 3295 2
9 3139 3311 8
83 3284 3395 8
20 3363 3414 8
74 3401 3488 7
94 3375 3581 9
28 3425 3603 1
38 3437 3642 10
14 3545 3659 9
67 3599 3729 1
58 3658 3780 10
74 3594 3863 8
69 3724 3927 7
95 3873 4024 7
28 3894 4046 3
18 3992 4066 2
8 4010 4073 4
48 3954 4122 1
88 4030 4210 10
40 4070 4249 9
67 4216 4320 1
40 4215 4357 7
91 4345 4452 3
11 4414 4458 9
91 4309 4553 6
25 4384 4582 4
67 4515 4642 9
66 4614 4710 10
