250
84 0 88 9
13 32 97 9
75 81 172 1
36 36 217 5
97 58 308 8
18 253 332 10
27 223 356 3
99 198 452 1
45 309 499 2
41 468 542 4
24 509 566 8
67 525 634 7
2 524 632 10
93 624 726 9
77 707 805 6
98 638 903 3
36 722 941 7
35 898 967 6
53 837 1023 4
55 1006 1082 8
69 1061 1146 10
4 1050 1156 3
74 1040 1223 6
14 1106 1237 1
84 1074 1326 1
46 1242 1375 7
76 1272 1450 7
9 1290 1460 5
88 1339 1548 9
33 1445 1576 5
19 1556 1594 5
12 1407 1609 1
36 1457 1648 10
63 1565 1709 7
24 1526 1728 4
86 1636 1817 10
73 1772 1887 5
38 1839 1925 6
97 1745 2026 2
97 1916 2124 4
89 1933 2211 5
64 2106 2273 3
30 2156 2303 4
25 2206 2328 9
1 2263 2332 9
71 2236 2403 8
53 2309 2456 1
71 2274 2522 4
73 2323 2601 6
57 2454 2654 7
33 2517 2687 2
67 2592 2751 5
2 2651 2753 9
20 2657 2779 2
91 2725 2865 9
39 2718 2905 5
5 2867 2914 8
38 2872 2951 5
3 2902 2951 6
10 2903 2960 5
34 2835 3000 6
27 2963 3020 5
22 2882 3047 8
7 3012 3057 8
37 2991 3087 4
75 2946 3166 8
75 3021 3243 4
70 3042 3315 10
72 3226 3382 10
37 3314 3423 2
35 3407 3455 4
63 3278 3522 7
99 3343 3616 9
97 3480 3709 8
93 3531 3807 7
30 3682 3836 6
56 3784 3895 3
86 3842 3979 4
35 3934 4018 8
92 3823 4101 8
58 3989 4168 2
54 4043 4219 7
61 4041 4277 8
66 4166 4348 4
6 4148 4352 10
24 4220 4378 7
4 4332 4383 1
10 4220 4390 8
5 4258 4397 5
21 4191 4416 6
20 4400 4437 9
1 4422 4436 4
42 4349 4474 1
24 4345 4501 2
62 4419 4564 8
35 4503 4602 3
45 4566 4639 3
84 4507 4731 1
13 4527 4742 10
95 4562 4837 1
4 4797 4839 6
79 4773 4921 1
34 4826 4954 3
39 4928 4988 5
44 4789 5031 8
16 4863 5049 10
78 4927 5133 6
54 5071 5181 9
40 5067 5226 3
72 5077 5300 1
16 5193 5315 7
49 5143 5358 9
62 5302 5419 1
3 5308 5421 2
10 5249 5437 1
61 5421 5496 4
47 5392 5545 3
73 5501 5612 10
18 5490 5631 2
3 5602 5639 9
83 5619 5725 2
60 5710 5785 6
43 5618 5827 10
79 5679 5904 10
4 5754 5909 6
69 5764 5978 10
40 5855 6014 2
29 5967 6044 8
25 5982 6069 7
25 6019 6091 7
87 5986 6178 10
53 6007 6238 10
97 6122 6333 9
35 6221 6370 2
20 6240 6384 3
89 6206 6476 4
30 6357 6509 9
34 6369 6539 2
4 6453 6539 4
65 6519 6607 6
51 6494 6664 5
75 6535 6736 4
67 6706 6805 4
20 6721 6826 7
25 6721 6848 7
96 6692 6942 10
23 6902 6966 9
57 6951 7027 10
51 6918 7074 2
58 6943 7133 9
30 7087 7161 10
2 7067 7165 10
22 7117 7187 6
35 7177 7224 8
36 7134 7256 1
21 7128 7277 9
41 7177 7314 2
64 7158 7378 2
75 7280 7454 9
75 7405 7534 8
14 7414 7544 3
11 7408 7553 10
87 7533 7641 7
22 7462 7664 7
55 7500 7719 3
43 7593 7763 7
53 7688 7820 4
1 7761 7820 2
36 7618 7856 5
81 7800 7933 10
43 7759 7977 7
25 7782 8000 4
38 7993 8046 5
67 8033 8106 4
11 8062 8119 1
41 7963 8159 6
97 7966 8261 4
14 8103 8271 4
32 8069 8301 2
17 8161 8316 2
51 8168 8372 8
71 8287 8447 10
42 8422 8483 10
17 8334 8498 4
5 8389 8502 8
19 8488 8524 5
85 8325 8608 2
96 8540 8708 7
58 8534 8760 10
96 8648 8863 2
65 8840 8925 1
87 8863 9012 7
21 8846 9031 4
84 8985 9117 10
96 8917 9209 7
11 9125 9222 1
58 9064 9281 10
89 9194 9375 4
92 9241 9461 4
80 9377 9543 8
85 9353 9627 8
64 9526 9697 1
61 9520 9752 3
90 9617 9847 5
65 9787 9907 4
40 9724 9949 7
97 9762 10041 3
45 9869 10086 2
54 10078 10145 7
99 9944 10247 1
46 10111 10289 6
18 10251 10305 4
44 10233 10352 8
33 10273 10384 2
70 10356 10459 9
97 10258 10547 4
52 10457 10602 9
29 10563 10628 8
1 10542 10636 10
67 10581 10700 8
80 10520 10783 2
45 10664 10827 7
31 10695 10855 10
16 10718 10874 10
25 10784 10897 6
21 10867 10915 3
85 10716 11002 5
94 10907 11093 4
11 11011 11109 4
7 10984 11115 7
40 11051 11157 3
14 10989 11169 5
34 11097 11203 4
5 11199 11210 6
27 11128 11239 9
7 11195 11240 3
57 11066 11301 9
94 11285 11389 3
85 11213 11475 4
11 11346 11491 7
14 11451 11500 4
83 11391 11588 7
37 11472 11628 5
90 11487 11709 1
8 11701 11718 8
99 11673 11824 5
13 11740 11837 9
14 11649 11849 7
54 11747 11901 6
9 11773 11915 3
