450
82 0 88 2
51 0 138 2
83 93 224 8
78 178 299 10
55 236 351 10
28 185 381 6
69 369 446 10
43 444 490 9
100 413 598 10
90 423 680 7
82 583 765 5
95 693 865 3
16 724 877 8
45 802 925 10
20 799 939 7
88 797 1025 10
60 1001 1085 5
91 945 1181 1
82 1006 1264 4
16 1176 1281 6
67 1082 1347 1
7 1165 1355 6
66 1264 1422 8
64 1306 1487 6
61 1352 1548 9
11 1355 1556 2
75 1364 1625 2
19 1525 1644 10
60 1582 1709 1
31 1596 1744 10
59 1715 1797 10
57 1610 1853 7
40 1679 1898 5
62 1837 1962 4
54 1855 2011 3
85 1901 2095 9
78 2086 2177 10
74 2066 2247 7
100 2156 2351 4
13 2288 2358 2
69 2243 2431 2
80 2314 2508 10
79 2394 2587 6
83 2483 2672 2
55 2564 2726 10
86 2609 2815 9
76 2723 2885 10
34 2785 2920 3
51 2855 2974 9
24 2950 3001 1
27 2810 3027 4
28 2997 3050 6
19 2969 3072 2
24 3000 3094 5
92 3048 3185 2
66 3172 3250 3
98 3148 3351 7
33 3208 3381 6
64 3235 3447 6
32 3255 3485 6
28 3477 3509 2
96 3389 3609 3
32 3569 3634 10
96 3453 3734 6
78 3673 3808 5
61 3701 3872 1
79 3804 3954 6
61 3793 4013 9
30 3990 4043 7
27 3892 4071 8
5 4025 4078 8
72 4006 4149 5
2 4082 4145 5
28 4080 4179 5
85 4060 4257 3
47 4235 4307 6
25 4302 4331 8
51 4243 4386 2
59 4374 4448 10
52 4399 4494 8
75 4415 4567 7
2 4458 4569 9
48 4376 4622 4
89 4550 4714 7
73 4615 4781 2
40 4732 4822 2
26 4812 4847 5
95 4780 4940 7
83 4795 5022 5
61 4950 5083 2
47 4949 5130 6
95 5106 5232 7
71 5071 5296 8
77 5290 5375 7
49 5247 5425 10
31 5362 5454 3
99 5289 5554 6
59 5530 5620 9
43 5555 5658 4
8 5624 5670 4
43 5526 5714 10
45 5677 5757 1
43 5552 5796 8
79 5605 5876 10
71 5678 5945 7
16 5855 5968 1
72 5837 6037 10
27 5943 6064 1
18 5904 6080 10
25 5894 6104 9
21 6063 6128 1
47 6106 6172 6
78 5997 6250 5
30 6191 6280 6
54 6089 6333 10
92 6299 6430 8
16 6355 6448 7
66 6333 6506 5
34 6407 6540 7
27 6405 6572 10
60 6436 6633 10
39 6570 6672 8
30 6625 6700 2
22 6553 6717 2
48 6635 6767 6
68 6623 6841 2
84 6683 6918 9
12 6783 6931 3
38 6877 6968 3
88 6887 7062 6
84 6955 7142 7
94 6983 7236 1
44 7039 7283 10
19 7239 7297 9
60 7226 7364 6
16 7324 7378 8
84 7176 7459 9
90 7434 7551 10
36 7532 7591 1
77 7566 7666 7
66 7559 7734 8
19 7565 7753 8
17 7732 7769 1
55 7705 7822 5
96 7726 7914 8
62 7842 7982 9
9 7934 7989 2
79 7973 8070 8
82 7936 8145 3
85 7946 8238 8
65 8181 8301 3
58 8194 8353 3
45 8220 8404 6
91 8199 8496 2
39 8312 8532 2
100 8435 8635 1
88 8451 8715 2
61 8677 8776 7
96 8620 8874 2
51 8846 8924 10
69 8921 8992 10
61 8984 9058 2
86 8957 9140 7
2 9113 9145 3
29 8973 9176 9
76 9106 9255 10
67 9082 9321 9
98 9185 9412 3
2 9263 9421 6
30 9409 9445 9
21 9377 9464 9
67 9406 9537 9
78 9341 9618 1
67 9557 9683 4
34 9482 9717 3
89 9624 9801 8
14 9751 9817 7
8 9715 9822 7
2 9695 9830 9
66 9707 9892 7
31 9805 9925 1
96 9760 10017 10
52 9930 10077 5
34 9886 10108 7
68 10018 10178 2
87 10072 10262 5
27 10137 10292 8
20 10130 10309 2
60 10114 10367 2
67 10336 10435 10
44 10291 10481 6
37 10395 10519 5
22 10326 10535 3
96 10452 10639 1
71 10524 10707 2
42 10579 10748 6
7 10681 10753 4
50 10736 10803 7
80 10640 10880 1
68 10782 10952 8
40 10900 10989 5
35 10924 11032 3
16 10895 11042 3
96 10985 11144 4
6 10939 11146 2
76 11007 11222 4
26 11077 11246 6
96 11163 11341 6
68 11153 11408 3
99 11215 11509 4
53 11336 11565 2
21 11481 11585 10
81 11554 11670 8
2 11541 11672 6
4 11547 11670 1
82 11527 11758 5
90 11675 11848 8
99 11771 11939 6
65 11844 12007 10
47 11851 12059 7
45 11870 12104 1
56 12015 12151 6
83 12151 12243 3
15 12070 12257 1
59 12101 12310 4
26 12226 12338 6
14 12320 12351 7
64 12342 12419 2
95 12238 12508 8
67 12377 12575 4
2 12484 12576 9
28 12430 12606 3
18 12462 12627 4
88 12498 12716 6
73 12602 12788 10
7 12743 12794 8
26 12756 12822 4
57 12626 12880 9
68 12859 12944 4
9 12871 12954 8
21 12810 12976 8
26 12943 13000 4
38 12821 13038 2
59 12987 13103 2
32 12940 13134 1
35 13060 13164 1
82 13147 13245 7
28 13155 13274 6
59 13247 13332 3
26 13166 13361 3
53 13242 13415 3
65 13301 13479 7
5 13326 13481 3
24 13327 13509 1
14 13317 13523 4
93 13393 13611 6
84 13502 13703 10
66 13538 13761 6
64 13748 13830 4
84 13694 13915 9
39 13718 13950 1
57 13765 14005 8
89 13918 14098 2
56 14027 14152 9
82 14013 14232 3
97 14111 14335 7
34 14252 14362 4
99 14180 14467 5
79 14301 14541 5
23 14504 14564 7
10 14469 14574 6
23 14569 14605 8
2 14518 14605 10
54 14452 14655 1
59 14626 14712 10
51 14543 14768 5
55 14666 14826 8
93 14791 14919 2
46 14730 14964 4
42 14812 15006 7
16 14810 15017 9
46 14828 15069 7
79 14960 15140 2
41 15013 15182 7
85 15078 15269 2
45 15199 15319 7
17 15160 15328 7
81 15225 15409 3
23 15284 15436 5
39 15387 15470 10
83 15428 15561 6
27 15487 15583 3
26 15482 15608 5
38 15498 15649 9
92 15636 15741 7
94 15680 15838 3
7 15682 15840 10
74 15775 15918 1
83 15843 16000 1
42 15828 16039 5
45 15938 16082 2
68 15949 16156 1
19 16079 16171 6
79 16018 16253 6
26 16165 16275 6
60 16199 16338 7
70 16293 16403 7
34 16265 16439 1
75 16247 16513 7
12 16476 16524 10
56 16368 16589 5
90 16532 16671 8
88 16598 16765 7
69 16604 16827 1
30 16701 16860 6
76 16857 16937 4
60 16827 16996 2
45 16877 17043 6
68 16904 17115 7
16 16928 17124 7
20 17014 17145 6
29 17042 17175 2
73 17149 17252 6
73 17168 17323 9
34 17147 17353 2
17 17341 17371 2
79 17342 17452 10
10 17415 17461 9
40 17275 17504 4
81 17419 17578 5
4 17416 17588 9
78 17412 17665 10
44 17466 17708 6
26 17638 17739 8
95 17592 17828 7
76 17659 17904 5
72 17857 17978 6
97 17799 18074 10
74 18058 18147 3
70 18070 18217 8
87 18152 18305 5
87 18269 18390 6
25 18284 18415 5
73 18285 18487 1
15 18414 18504 3
81 18311 18584 4
48 18494 18637 5
83 18612 18713 7
17 18549 18730 7
71 18718 18807 5
87 18737 18888 4
69 18852 18964 7
30 18919 18988 2
56 18939 19046 10
97 18851 19146 4
67 19068 19214 1
69 19159 19285 10
65 19096 19350 5
91 19233 19436 1
56 19398 19493 7
29 19312 19517 6
18 19487 19538 6
87 19417 19629 3
72 19590 19695 7
66 19690 19762 2
46 19628 19812 3
19 19768 19826 8
1 19689 19830 2
86 19756 19918 5
8 19764 19926 10
95 19818 20015 9
99 19919 20118 6
61 19926 20182 3
86 20105 20265 7
50 20143 20314 10
77 20239 20391 1
3 20378 20394 1
8 20275 20400 7
53 20241 20456 4
21 20280 20482 8
98 20385 20573 6
41 20505 20612 6
63 20510 20683 7
35 20651 20716 7
83 20660 20799 1
45 20627 20838 6
37 20662 20876 7
17 20803 20899 2
65 20856 20966 3
56 20849 21016 8
30 20947 21046 5
15 20991 21062 6
99 20946 21164 9
92 20995 21250 7
73 21239 21331 7
66 21276 21397 10
97 21194 21489 10
5 21331 21499 9
95 21292 21587 9
71 21463 21656 6
11 21536 21672 8
83 21543 21750 2
48 21720 21799 10
46 21762 21849 2
40 21694 21889 3
33 21794 21925 6
54 21835 21980 10
60 21855 22035 1
13 22005 22052 7
94 21872 22146 4
9 21986 22151 10
14 22059 22163 9
57 22025 22227 10
20 22068 22245 9
51 22160 22289 3
60 22101 22354 6
51 22269 22408 6
56 22216 22465 1
98 22430 22559 1
74 22490 22631 1
21 22538 22657 1
13 22643 22666 3
51 22654 22720 4
100 22563 22816 10
25 22687 22843 6
51 22798 22890 5
76 22865 22970 6
66 22901 23037 1
20 22975 23052 6
71 22963 23129 8
82 22962 23212 5
57 23008 23269 7
56 23191 23324 7
75 23257 23396 9
37 23274 23431 1
71 23411 23504 7
47 23412 23554 6
44 23541 23592 2
72 23483 23672 4
85 23639 23751 9
53 23554 23802 9
48 23657 23857 7
20 23835 23872 4
82 23747 23958 1
77 23897 24037 5
59 24016 24094 3
50 24033 24144 7
26 24065 24164 10
45 24153 24213 10
64 24162 24274 7
