150
26 0 33 10
2 0 33 4
36 0 67 8
85 6 156 6
82 27 236 8
88 225 323 7
96 309 420 9
94 377 516 3
95 311 607 3
76 596 684 3
51 636 735 6
8 727 742 10
4 617 748 8
76 629 823 5
100 813 922 3
14 875 936 3
70 849 1007 4
39 893 1042 6
43 846 1088 4
88 947 1182 1
72 1065 1254 4
4 1057 1249 2
5 1077 1256 3
69 1072 1328 10
22 1223 1352 5
30 1275 1378 4
26 1297 1406 8
94 1381 1495 5
30 1495 1525 9
84 1445 1614 1
89 1471 1704 8
57 1544 1758 5
39 1619 1799 5
23 1636 1819 4
77 1655 1903 7
58 1784 1954 7
82 1914 2039 2
58 1942 2093 9
51 1982 2143 6
6 1949 2155 8
81 2043 2231 10
71 2202 2309 4
6 2281 2316 9
30 2125 2340 3
32 2145 2371 8
51 2293 2424 8
43 2388 2464 4
21 2321 2493 8
81 2344 2568 10
99 2405 2666 10
94 2480 2764 10
80 2604 2844 1
37 2772 2879 1
30 2677 2914 6
85 2725 2992 8
52 2892 3050 2
42 2968 3090 4
48 3004 3138 6
62 3044 3194 7
40 3124 3237 9
72 3070 3310 6
52 3262 3363 3
16 3198 3383 9
90 3250 3466 10
9 3392 3480 5
31 3461 3510 5
54 3484 3561 6
43 3378 3607 5
19 3475 3622 4
10 3520 3637 5
55 3606 3690 6
38 3685 3731 9
68 3567 3793 10
11 3649 3802 5
30 3692 3836 10
90 3768 3925 4
66 3912 3988 6
60 3876 4049 1
14 3866 4064 2
25 4042 4088 8
55 4019 4149 10
83 4050 4225 10
92 4115 4318 6
36 4201 4362 9
76 4309 4431 4
55 4253 4488 4
74 4372 4562 1
52 4548 4613 5
35 4536 4653 9
18 4581 4667 1
78 4481 4744 5
30 4621 4772 4
43 4625 4819 3
35 4658 4855 9
27 4705 4879 3
14 4824 4895 2
51 4738 4948 5
39 4777 4988 6
3 4938 4984 8
49 4871 5038 6
61 4874 5094 8
66 5061 5159 3
98 5017 5260 9
62 5207 5323 8
54 5159 5381 8
17 5341 5398 7
17 5236 5410 6
40 5407 5451 7
97 5381 5547 2
29 5380 5576 7
44 5449 5622 8
92 5509 5716 8
24 5691 5733 5
88 5573 5828 3
66 5813 5891 10
98 5817 5986 8
38 5825 6027 8
94 5923 6117 7
27 6103 6144 1
75 5952 6219 10
96 6031 6317 4
15 6209 6336 3
7 6254 6346 3
58 6149 6395 6
80 6241 6484 5
77 6313 6558 6
65 6422 6618 5
37 6551 6660 5
71 6580 6733 5
11 6649 6739 3
2 6602 6745 1
89 6586 6828 6
33 6719 6860 1
88 6850 6951 6
81 6862 7032 6
68 6871 7102 2
6 7035 7104 6
50 6937 7161 5
50 7085 7210 7
72 7191 7276 3
20 7081 7298 10
8 7159 7304 10
94 7191 7397 6
10 7361 7411 5
14 7323 7428 6
21 7325 7445 3
8 7358 7453 8
37 7406 7489 2
54 7381 7548 3
75 7477 7617 1
