400
94 0 98 10
35 0 136 10
14 71 150 7
66 55 217 6
99 131 313 6
35 170 351 10
63 303 415 3
47 212 459 6
97 255 553 1
31 482 581 2
17 533 603 8
97 452 703 10
26 519 722 2
19 529 745 9
34 630 780 7
41 626 820 5
3 771 821 5
43 678 869 9
52 717 914 7
62 867 980 8
88 779 1066 7
52 941 1121 4
14 1011 1138 8
98 965 1232 9
95 1049 1325 3
63 1286 1392 9
5 1223 1392 4
33 1308 1428 10
12 1325 1440 6
6 1299 1443 1
96 1245 1545 2
35 1387 1574 4
55 1408 1635 5
11 1621 1644 3
89 1526 1729 10
89 1633 1817 2
30 1808 1849 8
60 1810 1909 1
36 1848 1951 1
23 1792 1970 7
7 1865 1981 10
13 1862 1991 8
55 1875 2048 10
1 1866 2045 9
36 2019 2079 4
58 2073 2143 9
57 2013 2195 1
74 1996 2275 2
58 2184 2332 8
3 2320 2333 10
34 2199 2370 8
45 2205 2407 1
59 2238 2465 4
57 2289 2531 1
46 2504 2577 9
83 2450 2652 6
55 2599 2708 10
81 2646 2793 1
16 2675 2810 8
80 2697 2885 2
7 2759 2894 8
18 2760 2908 7
83 2716 2994 7
7 2899 3003 8
41 2812 3040 10
62 2883 3108 5
23 2933 3129 10
61 3000 3189 10
8 3175 3202 3
90 3139 3284 8
14 3209 3299 8
100 3135 3406 5
34 3365 3440 1
100 3335 3540 4
43 3451 3583 3
70 3512 3646 8
14 3498 3663 6
96 3590 3761 1
27 3564 3790 6
85 3627 3871 4
64 3814 3934 5
9 3816 3943 5
89 3795 4034 5
4 4022 4033 6
78 3866 4119 8
35 3984 4153 2
32 3977 4180 4
58 4163 4244 3
58 4073 4300 5
25 4129 4319 8
81 4270 4400 9
48 4257 4447 1
20 4397 4475 9
80 4403 4550 5
5 4449 4558 3
43 4526 4600 2
32 4577 4630 4
33 4531 4666 9
83 4618 4751 7
60 4629 4811 3
24 4665 4834 5
75 4649 4907 5
5 4726 4910 4
7 4727 4922 1
72 4846 4988 7
7 4972 4999 1
16 4821 5009 7
60 4959 5072 4
69 4991 5144 9
39 5046 5183 9
34 5055 5211 1
9 5063 5225 2
38 5154 5262 8
24 5116 5290 10
20 5090 5311 4
24 5236 5327 5
24 5288 5354 6
75 5198 5425 2
33 5415 5463 5
19 5280 5477 4
34 5289 5512 3
64 5481 5582 3
73 5575 5657 4
87 5634 5740 5
79 5621 5821 6
38 5784 5858 1
63 5784 5923 9
54 5897 5972 1
10 5921 5983 9
79 5935 6066 9
21 5860 6086 5
42 6077 6122 3
98 5973 6226 5
61 6057 6284 7
98 6144 6383 4
45 6210 6431 8
71 6357 6502 6
86 6440 6587 5
86 6400 6668 4
56 6490 6722 7
63 6594 6787 1
12 6707 6800 7
48 6639 6845 9
5 6707 6851 4
33 6742 6888 5
71 6877 6957 3
18 6772 6974 4
8 6830 6989 5
15 6786 7003 1
3 6867 7006 5
33 6880 7035 1
28 6977 7060 5
55 6917 7116 9
95 6964 7210 8
18 7119 7229 2
15 7159 7244 5
94 7074 7338 8
36 7318 7379 8
55 7250 7430 5
91 7399 7521 9
42 7320 7566 6
37 7546 7604 9
63 7431 7669 2
75 7626 7742 10
62 7693 7798 4
11 7729 7815 7
74 7692 7889 1
30 7714 7914 9
34 7830 7950 2
46 7754 8001 5
40 7988 8032 3
89 7884 8126 10
69 8007 8197 1
34 8154 8224 9
19 8060 8244 8
47 8105 8297 3
48 8164 8342 4
67 8258 8408 5
33 8233 8446 5
83 8404 8530 1
59 8413 8580 10
20 8420 8605 10
98 8578 8705 9
65 8544 8772 1
40 8675 8810 10
65 8771 8868 5
22 8744 8893 6
41 8702 8940 8
12 8881 8949 1
55 8781 9006 5
11 8936 9013 8
89 8841 9104 1
72 8928 9173 7
65 9020 9236 1
47 9189 9285 9
64 9258 9347 8
86 9174 9438 10
34 9270 9475 2
4 9362 9470 6
63 9304 9542 2
43 9401 9581 8
89 9546 9668 10
65 9475 9737 5
100 9648 9836 3
1 9712 9837 5
42 9689 9879 8
98 9835 9972 10
93 9777 10073 9
31 10042 10095 9
76 9985 10177 4
38 9975 10216 7
98 10173 10307 10
57 10253 10369 6
75 10266 10440 4
19 10285 10461 8
60 10354 10523 3
83 10352 10604 5
85 10521 10691 10
61 10580 10748 6
10 10695 10757 2
47 10675 10804 6
97 10740 10910 6
34 10707 10940 9
50 10779 10989 5
7 10889 10999 9
65 10926 11057 3
13 11011 11079 2
58 11026 11130 10
78 11116 11206 2
52 11156 11262 6
33 11192 11298 5
35 11229 11326 9
89 11204 11423 4
37 11325 11452 1
30 11406 11486 7
89 11300 11578 7
77 11523 11657 5
100 11642 11750 2
3 11582 11752 4
65 11663 11817 5
100 11684 11917 2
4 11808 11927 2
56 11742 11977 2
16 11956 11992 7
10 11930 12002 10
92 11862 12095 8
98 11962 12198 5
15 12142 12210 10
79 12205 12293 8
15 12240 12302 5
38 12173 12343 2
6 12325 12348 2
5 12257 12357 4
9 12324 12363 7
33 12197 12394 1
3 12342 12404 1
17 12277 12415 10
45 12306 12461 7
32 12329 12491 8
75 12469 12568 3
9 12382 12582 10
22 12543 12595 7
21 12449 12617 2
22 12482 12641 6
66 12638 12712 7
60 12672 12773 6
14 12584 12781 4
20 12694 12804 3
51 12618 12857 5
83 12795 12934 9
32 12886 12973 6
1 12950 12967 5
81 12871 13054 10
15 13040 13069 8
71 12985 13140 4
67 13020 13201 3
36 13195 13243 3
11 13111 13253 6
17 13148 13266 10
41 13245 13313 10
88 13262 13393 9
2 13264 13399 10
43 13214 13445 1
36 13433 13474 9
8 13447 13481 10
51 13429 13540 2
93 13528 13625 9
86 13465 13717 1
24 13699 13737 3
62 13685 13803 5
65 13735 13868 3
63 13858 13926 2
49 13849 13976 2
84 13838 14060 7
70 14052 14129 9
88 14092 14218 3
85 14112 14302 5
2 14171 14307 10
63 14251 14374 3
65 14360 14435 6
51 14365 14489 4
57 14440 14542 8
75 14437 14620 7
29 14560 14646 7
59 14523 14710 3
14 14630 14718 1
44 14644 14762 5
87 14760 14852 5
31 14767 14881 4
7 14872 14893 4
87 14799 14973 3
35 14788 15013 4
99 14877 15108 5
88 15070 15200 8
66 15138 15268 1
96 15246 15362 5
96 15234 15460 8
50 15310 15511 10
23 15498 15532 9
62 15455 15595 4
14 15573 15602 5
34 15409 15636 4
51 15511 15687 2
10 15518 15702 1
24 15590 15720 6
65 15582 15791 2
92 15761 15885 6
99 15711 15980 4
18 15806 16001 8
69 15846 16065 6
60 16015 16123 1
36 15941 16159 5
30 16061 16197 9
82 15995 16271 1
83 16133 16361 3
32 16342 16395 8
58 16238 16452 1
61 16398 16512 5
42 16351 16552 6
42 16435 16591 2
2 16409 16597 7
2 16431 16598 6
69 16511 16663 5
65 16480 16727 4
91 16613 16825 1
42 16720 16860 8
4 16804 16872 5
9 16758 16876 9
17 16843 16895 2
48 16746 16947 2
6 16750 16952 9
70 16798 17016 6
55 16844 17075 4
92 16927 17167 1
87 16977 17256 8
15 17074 17272 10
14 17103 17277 9
55 17129 17337 3
56 17310 17389 7
40 17192 17434 7
47 17346 17481 5
39 17303 17516 1
10 17500 17524 7
79 17340 17607 7
14 17407 17617 10
63 17443 17689 8
59 17532 17746 10
95 17577 17840 4
6 17764 17849 4
45 17714 17888 8
8 17783 17895 4
1 17871 17896 5
41 17746 17944 8
24 17799 17967 7
50 17879 18014 9
64 17941 18074 10
93 17917 18168 3
2 18118 18168 10
70 18004 18244 9
36 18132 18277 6
84 18242 18359 2
59 18192 18422 3
51 18227 18476 3
38 18286 18511 10
42 18346 18548 1
25 18466 18581 8
87 18397 18664 5
72 18612 18739 2
28 18704 18766 10
98 18606 18865 6
81 18790 18941 9
92 18745 19031 5
21 19031 19055 5
54 19022 19114 2
96 18994 19210 4
15 19004 19218 1
6 19135 19223 7
55 19061 19285 8
14 19240 19301 9
14 19210 19313 5
