350
13 2467 2484 10
8 2766 2812 7
10 1756 1768 8
15 1718 1737 6
11 2373 2416 3
6 3100 3108 6
6 2000 2020 10
6 200 237 3
14 2268 2288 1
6 1477 1487 10
7 2194 2239 2
13 1629 1674 7
12 3257 3298 7
12 1037 1081 9
7 774 820 8
12 2833 2865 5
13 205 262 1
11 2550 2584 7
11 64 88 7
15 2627 2663 8
7 2020 2033 2
7 2082 2103 4
7 3035 3047 10
12 762 812 6
11 1010 1059 4
6 3178 3210 1
11 1618 1673 8
12 2444 2494 9
13 293 319 10
14 3165 3195 2
7 1763 1796 5
14 2125 2141 6
13 2090 2110 8
12 2948 2981 3
9 1425 1449 1
11 1467 1480 5
12 436 486 8
14 44 58 4
14 1802 1857 1
7 1910 1933 3
8 1091 1135 1
10 1663 1708 3
13 1641 1660 10
7 192 233 10
12 2326 2338 1
15 3090 3112 4
15 2148 2203 1
15 2608 2663 2
15 1614 1630 2
10 273 300 2
12 3283 3302 6
14 1596 1614 5
7 3178 3213 7
14 2799 2844 3
14 1761 1804 5
9 1672 1710 6
10 1402 1430 5
7 760 809 8
6 3194 3211 4
12 3021 3058 2
13 1783 1808 2
15 2669 2711 4
7 1622 1646 3
10 2148 2202 4
6 2869 2894 7
10 121 152 1
6 3162 3181 1
10 1137 1183 1
15 3315 3344 2
9 683 729 10
12 570 603 1
13 1325 1345 8
15 484 516 5
12 1718 1764 1
12 2577 2625 9
13 1212 1251 5
8 2719 2732 7
6 1611 1647 9
12 1622 1659 7
7 3097 3140 4
15 3008 3065 5
9 406 430 8
12 748 762 9
11 1422 1461 5
13 1894 1951 5
11 2667 2696 6
8 3258 3267 3
7 3112 3142 9
14 2747 2766 8
14 1862 1894 1
15 2297 2332 3
12 1063 1082 1
12 1105 1125 2
9 3171 3188 3
14 2063 2090 8
8 2053 2085 6
8 3197 3228 4
15 2718 2733 1
8 2501 2524 1
15 1233 1268 8
11 761 798 1
14 400 441 2
7 1887 1894 4
15 921 943 4
14 2907 2963 8
6 265 310 8
11 400 411 3
14 1153 1200 10
11 3110 3130 7
7 23 73 3
12 2151 2200 4
8 2119 2165 5
8 2095 2126 4
7 1505 1528 5
7 707 742 5
6 2858 2880 2
6 2870 2898 9
8 8 25 3
9 2841 2887 6
9 885 904 1
11 2932 2955 7
6 584 590 6
10 1288 1310 10
10 449 465 1
11 2301 2334 9
11 1867 1886 7
6 1539 1580 10
9 2150 2177 1
9 24 54 1
13 2099 2154 6
10 2992 3035 8
7 2439 2485 3
14 50 104 8
13 2398 2444 2
12 3110 3156 6
12 953 1007 4
10 342 382 4
14 854 885 5
10 1917 1942 9
14 3075 3090 8
14 3299 3326 2
14 1952 1997 10
10 2347 2382 5
10 1196 1249 5
12 1565 1608 10
12 3276 3288 5
6 1634 1664 6
8 2847 2874 4
6 1427 1459 9
14 2188 2216 4
6 1803 1844 6
8 581 616 2
9 955 986 1
9 1776 1813 6
10 2897 2910 8
15 3006 3063 4
15 2280 2304 10
11 2745 2763 5
8 1094 1131 1
7 1368 1384 6
8 1564 1599 10
12 209 236 10
9 577 600 4
10 2712 2725 4
15 1054 1104 8
10 969 985 4
11 2968 2995 3
15 1573 1613 5
6 38 78 5
10 2375 2416 4
7 2937 2986 1
13 2135 2154 10
11 2417 2431 9
12 2953 2975 4
10 1240 1259 5
15 1558 1594 4
14 1695 1725 5
11 2210 2245 1
11 3267 3293 7
7 655 671 2
15 110 168 10
14 434 474 1
15 1105 1134 4
14 1791 1813 4
14 2933 2977 9
10 1729 1759 7
11 1026 1067 5
11 1079 1108 1
11 2433 2485 8
11 3002 3031 8
9 2440 2480 4
7 3250 3274 9
9 1762 1776 3
8 1089 1123 9
11 2986 3004 9
7 2719 2728 2
9 646 665 6
8 2189 2224 8
8 1772 1787 9
11 2494 2547 7
15 900 940 4
7 668 686 6
15 2187 2223 2
9 1000 1038 1
13 664 713 8
10 2961 2986 10
14 1908 1965 4
15 333 383 9
15 2401 2460 6
12 1305 1351 7
13 140 163 3
9 1677 1695 8
12 3123 3146 6
14 2267 2296 4
12 350 380 1
14 231 268 5
15 3307 3343 6
6 2075 2124 1
8 1426 1439 10
12 399 451 10
13 2583 2627 10
6 3249 3259 10
8 2017 2061 9
13 3161 3195 9
14 2509 2533 4
9 511 524 9
7 372 405 6
15 463 487 2
14 1328 1350 1
9 1464 1495 3
14 503 519 7
11 518 566 3
7 861 899 9
11 1027 1038 2
12 1428 1472 10
13 3253 3290 6
9 123 175 10
11 2995 3038 7
13 1222 1251 4
7 448 485 1
7 1985 2031 4
15 2680 2734 6
6 3234 3266 7
9 3166 3196 8
13 2597 2635 3
11 1039 1074 4
10 1001 1017 3
8 836 878 7
9 361 413 3
15 3040 3081 7
15 1317 1371 3
12 2101 2156 3
8 1529 1556 8
11 964 1002 6
6 297 346 1
12 2344 2391 5
12 972 995 1
15 1395 1453 10
10 2029 2061 6
12 614 637 9
11 999 1045 8
13 1642 1668 6
14 1441 1491 3
8 2369 2377 7
11 2956 2973 1
14 1771 1814 7
15 1123 1182 9
6 160 196 6
12 1846 1895 4
13 2114 2132 5
7 1015 1029 3
15 3308 3363 9
13 977 1015 5
14 781 834 10
7 3175 3221 3
12 506 542 7
10 983 1020 4
9 1258 1298 2
7 259 293 9
7 1772 1802 10
8 3158 3203 6
11 1122 1146 4
15 2527 2560 2
8 67 108 3
11 3161 3198 7
14 1976 2004 6
7 2276 2321 3
10 2425 2468 4
10 2807 2844 6
12 1944 1961 9
11 952 988 3
13 992 1015 6
12 1639 1667 1
13 1712 1757 2
7 2034 2062 1
11 3244 3275 6
8 2390 2409 8
15 2236 2283 3
15 336 355 1
15 449 503 6
11 2954 3001 9
10 2262 2300 5
10 825 877 8
9 1414 1449 10
11 2405 2437 2
11 2547 2581 6
14 1357 1415 5
11 2019 2073 10
8 1788 1806 1
8 153 192 9
12 1132 1169 5
14 1918 1950 3
13 1725 1751 8
9 1481 1502 7
9 2346 2384 10
14 729 762 6
12 2981 3025 7
12 1017 1067 9
15 2510 2541 3
8 1357 1389 2
13 2865 2901 5
13 1485 1498 5
7 993 1037 10
12 1766 1812 1
13 3078 3097 6
15 2662 2707 10
12 1707 1726 2
14 2894 2937 3
9 882 916 10
11 2027 2052 3
9 2476 2486 2
7 62 94 1
13 3098 3138 9
10 1357 1389 8
8 1442 1458 3
15 2937 2970 2
7 873 912 4
12 1898 1910 6
9 2808 2845 10
15 2592 2609 4
9 332 352 8
13 1903 1950 7
8 2403 2424 4
9 1287 1331 9
15 2365 2398 2
14 92 149 3
15 86 128 3
6 518 525 3
12 3043 3088 6
15 2474 2499 7
