500
2 0 5 9
55 0 61 2
31 0 97 5
86 0 181 8
72 88 247 6
6 212 257 2
24 102 283 5
8 126 286 10
15 124 303 10
47 137 349 6
57 326 408 7
64 219 468 1
48 347 517 9
83 335 601 9
81 476 680 4
29 669 710 8
40 696 756 10
71 626 826 5
24 811 847 5
4 843 851 3
82 655 935 6
35 927 972 8
45 962 1017 8
5 835 1022 10
34 942 1049 5
37 980 1094 5
8 969 1093 5
84 973 1182 1
31 1069 1213 10
87 1128 1297 6
36 1177 1334 9
76 1155 1411 9
37 1309 1453 5
15 1262 1466 7
49 1373 1516 2
56 1484 1567 3
40 1434 1605 2
56 1596 1665 7
18 1652 1682 4
17 1514 1696 9
50 1587 1745 7
10 1725 1764 4
72 1565 1827 1
63 1687 1893 4
97 1698 1989 6
74 1901 2066 2
98 1893 2166 10
71 2011 2231 6
53 2170 2292 10
54 2105 2337 5
56 2183 2402 8
39 2211 2437 1
11 2246 2444 2
57 2307 2504 7
26 2388 2533 7
12 2436 2545 7
36 2386 2582 8
9 2554 2587 3
42 2463 2630 8
89 2601 2719 9
10 2566 2728 8
22 2580 2751 5
11 2640 2761 2
17 2575 2776 2
79 2732 2860 8
64 2849 2924 6
62 2805 2986 3
23 2815 3005 1
26 2816 3036 9
18 2830 3049 1
65 2968 3117 2
25 2987 3141 4
42 3016 3180 4
94 3082 3275 8
29 3132 3308 7
6 3149 3307 9
58 3223 3371 9
2 3343 3373 10
16 3265 3392 3
21 3239 3404 4
21 3300 3429 8
38 3339 3463 7
44 3389 3511 4
67 3471 3577 8
72 3520 3653 5
20 3486 3672 1
78 3550 3749 8
47 3610 3793 8
15 3607 3814 2
51 3688 3860 8
71 3723 3937 4
97 3860 4030 2
72 3839 4099 10
64 3911 4164 4
16 4003 4179 7
25 4119 4209 5
56 4176 4264 10
39 4062 4298 2
18 4133 4324 6
75 4299 4395 9
89 4262 4481 8
22 4415 4509 1
64 4439 4574 10
32 4503 4599 5
45 4425 4645 6
71 4512 4719 5
92 4693 4814 6
58 4761 4868 6
96 4777 4960 1
67 4809 5030 2
47 4946 5077 6
78 4967 5159 1
57 5075 5209 9
95 5186 5311 1
48 5135 5351 3
28 5291 5384 6
54 5207 5435 3
79 5261 5520 3
69 5314 5583 8
21 5575 5611 10
5 5512 5609 3
58 5597 5666 6
73 5625 5747 8
31 5610 5770 6
64 5727 5834 5
22 5661 5855 3
34 5731 5895 2
41 5729 5931 5
20 5838 5957 4
92 5840 6050 4
8 5872 6054 1
25 6044 6083 2
35 6051 6116 10
16 6026 6133 8
32 6028 6160 2
53 5996 6219 3
11 6069 6222 1
29 6140 6259 4
54 6103 6306 9
24 6215 6336 10
55 6211 6389 6
48 6370 6434 1
89 6350 6527 8
6 6515 6529 7
12 6427 6543 1
61 6529 6602 6
87 6520 6693 10
90 6665 6779 4
89 6655 6867 4
44 6832 6919 9
66 6858 6983 7
94 6792 7079 10
59 7064 7135 4
68 6991 7202 5
39 7141 7243 9
46 7198 7284 7
33 7260 7324 7
42 7183 7361 8
55 7181 7417 9
54 7380 7475 6
50 7342 7517 9
60 7336 7583 3
33 7488 7616 6
61 7557 7679 6
22 7514 7692 5
19 7638 7719 9
11 7663 7723 3
99 7650 7826 6
98 7817 7921 6
92 7871 8012 9
14 7907 8025 9
95 7885 8126 4
40 8108 8164 9
25 7986 8185 2
78 8035 8269 4
19 8217 8289 10
37 8174 8319 1
15 8297 8341 4
43 8284 8378 1
94 8357 8473 3
91 8303 8568 1
1 8474 8563 1
70 8433 8633 10
10 8543 8650 5
63 8563 8706 3
6 8602 8715 6
62 8610 8783 7
50 8616 8833 9
79 8646 8908 7
2 8795 8911 8
46 8791 8958 7
72 8771 9032 2
28 8857 9053 9
61 8893 9117 7
1 9112 9121 7
57 9011 9175 2
23 9166 9196 7
47 9161 9246 7
36 9130 9283 5
27 9220 9303 4
74 9159 9385 5
20 9223 9403 2
52 9233 9454 8
56 9339 9506 5
93 9417 9598 5
93 9520 9699 8
48 9641 9741 6
28 9581 9769 1
90 9605 9857 5
42 9829 9905 3
27 9779 9931 3
64 9832 9998 5
67 9872 10065 6
39 9893 10096 9
16 10082 10116 4
60 10108 10173 1
75 10036 10249 9
47 10133 10295 8
70 10250 10370 1
41 10360 10405 10
67 10315 10479 8
45 10312 10519 5
91 10513 10616 7
85 10410 10696 4
79 10605 10775 9
42 10642 10818 1
58 10618 10877 10
87 10752 10964 9
47 10905 11007 4
24 10836 11036 8
74 11020 11113 8
75 10918 11183 6
39 11099 11220 9
11 11146 11230 5
40 11083 11278 5
95 11115 11364 9
28 11334 11401 6
66 11348 11459 5
29 11450 11490 3
51 11371 11538 5
30 11350 11573 7
25 11524 11593 6
38 11507 11634 1
64 11619 11702 4
51 11505 11752 4
21 11554 11771 3
34 11695 11801 6
31 11609 11836 7
98 11806 11935 2
21 11740 11952 8
7 11773 11964 7
85 11832 12049 1
6 11895 12055 8
17 11953 12070 1
76 11892 12147 6
1 11946 12145 5
28 12001 12179 9
32 12031 12210 7
55 12035 12267 9
47 12248 12308 10
91 12213 12402 4
52 12328 12452 10
39 12260 12489 4
55 12483 12542 8
50 12522 12601 9
1 12464 12598 9
15 12459 12616 3
61 12544 12676 2
53 12619 12727 5
75 12608 12801 10
13 12603 12812 9
19 12614 12834 4
8 12665 12843 1
15 12799 12854 2
61 12674 12916 8
70 12847 12991 1
60 12817 13047 10
45 12977 13089 3
63 13062 13158 6
57 12989 13213 3
88 13072 13304 5
94 13172 13395 10
81 13200 13473 4
4 13297 13478 9
30 13311 13510 9
33 13383 13542 1
59 13390 13605 10
90 13535 13691 1
94 13573 13787 1
43 13685 13832 3
24 13674 13856 7
47 13664 13900 7
72 13805 13974 9
15 13845 13986 1
89 13814 14077 9
95 13983 14172 6
56 14120 14222 5
66 14172 14296 7
95 14100 14383 8
27 14221 14418 10
46 14394 14459 8
90 14454 14550 4
1 14490 14547 9
36 14459 14592 6
91 14405 14676 7
20 14526 14697 3
9 14658 14706 1
77 14511 14784 4
91 14756 14877 1
96 14863 14971 7
95 14817 15063 1
41 14988 15107 10
57 14919 15165 3
28 14990 15197 10
45 15080 15242 6
49 15189 15284 3
23 15236 15308 10
28 15209 15337 5
44 15279 15381 2
69 15211 15451 3
40 15306 15489 7
17 15412 15512 5
39 15331 15548 8
7 15448 15549 6
19 15427 15572 5
82 15536 15657 4
100 15622 15759 10
87 15612 15842 2
47 15775 15885 4
54 15828 15938 2
11 15806 15951 5
16 15917 15968 3
33 15867 16001 7
26 15998 16029 6
34 15840 16061 7
51 15978 16117 3
70 16011 16179 1
41 16071 16226 10
42 16120 16267 4
3 16144 16270 10
3 16087 16276 5
89 16086 16365 3
51 16281 16416 9
7 16234 16420 7
73 16297 16490 5
69 16444 16558 5
58 16503 16617 2
34 16585 16652 3
58 16519 16712 3
91 16509 16803 10
53 16602 16858 4
13 16695 16869 5
13 16740 16881 3
81 16745 16963 1
60 16784 17022 10
27 16922 17054 3
66 16975 17111 4
23 16997 17134 9
13 16960 17156 3
20 17051 17174 7
65 17003 17238 6
91 17070 17328 7
45 17129 17375 5
2 17170 17373 5
100 17230 17477 7
53 17396 17529 5
45 17391 17574 8
45 17448 17619 5
96 17575 17716 6
34 17673 17746 5
13 17569 17757 2
31 17696 17792 3
67 17691 17855 10
33 17682 17888 4
38 17873 17926 10
49 17821 17982 6
97 17942 18076 9
93 17897 18167 1
81 18088 18249 3
20 18109 18268 6
77 18239 18344 7
12 18196 18359 1
55 18182 18411 4
20 18231 18435 8
22 18419 18457 6
4 18401 18464 10
25 18365 18481 9
39 18304 18527 10
69 18501 18593 4
15 18588 18604 8
72 18491 18684 4
23 18609 18700 4
43 18534 18746 6
89 18641 18838 9
56 18694 18895 3
20 18716 18910 7
36 18844 18943 4
86 18896 19031 5
45 18926 19074 5
58 19001 19138 6
26 18985 19163 6
29 19093 19188 4
88 19076 19274 4
82 19106 19358 9
67 19280 19424 3
3 19335 19435 4
92 19258 19518 4
40 19514 19567 10
30 19468 19596 5
82 19540 19676 2
78 19648 19752 3
86 19580 19843 3
17 19782 19859 5
12 19789 19868 9
28 19823 19893 2
64 19699 19961 5
16 19833 19971 6
59 19909 20034 4
30 19844 20066 6
52 19924 20112 9
69 19918 20186 6
93 20143 20280 2
44 20120 20326 6
92 20160 20416 9
41 20318 20453 1
20 20287 20471 8
81 20289 20557 3
68 20460 20620 2
51 20558 20674 6
11 20477 20689 6
90 20682 20781 5
51 20636 20827 8
70 20659 20896 7
17 20781 20914 3
95 20904 21012 9
34 20905 21042 9
28 20989 21072 8
7 20997 21076 7
4 20878 21086 5
92 20922 21172 6
71 21162 21244 7
98 21211 21345 7
94 21249 21441 10
90 21423 21527 6
51 21523 21580 3
54 21574 21628 7
35 21450 21670 1
31 21487 21698 2
62 21586 21762 7
21 21736 21782 8
94 21657 21876 7
67 21733 21942 8
87 21912 22029 3
34 21945 22068 2
66 21985 22129 1
23 21979 22154 9
100 22088 22254 6
60 22106 22315 2
74 22150 22391 4
20 22360 22404 6
65 22218 22470 6
53 22355 22520 6
38 22484 22566 9
67 22388 22627 6
91 22567 22722 5
38 22540 22759 1
75 22650 22834 4
54 22643 22885 9
16 22805 22900 2
77 22821 22983 7
43 22948 23022 5
40 22883 23059 5
91 22943 23158 3
49 23136 23204 7
16 23017 23223 5
67 23207 23284 7
46 23164 23335 2
100 23304 23435 7
23 23340 23451 1
14 23309 23466 8
23 23329 23489 4
57 23386 23547 2
66 23471 23619 6
40 23509 23657 9
15 23497 23675 5
32 23506 23706 5
83 23532 23781 5
19 23751 23804 6
60 23748 23861 7
49 23736 23915 4
93 23815 24002 6
58 23970 24062 3
82 23864 24150 9
94 24066 24245 6
24 24152 24264 2
25 24244 24291 10
83 24197 24374 5
26 24362 24402 5
100 24372 24500 9
19 24440 24522 6
