300
11 0 15 8
35 0 52 7
19 46 67 2
41 35 112 5
65 0 173 7
42 171 216 10
29 203 244 6
51 188 297 5
13 111 306 8
88 160 394 10
97 328 498 1
47 335 547 6
61 534 600 2
91 537 699 5
52 664 743 6
49 644 800 3
67 633 863 6
87 726 950 4
9 775 961 2
20 818 981 4
53 838 1035 7
58 1003 1090 2
95 977 1189 4
34 1064 1221 8
3 1176 1221 2
29 1093 1248 5
82 1050 1328 1
53 1146 1381 1
72 1247 1461 5
84 1415 1538 10
95 1499 1632 3
70 1440 1709 9
33 1518 1735 8
33 1579 1774 3
53 1626 1829 4
85 1737 1915 9
69 1814 1981 8
11 1795 1990 4
54 1874 2044 4
37 2010 2086 4
20 2059 2098 6
45 1961 2145 7
91 2074 2236 2
95 2231 2330 6
94 2314 2429 6
32 2292 2459 7
77 2326 2534 6
99 2481 2635 1
82 2462 2717 1
54 2530 2768 8
65 2700 2832 8
79 2789 2918 5
39 2756 2950 7
29 2779 2987 7
9 2942 2996 1
92 2827 3079 3
24 2931 3109 7
7 2961 3116 9
99 2974 3218 3
70 3017 3282 5
36 3215 3316 8
40 3265 3360 3
99 3161 3454 10
39 3370 3494 1
56 3481 3558 3
44 3421 3601 6
26 3455 3626 9
23 3421 3645 2
84 3564 3728 7
11 3530 3743 3
65 3737 3805 8
74 3772 3884 6
41 3858 3926 10
30 3915 3953 8
53 3873 4006 10
80 3810 4080 3
39 4070 4128 2
14 3951 4138 9
11 3983 4152 1
58 3968 4211 7
21 4010 4223 1
68 4161 4294 1
3 4173 4296 5
47 4100 4347 6
58 4333 4408 7
67 4371 4470 5
85 4442 4559 1
56 4353 4608 8
76 4511 4683 9
54 4673 4744 10
79 4733 4824 8
1 4796 4823 4
23 4759 4845 6
49 4644 4892 3
44 4815 4941 5
89 4821 5023 7
46 4956 5074 3
24 4870 5098 9
47 5022 5143 9
88 5013 5234 5
7 5029 5239 1
68 5074 5304 3
17 5286 5324 2
34 5245 5360 8
3 5177 5356 3
76 5240 5439 10
11 5394 5446 4
98 5287 5550 8
80 5377 5624 1
37 5435 5661 1
78 5540 5743 3
4 5610 5740 4
66 5654 5811 8
3 5652 5817 10
15 5705 5828 7
18 5672 5842 2
93 5814 5935 5
51 5873 5994 1
7 5910 5994 1
51 5969 6050 2
38 6032 6087 2
73 6080 6159 3
95 6151 6255 4
66 6200 6316 6
72 6270 6388 1
50 6366 6446 8
38 6330 6476 5
42 6430 6526 8
96 6322 6620 3
81 6516 6704 8
71 6689 6771 2
73 6680 6848 5
39 6735 6883 2
88 6694 6972 5
92 6860 7058 4
67 6966 7134 2
11 7125 7138 3
87 7034 7227 4
32 7065 7260 2
48 7173 7307 8
56 7125 7360 8
1 7321 7366 4
55 7310 7423 3
72 7277 7492 5
84 7415 7580 6
31 7527 7611 1
8 7406 7612 7
3 7430 7617 1
47 7537 7665 3
49 7550 7709 4
100 7681 7812 10
38 7763 7852 7
21 7691 7870 9
76 7868 7948 9
8 7930 7958 10
49 7946 8006 10
40 7889 8046 7
100 7897 8144 7
74 8043 8216 4
68 8049 8286 9
9 8199 8293 3
6 8198 8306 3
23 8240 8322 8
77 8271 8404 10
11 8340 8416 5
24 8363 8439 2
87 8415 8522 6
59 8506 8579 2
10 8449 8597 4
10 8447 8606 1
47 8521 8652 6
41 8538 8692 10
1 8653 8692 10
8 8584 8703 4
77 8526 8780 1
46 8613 8819 2
99 8757 8921 3
23 8916 8948 1
66 8767 9007 7
78 8903 9091 4
78 8921 9171 10
48 9135 9215 5
58 9031 9274 6
86 9203 9356 2
69 9195 9427 7
31 9414 9455 7
11 9365 9469 3
69 9424 9544 7
15 9453 9552 6
31 9494 9586 5
98 9389 9679 1
42 9635 9729 7
95 9659 9823 6
31 9810 9849 10
98 9751 9950 3
24 9945 9975 3
87 9799 10064 6
27 10014 10090 9
100 9971 10190 7
71 10155 10255 1
22 10094 10280 6
19 10200 10297 6
18 10217 10313 7
12 10145 10333 7
71 10139 10403 6
5 10220 10407 9
30 10213 10433 9
80 10307 10514 5
43 10497 10559 5
12 10476 10574 10
29 10450 10599 2
11 10481 10611 7
88 10528 10696 2
84 10664 10787 10
84 10604 10863 10
67 10820 10936 1
77 10845 11013 2
51 10946 11058 6
41 11019 11099 4
26 11064 11128 4
95 11054 11227 9
15 11149 11241 10
6 11074 11245 3
74 11186 11314 4
73 11176 11389 2
1 11367 11393 8
34 11342 11422 3
13 11388 11443 7
62 11387 11501 4
70 11465 11569 8
67 11395 11635 6
82 11486 11717 5
98 11586 11816 8
24 11728 11846 4
1 11732 11848 3
94 11753 11936 4
79 11907 12019 10
68 11974 12082 4
98 11942 12182 1
82 12044 12265 10
22 12198 12285 6
31 12190 12317 2
60 12161 12375 8
75 12251 12457 5
39 12326 12494 9
60 12371 12548 3
49 12477 12596 1
100 12570 12701 6
59 12544 12755 6
32 12635 12787 5
85 12633 12873 5
5 12718 12886 7
67 12791 12952 9
93 12880 13040 9
80 13007 13121 7
42 13061 13162 7
69 13041 13234 1
18 13104 13252 4
94 13160 13349 6
23 13162 13369 8
34 13173 13398 5
100 13313 13505 6
75 13381 13574 4
9 13510 13588 9
5 13401 13591 1
39 13450 13634 3
31 13543 13656 7
32 13548 13689 10
32 13594 13727 1
6 13646 13726 8
52 13604 13783 10
92 13678 13878 10
36 13838 13914 5
52 13714 13958 8
85 13766 14043 2
97 13943 14149 7
96 13944 14242 1
78 14146 14315 8
74 14284 14397 10
15 14292 14411 8
60 14273 14471 9
44 14307 14510 7
88 14311 14597 4
29 14467 14624 9
54 14500 14685 4
75 14498 14758 8
81 14727 14837 2
57 14782 14894 1
35 14775 14929 10
40 14734 14971 9
58 14950 15031 2
43 14922 15068 4
95 14985 15167 6
67 15148 15232 9
20 15207 15252 3
41 15163 15297 7
100 15108 15395 3
38 15226 15437 9
33 15250 15464 5
86 15403 15552 6
