50
32 0 34 2
61 28 95 6
59 0 153 9
63 114 224 1
11 211 235 7
71 152 302 6
46 219 351 10
37 337 387 1
8 296 394 10
59 246 453 4
48 405 499 7
1 345 500 2
35 478 534 2
76 427 613 7
54 517 663 10
66 553 733 8
87 549 817 3
39 712 859 8
94 841 956 10
48 765 996 1
94 911 1091 8
43 951 1135 5
91 946 1227 7
15 1171 1244 5
52 1068 1295 9
100 1242 1399 5
58 1202 1448 2
96 1440 1549 8
26 1520 1572 10
7 1476 1586 4
76 1415 1657 5
27 1553 1682 3
1 1562 1688 10
30 1573 1712 3
14 1541 1733 5
86 1613 1811 8
1 1717 1819 2
72 1666 1886 6
37 1694 1921 6
64 1781 1985 6
31 1895 2017 7
64 2000 2089 8
65 2076 2146 8
24 2065 2177 3
38 2155 2213 1
32 2173 2243 5
82 2117 2328 7
80 2189 2403 4
48 2279 2451 10
6 2429 2462 6
