200
78 0 79 7
48 0 126 6
48 0 181 1
43 86 219 2
71 43 295 2
29 128 317 7
7 223 332 6
6 128 334 2
62 228 400 9
36 264 433 6
35 278 464 2
92 373 560 3
64 385 628 3
90 561 712 5
2 563 711 8
2 549 719 7
16 599 733 1
54 669 784 9
21 699 806 7
67 774 877 6
48 675 924 6
91 807 1010 2
77 892 1090 5
26 1067 1119 8
45 1033 1161 8
88 1104 1249 5
17 1084 1267 2
84 1219 1354 9
75 1329 1422 3
42 1262 1464 2
99 1346 1564 4
46 1541 1618 3
87 1567 1700 8
68 1640 1771 8
81 1708 1852 7
65 1693 1917 7
2 1848 1915 5
44 1838 1962 10
80 1954 2045 6
11 2036 2053 6
4 1945 2051 7
63 2023 2114 10
13 2048 2133 8
98 2101 2228 1
49 2183 2279 10
47 2220 2327 10
97 2235 2423 9
98 2366 2517 4
9 2462 2528 1
8 2339 2540 9
68 2367 2603 7
11 2449 2620 6
57 2456 2674 3
37 2621 2712 4
62 2622 2773 3
47 2662 2824 6
29 2673 2845 6
28 2780 2874 6
87 2860 2963 2
14 2805 2979 1
36 2835 3011 2
63 2967 3078 6
68 3068 3144 10
26 3018 3175 1
59 3088 3232 3
70 3223 3298 10
64 3201 3362 8
98 3343 3466 1
20 3435 3478 4
98 3365 3581 1
25 3441 3605 9
80 3450 3686 7
73 3510 3760 3
82 3585 3840 6
31 3775 3873 8
11 3710 3879 3
82 3747 3961 7
94 3955 4062 1
81 3999 4138 4
90 4048 4224 1
69 4062 4300 1
14 4269 4312 6
87 4117 4397 8
71 4314 4466 3
82 4347 4554 7
64 4445 4620 7
60 4579 4674 6
61 4573 4737 7
84 4578 4820 5
26 4674 4848 8
6 4712 4852 2
15 4680 4870 4
57 4771 4924 4
81 4802 5001 2
24 4933 5032 7
63 4919 5093 1
81 5068 5169 6
67 5063 5242 2
70 5132 5315 4
3 5174 5311 4
68 5127 5380 2
48 5239 5430 1
46 5247 5474 10
87 5337 5564 1
64 5436 5624 6
23 5442 5654 2
42 5605 5690 1
11 5673 5704 6
99 5588 5805 8
27 5661 5824 6
92 5634 5920 6
51 5744 5970 4
99 5879 6074 7
4 6058 6075 6
66 5930 6140 2
25 6126 6164 2
91 6079 6254 8
57 6138 6309 9
67 6247 6380 4
29 6354 6405 6
93 6277 6507 7
37 6360 6544 1
8 6531 6544 9
15 6397 6566 8
91 6556 6652 3
92 6631 6749 7
18 6697 6768 7
59 6705 6823 10
16 6722 6843 10
72 6784 6906 4
36 6740 6943 5
77 6778 7028 9
10 6975 7035 6
9 6865 7040 10
24 7016 7067 8
82 6990 7152 10
46 7044 7197 6
52 7118 7248 2
63 7090 7310 5
37 7289 7345 4
22 7208 7368 1
2 7300 7375 9
79 7262 7450 9
25 7349 7474 9
99 7374 7571 9
57 7569 7634 1
56 7566 7683 3
61 7516 7743 3
64 7583 7811 5
85 7651 7898 7
75 7872 7975 7
78 7789 8048 10
50 7981 8101 6
78 8003 8175 3
3 8093 8180 2
34 8020 8218 9
19 8050 8229 7
15 8171 8252 3
76 8210 8322 3
27 8312 8351 9
57 8343 8404 1
2 8212 8414 9
8 8288 8415 9
14 8226 8429 6
23 8358 8459 2
20 8393 8473 9
14 8387 8492 4
52 8409 8545 1
94 8361 8638 4
47 8605 8680 9
28 8650 8711 5
26 8564 8732 7
30 8728 8765 5
30 8584 8799 7
29 8654 8826 7
96 8737 8925 3
75 8897 8998 10
5 8844 9001 5
45 8987 9046 10
33 8882 9079 3
70 9017 9147 5
95 9065 9249 3
90 9170 9331 10
28 9304 9364 7
8 9222 9370 6
77 9208 9449 5
82 9389 9534 6
41 9371 9567 1
18 9456 9591 4
42 9558 9632 9
74 9504 9702 4
80 9532 9784 3
49 9586 9838 3
95 9803 9927 3
75 9892 10003 7
49 9835 10052 8
91 9862 10142 8
23 10035 10168 8
62 10064 10228 6
23 10194 10256 2
