350
7 273 283 10
4 310 315 1
9 5 24 2
6 49 63 3
1 213 219 4
1 168 175 8
3 195 203 9
3 63 73 9
10 231 245 8
6 266 281 6
7 342 356 7
2 62 66 8
8 346 360 1
5 322 335 6
1 112 123 1
8 174 192 9
10 17 34 6
1 250 261 6
2 210 220 4
2 230 241 7
10 332 349 8
9 179 194 1
5 149 161 7
1 250 256 10
1 116 118 6
1 12 19 2
3 226 232 3
8 97 110 7
2 146 157 2
8 3 18 7
8 175 192 6
10 230 245 10
6 260 276 1
5 325 338 7
9 217 233 5
3 180 192 2
6 287 294 9
2 245 252 1
5 105 118 8
5 211 226 9
2 48 60 6
3 273 278 9
8 135 148 10
7 103 120 2
2 110 119 1
5 68 78 3
10 324 341 6
4 213 226 1
3 257 269 5
7 275 291 3
8 149 158 2
3 116 127 6
1 194 198 2
4 135 143 1
7 345 354 4
5 278 288 6
7 170 186 2
8 195 211 9
3 27 33 5
9 92 105 5
5 279 294 4
8 257 275 7
1 284 289 8
6 27 37 1
10 162 178 9
9 220 234 5
9 107 124 5
1 276 278 5
4 322 327 1
6 214 227 7
7 35 44 3
7 150 162 8
8 164 174 4
10 77 92 3
8 234 249 10
8 140 149 5
7 12 20 3
6 330 340 3
4 61 67 10
8 346 363 1
8 149 160 4
3 165 175 7
10 345 364 10
2 311 323 5
3 172 181 6
10 33 49 3
1 290 301 7
1 290 293 1
5 129 143 6
2 27 36 2
8 16 30 4
6 123 134 1
8 3 21 1
8 28 42 1
1 299 309 5
2 243 253 8
1 23 29 6
1 97 105 2
9 265 280 4
6 21 36 3
8 144 155 8
10 42 62 4
7 143 153 10
4 46 52 8
8 10 20 9
8 346 363 6
1 51 53 7
2 205 210 1
5 312 323 2
8 160 170 6
6 1 11 4
6 127 134 9
9 89 107 7
1 20 23 3
10 340 351 6
7 280 295 7
3 309 315 6
10 275 289 5
5 226 233 3
4 319 329 2
2 255 265 6
2 177 187 7
9 169 188 9
7 177 194 6
10 280 300 8
1 335 342 9
4 28 42 9
2 166 171 9
3 237 241 4
7 140 152 6
6 103 119 4
4 103 110 2
10 147 158 4
10 264 282 10
7 274 284 6
9 237 248 4
1 242 248 9
8 216 230 6
7 263 277 2
3 201 214 2
9 270 282 5
1 93 100 10
2 36 41 8
3 288 292 2
10 119 138 9
2 244 253 3
9 26 44 4
2 277 283 9
7 212 227 10
4 44 58 5
10 131 147 7
8 134 144 9
4 155 165 1
10 43 62 3
6 29 45 4
3 288 300 5
2 104 112 3
4 94 104 8
1 233 238 8
5 180 192 7
6 194 210 1
2 319 326 6
8 79 93 7
1 120 127 8
7 290 304 9
3 64 68 4
9 319 337 5
2 190 194 8
5 73 85 8
10 136 155 3
4 62 73 7
2 31 37 6
1 278 287 10
7 97 106 7
5 276 283 7
5 33 43 4
3 67 79 9
3 19 24 4
4 299 313 6
5 202 214 9
6 13 21 4
3 226 235 2
10 115 129 1
3 253 258 8
10 225 245 2
5 162 172 3
5 57 70 10
1 8 17 10
10 133 147 3
1 193 197 7
4 239 251 8
8 319 334 1
8 24 36 3
6 250 259 4
3 305 315 1
1 193 202 10
8 133 149 5
3 195 201 6
5 172 180 9
5 155 170 7
7 161 171 7
8 162 178 7
2 258 266 3
1 295 303 3
10 163 181 10
4 140 153 3
6 131 144 10
8 312 321 5
10 107 120 1
10 231 247 4
7 1 14 10
8 309 322 6
6 151 162 5
8 89 101 9
7 289 298 4
3 95 103 3
10 158 172 9
1 284 291 1
6 11 26 7
7 71 81 7
3 278 287 2
2 30 35 4
8 25 39 6
3 267 273 3
7 253 261 6
9 253 267 7
3 189 196 2
2 222 228 4
1 335 343 10
8 274 286 7
3 28 35 8
6 253 266 3
7 333 345 8
8 43 61 4
5 260 272 2
5 328 342 9
10 320 333 6
6 190 199 9
1 61 71 9
6 111 127 3
9 67 83 5
2 16 19 5
1 74 80 10
9 149 163 2
9 187 203 8
9 301 314 2
5 325 332 7
2 44 53 6
1 348 352 7
6 114 126 1
5 2 16 6
10 28 42 2
8 281 296 8
5 10 17 1
7 181 191 8
7 12 23 10
3 139 145 8
1 162 172 2
9 325 335 8
8 242 254 7
2 108 120 10
9 271 290 1
3 128 141 4
2 82 94 10
2 149 159 8
3 229 240 4
7 180 195 5
2 33 39 8
5 223 229 10
3 215 221 1
1 176 183 4
8 30 47 3
10 207 218 5
8 43 60 4
9 146 162 6
3 237 241 4
1 81 88 9
7 349 358 8
8 288 300 4
8 1 17 3
1 184 186 3
10 100 113 5
2 141 153 3
2 133 140 3
5 271 278 6
4 16 21 4
5 119 127 1
7 70 83 9
4 76 86 5
5 79 87 1
7 340 348 1
7 155 163 7
3 110 123 3
10 152 172 10
8 234 245 10
4 330 341 4
10 268 286 3
6 73 83 7
2 127 138 2
6 142 152 2
9 267 282 9
5 269 275 2
9 236 253 9
6 322 334 5
7 137 149 7
10 60 74 1
5 327 333 2
9 345 358 10
10 93 107 6
4 199 211 10
6 334 346 3
5 220 233 7
9 280 292 3
7 79 92 9
8 186 196 3
8 69 81 8
2 206 213 6
9 232 245 6
3 165 169 9
7 343 359 4
6 108 116 1
9 188 199 1
10 343 358 3
1 345 353 4
9 167 178 5
8 237 253 4
3 237 241 4
4 332 346 5
10 252 272 1
5 245 253 3
10 211 231 8
6 208 215 7
2 279 283 4
2 234 246 6
1 133 140 3
9 322 340 4
2 249 260 9
1 254 257 1
2 159 168 6
7 155 170 7
4 183 195 5
9 302 315 4
7 309 322 10
1 34 38 3
5 329 337 4
5 151 165 7
4 248 253 2
8 88 105 1
5 130 139 1
10 146 164 10
