100
3 17 22 8
6 71 83 8
7 82 90 3
1 66 69 10
8 24 36 10
7 94 108 2
2 89 97 8
9 44 60 1
8 12 28 1
10 12 26 10
1 43 52 5
4 27 40 7
10 25 37 4
7 94 103 10
9 45 57 4
10 2 21 1
6 32 44 3
6 66 75 2
2 75 87 7
4 28 42 9
4 71 81 2
2 89 92 4
6 71 87 4
4 96 107 8
3 21 34 9
6 39 54 6
8 37 53 3
4 65 70 8
7 93 101 5
9 25 40 10
10 27 42 10
9 17 27 7
7 62 70 3
1 60 64 6
1 58 66 9
4 62 72 4
4 27 38 7
1 78 85 5
7 50 64 8
1 51 55 2
4 12 22 1
4 15 28 6
9 77 96 7
6 29 36 2
4 18 31 3
7 49 60 6
7 79 93 6
4 39 46 8
6 35 44 9
7 16 29 2
4 7 16 8
1 41 43 4
1 18 29 7
3 90 97 6
9 99 117 2
3 15 19 3
5 38 50 3
10 63 74 4
6 35 45 10
5 56 70 8
1 86 95 2
1 84 92 10
9 2 15 5
2 35 41 10
7 97 111 4
7 46 63 10
6 86 102 5
7 94 109 10
6 55 65 4
3 32 39 8
3 47 57 9
9 46 64 3
7 37 47 2
2 84 92 4
3 63 68 4
1 96 99 10
10 64 84 8
5 29 43 8
7 75 86 3
7 85 96 2
6 82 93 9
5 47 59 5
5 39 50 1
9 98 108 8
2 30 39 4
1 60 70 3
8 65 75 5
1 16 21 5
1 99 108 7
2 68 76 9
6 98 113 1
6 55 69 8
10 5 17 10
1 68 75 5
1 34 44 2
9 22 35 1
8 33 44 8
5 66 77 4
3 95 100 3
6 48 60 10
