150
4 52 61 8
7 86 102 8
8 128 142 8
7 147 164 4
1 81 85 10
10 35 46 4
8 95 106 6
3 67 74 4
10 26 39 8
1 19 27 6
1 28 35 6
2 75 84 5
3 132 142 7
9 13 28 1
5 33 45 7
10 139 159 3
9 16 30 10
6 148 160 9
4 42 55 6
2 63 72 5
7 36 44 7
1 8 17 3
3 122 128 10
5 116 129 9
1 93 101 4
1 131 133 6
10 119 131 9
3 44 54 4
2 78 87 6
5 136 146 4
10 96 115 8
8 11 27 10
4 130 142 3
1 9 11 2
1 133 135 1
4 55 67 6
8 102 120 1
1 106 111 9
6 49 61 5
8 56 74 8
9 92 102 1
8 71 83 7
5 61 75 7
1 127 130 5
5 97 103 2
1 64 71 8
8 130 140 7
10 60 72 5
7 86 97 2
8 142 152 10
1 40 46 5
4 28 34 9
5 5 16 1
6 33 42 5
10 13 31 6
2 40 48 8
8 25 34 6
10 23 39 7
8 50 61 1
2 20 31 4
6 7 23 8
8 25 38 2
5 147 157 6
6 81 97 10
4 129 140 9
2 6 9 4
8 24 36 9
3 122 128 10
2 130 142 3
5 96 108 3
9 19 35 1
4 134 140 5
6 93 106 1
6 138 152 3
7 136 148 7
6 108 123 2
3 54 59 6
3 135 144 8
8 108 121 5
8 150 165 6
6 18 26 6
7 141 150 6
2 105 113 2
3 93 97 8
9 134 144 1
1 79 81 1
9 67 85 8
6 42 56 7
6 79 91 6
10 80 93 3
7 135 152 7
10 86 98 4
8 134 152 1
4 120 129 4
4 91 101 10
10 146 162 10
5 11 21 8
1 75 79 1
8 109 119 10
10 82 101 6
7 5 17 10
4 140 146 7
2 14 21 8
3 35 39 9
1 87 95 6
2 69 74 8
7 30 39 8
3 120 127 2
1 127 134 1
3 78 83 5
9 59 73 8
6 144 157 10
4 86 93 9
5 131 140 7
1 43 50 1
1 62 71 8
3 83 94 6
5 64 77 10
3 144 157 4
6 62 77 1
7 65 79 6
2 71 77 9
3 85 91 1
3 43 51 10
5 66 79 10
7 37 53 10
9 6 17 4
1 104 115 8
4 51 64 9
10 136 154 10
9 99 116 8
2 105 115 5
3 139 143 2
6 8 19 1
7 111 121 6
5 93 107 6
10 50 63 10
2 84 95 4
1 134 145 10
8 33 47 7
10 61 79 10
4 110 117 3
5 60 74 2
9 6 19 1
9 35 52 6
4 30 41 9
9 150 169 1
7 35 44 3
9 130 144 3
1 56 67 4
