450
17 18 41 8
3 12 16 6
18 23 42 7
5 22 38 3
14 2 18 1
8 5 22 9
13 17 35 10
7 16 32 6
4 6 26 4
13 4 23 8
27 13 55 1
3 30 49 10
28 20 50 6
13 7 26 6
16 3 29 6
22 17 50 3
27 2 37 9
18 11 30 9
28 4 39 1
26 16 55 9
5 8 15 7
30 16 58 9
3 14 33 8
2 5 20 4
13 30 56 3
24 7 39 10
30 28 72 9
16 16 33 9
11 10 27 3
21 14 53 5
1 11 15 4
5 16 24 1
22 30 59 5
2 25 45 10
22 6 31 9
6 19 32 3
5 22 44 9
28 15 52 10
23 29 54 2
9 27 38 7
22 7 42 8
19 28 67 9
8 22 39 6
23 7 50 9
2 13 29 8
28 6 46 3
4 1 8 9
17 26 61 9
29 22 54 5
2 2 5 8
23 25 59 6
4 18 32 8
26 12 51 5
8 13 32 8
6 14 40 3
28 1 48 3
25 22 51 3
22 3 45 10
28 25 58 3
15 14 31 7
30 21 55 4
18 23 53 4
3 16 29 7
28 1 31 3
15 11 37 9
3 6 16 1
7 9 28 6
29 30 71 5
9 21 46 2
10 14 28 2
10 18 32 8
20 24 52 10
2 28 37 8
20 13 45 2
30 4 48 5
4 10 23 6
1 14 32 10
15 11 46 3
21 22 62 4
28 9 51 6
27 6 44 9
10 24 48 4
29 5 36 6
18 7 30 4
30 4 45 10
11 14 40 2
14 26 42 6
8 3 25 10
4 4 15 3
9 17 38 5
7 19 36 9
24 1 37 7
14 14 48 9
13 1 25 1
28 24 60 6
8 2 11 3
24 20 45 1
20 1 26 5
27 26 72 2
12 10 30 4
14 29 63 2
18 20 46 5
23 16 42 1
4 23 41 7
26 17 50 1
24 27 70 2
2 13 25 6
12 6 34 10
22 23 59 5
3 30 45 6
15 12 30 5
9 16 27 1
11 25 37 6
1 26 30 1
15 9 39 7
18 12 36 8
29 17 49 10
15 10 41 6
16 29 63 5
20 22 55 9
8 20 35 7
17 25 46 4
4 26 34 5
17 30 67 10
25 24 59 4
20 16 38 7
12 24 41 2
16 18 40 3
2 30 33 10
7 7 34 1
18 25 48 6
14 14 32 7
16 1 31 10
28 19 56 3
17 10 40 4
5 23 30 9
19 4 31 8
22 14 49 7
22 30 65 5
1 19 36 9
14 3 36 3
15 1 31 1
5 2 23 2
23 4 41 7
22 21 54 9
1 29 43 5
9 30 52 4
24 9 36 9
11 12 35 10
15 2 27 9
7 17 37 10
4 25 44 10
5 24 45 1
9 17 34 4
12 21 39 9
2 19 24 10
4 23 46 2
12 15 41 6
16 10 42 9
4 6 16 10
22 16 54 9
18 9 42 3
13 2 34 1
25 5 36 4
5 5 14 1
24 28 65 3
4 12 32 6
29 12 46 4
30 16 65 5
10 7 18 9
24 14 47 4
5 19 31 8
2 14 31 9
15 25 59 5
7 26 38 5
27 29 71 8
3 14 30 8
5 13 21 10
8 6 21 10
2 29 42 1
10 2 13 1
2 1 7 5
5 3 27 8
30 11 55 6
18 13 35 8
18 2 30 10
4 21 26 8
28 20 50 3
15 16 46 4
19 5 36 1
15 23 51 3
10 5 30 10
15 8 24 1
13 6 38 3
21 22 57 5
17 15 44 6
23 25 57 4
20 27 54 9
11 27 49 7
11 21 37 8
28 22 57 2
6 11 28 2
16 25 58 4
8 30 58 10
26 8 50 8
26 6 39 5
4 25 35 1
18 16 35 2
9 21 44 1
22 5 28 7
18 8 43 1
20 20 43 4
23 28 62 4
22 24 66 4
15 5 27 6
25 18 62 7
19 7 28 6
13 28 48 5
9 9 35 3
3 26 40 10
25 10 44 6
15 15 31 6
14 22 37 4
22 18 45 3
24 6 41 3
30 13 62 2
8 3 29 7
20 2 32 7
17 25 61 2
1 1 9 9
22 16 52 7
15 12 28 6
3 12 18 7
5 24 37 9
13 3 17 8
18 3 41 2
23 10 37 9
28 24 54 6
15 26 52 5
12 30 46 5
14 29 44 5
23 17 52 10
30 5 42 4
19 13 49 10
13 5 28 2
30 5 40 9
6 27 36 6
18 4 33 1
11 17 31 9
23 12 41 5
22 18 42 4
20 5 43 3
6 21 29 2
15 3 20 9
5 10 35 7
29 5 37 6
20 24 51 6
21 15 41 7
2 10 16 10
5 26 34 10
22 27 69 8
30 18 65 8
15 26 60 6
28 20 66 5
3 11 27 10
9 21 31 8
3 18 30 4
14 21 44 8
9 29 52 8
23 28 64 2
20 13 52 2
5 10 24 8
5 14 29 4
20 14 48 2
10 26 52 7
8 22 48 7
12 9 30 7
13 9 31 2
19 19 50 4
19 3 23 4
5 16 23 6
27 23 69 6
8 2 20 9
21 5 30 6
9 22 34 3
13 5 26 2
30 5 55 6
13 3 25 5
8 23 38 6
21 25 61 8
12 10 42 8
17 7 30 5
25 30 68 10
3 8 27 7
12 3 30 4
7 1 22 1
16 2 31 9
6 2 25 10
25 24 58 5
17 16 39 7
21 17 44 2
13 14 47 1
4 3 14 4
11 2 28 3
7 18 35 7
18 25 44 8
11 13 40 3
3 13 33 9
4 17 27 10
2 1 9 4
3 24 35 1
18 17 45 5
27 20 66 2
3 6 16 2
14 29 55 10
13 8 37 1
23 28 67 1
4 10 16 4
8 2 11 3
21 23 52 6
10 17 36 3
15 2 21 5
15 21 56 10
16 4 22 4
14 14 43 2
5 6 14 2
9 8 32 3
23 10 35 1
25 21 62 5
16 17 35 8
19 22 54 5
14 26 46 6
22 26 61 10
20 17 38 10
16 24 60 7
17 30 63 8
29 16 54 2
30 7 49 4
8 14 40 7
3 12 17 6
12 9 36 5
26 14 53 3
11 27 54 5
21 19 42 7
21 11 48 4
19 12 33 8
17 24 47 7
13 13 34 9
20 20 60 1
24 19 58 10
21 11 34 6
4 1 6 4
16 8 41 1
13 6 28 6
30 29 63 2
12 12 42 9
17 19 42 3
25 10 49 2
24 8 45 6
11 27 39 7
20 7 34 4
23 30 61 8
6 23 34 5
23 5 38 9
5 1 19 10
21 11 41 6
18 16 49 7
14 21 46 2
30 28 63 9
22 17 55 8
25 4 39 3
9 13 27 8
15 12 39 8
15 7 32 10
18 21 57 3
2 10 16 4
25 15 50 9
11 3 17 8
2 7 29 6
13 21 51 4
16 22 44 9
19 5 37 4
12 12 38 1
24 27 65 1
28 8 48 10
24 21 63 1
12 6 22 1
10 10 37 6
16 15 40 9
19 25 52 10
8 30 58 6
30 6 42 7
8 25 49 7
29 7 54 10
3 17 21 5
24 28 65 4
22 14 55 7
25 23 57 1
20 23 44 9
22 21 45 5
14 8 38 2
18 4 27 9
30 26 68 4
19 18 39 5
14 1 33 8
9 6 33 3
13 1 25 9
12 5 37 4
27 17 60 10
17 27 60 10
20 12 48 2
20 3 33 3
30 18 66 3
23 11 52 10
1 16 32 6
13 26 58 7
15 21 55 10
9 21 38 9
11 11 35 7
22 16 46 4
4 14 28 9
16 27 45 1
11 8 29 1
7 13 23 5
16 15 41 4
14 2 28 5
25 18 44 5
16 2 23 9
6 12 27 10
29 12 55 5
21 4 30 10
11 19 36 8
16 20 48 7
23 9 33 9
8 9 36 6
21 19 41 7
27 25 70 3
16 14 48 2
24 9 50 3
21 2 40 1
3 21 42 3
15 19 54 4
27 22 57 10
11 28 40 3
1 25 41 10
4 8 32 9
15 13 42 8
7 5 13 6
11 19 49 3
24 9 50 6
