400
22 28 57 2
22 22 50 10
9 25 52 2
8 29 53 7
12 18 32 1
15 6 39 10
4 20 31 8
24 4 35 1
8 3 14 6
27 14 44 3
25 3 30 8
30 29 77 5
2 22 44 3
9 10 27 4
12 16 41 4
23 14 43 10
5 19 37 6
30 25 75 5
16 13 38 4
18 29 52 4
13 26 49 4
13 18 40 1
20 16 49 4
28 16 55 7
11 28 52 6
22 24 59 7
27 16 63 8
24 19 49 4
2 23 32 5
5 8 14 8
1 1 5 5
26 28 63 8
5 5 21 8
25 27 54 2
13 15 37 7
17 24 52 9
11 27 57 10
19 23 62 4
10 1 24 10
18 28 60 8
5 17 23 6
5 29 50 9
28 10 54 7
10 12 26 4
29 18 60 3
3 10 21 10
17 29 48 1
10 24 44 7
12 18 42 2
19 6 37 9
5 25 32 2
10 13 35 6
28 14 48 7
6 13 38 5
16 21 42 1
1 24 39 4
3 16 27 2
4 12 22 1
3 19 36 9
22 4 43 7
18 20 51 6
16 29 60 5
30 13 63 10
20 1 33 9
6 28 50 3
23 22 56 8
8 24 35 8
16 25 60 3
6 6 32 6
6 30 38 7
20 4 43 10
20 4 44 7
3 4 20 4
10 26 48 1
18 18 53 8
28 1 31 5
6 28 47 1
7 10 21 5
15 22 45 2
27 28 61 1
28 25 56 5
6 2 25 8
9 30 57 1
10 13 31 9
13 30 53 6
3 4 23 10
13 12 27 8
21 23 55 9
12 27 53 10
1 1 15 1
17 14 34 7
9 7 30 3
23 17 52 5
7 1 10 8
3 18 31 1
27 7 35 2
7 4 15 6
5 1 8 9
2 25 33 4
4 30 46 8
11 26 46 3
9 17 43 6
9 29 50 10
29 9 58 9
7 20 38 10
23 14 48 2
5 25 36 3
2 27 36 3
16 12 42 6
30 23 63 10
11 22 38 4
1 21 36 2
17 30 67 5
30 12 50 6
8 1 29 10
11 27 46 7
22 24 52 6
16 25 43 9
29 4 38 3
27 14 52 7
11 23 52 9
18 4 30 2
12 13 26 9
28 22 52 8
18 26 64 7
17 1 30 5
23 26 66 9
5 22 31 2
5 15 31 10
1 24 37 7
16 15 38 5
20 28 61 3
16 9 41 7
15 26 46 3
15 20 52 1
7 21 41 5
9 16 27 7
15 12 47 8
9 24 51 6
26 26 57 9
2 19 26 9
21 10 36 3
6 5 12 6
15 5 29 6
2 13 21 4
19 9 29 5
26 26 53 3
17 6 35 2
27 13 60 3
20 12 45 10
18 22 51 3
3 21 41 9
3 13 35 5
13 6 32 2
10 25 45 7
25 15 57 5
19 16 47 5
27 25 71 3
17 17 36 3
1 3 24 6
7 5 28 7
22 30 66 3
7 28 50 5
8 13 28 7
22 17 52 9
1 9 26 3
27 8 45 5
30 26 60 6
19 12 49 7
22 7 48 9
13 27 46 8
1 4 9 1
10 23 50 5
18 20 40 10
13 11 40 3
17 5 27 3
12 17 37 4
17 21 42 9
9 9 33 7
9 13 23 8
18 2 36 10
14 17 41 10
18 8 32 1
4 22 32 7
19 23 54 3
17 6 39 6
13 25 45 5
16 14 47 10
3 1 18 1
28 17 59 9
4 30 47 9
28 12 52 8
28 28 68 7
29 17 65 1
22 16 49 6
18 17 39 5
5 29 44 5
28 8 40 10
2 27 38 3
14 25 48 6
25 2 43 1
18 10 36 6
21 26 60 10
11 10 40 9
12 7 32 10
3 9 14 9
1 19 26 3
19 6 28 1
28 2 41 10
8 29 48 7
8 28 43 6
7 28 37 1
15 12 42 8
30 1 46 8
22 2 40 6
19 19 48 6
8 6 15 8
1 6 26 10
2 26 31 6
30 17 49 6
25 18 60 4
7 28 41 8
13 12 37 1
3 15 28 9
25 20 48 6
17 1 22 5
25 9 53 3
3 16 24 1
7 23 41 2
4 3 8 1
21 5 33 4
12 2 18 1
6 29 51 6
26 22 57 8
28 1 33 2
4 5 12 5
13 23 44 10
20 24 53 2
10 14 39 5
29 3 33 1
5 20 28 3
24 29 59 1
22 6 41 8
11 3 20 8
13 5 26 10
29 3 40 4
20 10 49 6
11 28 48 5
16 16 37 8
17 19 37 6
12 21 35 6
5 26 33 3
27 8 53 8
14 6 21 2
17 25 59 1
18 1 21 2
18 30 50 7
20 23 56 2
14 16 33 10
16 2 26 6
23 17 56 10
10 6 20 7
23 10 51 3
16 7 35 1
16 29 62 5
27 1 33 6
1 8 22 1
8 28 53 6
18 26 53 10
1 18 20 3
8 14 33 4
21 12 40 6
3 13 32 3
21 19 60 3
7 22 37 4
9 17 42 5
10 26 47 5
21 8 43 7
21 12 43 5
5 1 24 2
30 20 69 4
6 29 50 7
30 13 57 7
4 20 34 1
5 9 33 8
9 7 31 3
25 28 56 3
24 23 57 9
29 18 57 1
23 27 69 7
1 19 23 5
18 14 39 5
8 26 49 9
30 30 72 7
22 27 61 10
20 24 58 5
9 8 33 5
11 22 42 9
16 4 40 7
28 4 49 2
18 19 48 5
4 13 35 6
23 30 72 5
16 2 27 3
28 26 67 7
2 12 25 3
24 15 46 2
14 8 41 1
15 17 33 10
24 13 42 7
23 9 38 1
23 22 55 8
19 24 61 1
14 28 51 4
29 20 53 1
24 22 66 10
8 14 37 8
27 1 36 8
5 6 26 7
21 16 52 6
25 9 45 2
26 9 53 4
12 27 58 2
29 14 47 6
25 20 65 1
9 1 11 9
18 16 37 8
28 11 45 1
24 2 34 2
10 25 43 7
21 16 45 4
9 28 52 5
5 5 21 7
7 24 44 5
12 7 33 9
17 4 28 2
5 18 28 2
7 17 28 4
16 22 58 2
23 12 40 3
14 12 37 10
29 10 57 8
16 16 37 5
30 17 65 6
2 2 12 9
24 1 38 8
13 22 42 3
9 7 19 10
5 29 53 2
13 25 40 2
23 18 55 5
14 5 33 5
26 11 46 4
11 22 35 2
9 14 43 3
9 3 14 1
11 22 39 3
11 18 49 7
8 19 29 10
13 17 50 3
18 1 23 2
20 11 42 3
7 9 29 4
24 22 65 6
15 10 31 4
17 28 46 5
20 2 36 3
2 1 8 4
23 21 46 1
16 14 46 7
9 6 23 5
5 16 36 4
24 10 51 8
22 16 48 7
19 28 58 2
10 14 31 7
24 17 46 7
3 20 43 2
24 6 50 2
20 29 59 9
2 21 33 7
30 21 64 2
8 12 39 10
27 22 61 10
18 22 41 1
23 11 44 9
16 26 44 1
12 14 36 4
17 3 32 2
27 26 72 7
13 24 38 1
11 23 44 8
1 26 31 2
9 9 23 4
28 26 73 5
21 2 26 6
30 12 60 6
25 28 60 7
8 2 16 2
6 24 44 3
