250
20 13 50 1
8 3 20 9
5 20 32 6
6 7 25 8
15 21 56 3
8 8 33 8
12 6 32 4
10 21 32 2
19 12 43 6
30 9 57 3
10 1 27 7
12 24 51 9
14 9 33 5
3 7 26 3
30 23 70 3
2 7 10 10
9 9 33 10
26 25 68 9
15 30 63 2
13 19 41 7
8 27 50 4
30 14 46 1
19 13 35 5
17 24 47 6
8 20 32 5
16 11 43 6
27 17 57 8
17 19 50 7
17 26 52 5
23 19 46 3
15 3 31 6
7 28 51 7
22 23 60 3
13 29 55 2
20 2 41 4
3 17 27 1
12 15 32 8
24 4 37 6
2 13 26 3
15 22 54 1
12 16 43 8
8 28 47 2
14 5 24 1
10 13 34 4
8 21 36 9
28 22 51 7
3 21 42 5
16 22 57 4
26 25 61 5
8 12 25 2
4 5 10 1
24 14 40 1
20 26 64 10
18 30 66 2
15 3 38 1
16 16 46 5
17 14 33 2
28 15 59 4
23 7 31 2
22 24 58 8
12 28 52 9
26 23 52 2
15 1 34 9
8 24 51 7
12 11 36 10
3 28 43 6
6 7 20 6
6 20 34 5
24 27 57 2
11 22 47 8
24 7 43 9
1 25 30 3
24 28 56 3
9 5 25 8
17 11 36 2
4 3 27 5
17 18 48 3
20 25 51 2
1 27 36 4
30 12 58 1
4 24 30 9
13 20 53 7
12 14 33 5
4 21 43 3
5 22 28 8
10 21 48 9
21 1 28 1
30 1 33 6
28 29 64 7
2 19 36 3
11 11 42 3
28 1 43 2
14 8 38 6
7 19 41 9
1 22 29 4
21 30 71 4
6 4 26 8
10 9 20 6
20 25 49 6
19 12 42 5
7 2 15 10
26 4 35 5
22 15 50 1
9 22 44 3
11 6 31 2
12 17 36 6
18 5 31 4
22 27 50 9
9 16 38 3
22 12 53 9
4 5 24 5
25 26 62 10
16 25 53 7
23 22 56 2
20 2 42 3
15 6 34 2
8 6 29 3
9 16 45 7
29 18 64 1
20 11 37 10
17 2 39 9
24 4 47 3
29 1 50 8
6 6 15 9
3 3 13 8
29 2 41 6
5 14 31 8
2 10 13 8
15 21 39 7
6 1 27 2
4 18 36 8
1 6 27 6
10 13 29 6
18 14 36 5
24 6 31 4
22 9 33 10
2 28 43 8
19 23 49 3
28 22 65 7
2 27 43 10
5 13 28 4
21 1 35 9
20 19 56 8
8 27 45 4
7 2 12 1
22 8 43 5
7 13 31 1
5 4 12 1
24 18 47 9
22 24 64 5
17 26 55 7
23 23 58 7
4 15 33 10
10 14 28 2
2 13 34 5
12 9 35 10
7 27 50 1
9 24 39 8
29 15 49 5
6 27 52 9
29 4 53 6
28 12 60 8
15 1 36 8
12 7 22 8
23 8 35 4
28 7 45 1
8 9 34 2
10 8 38 8
10 4 19 7
26 1 34 7
24 24 51 10
15 5 32 7
4 23 37 2
12 4 30 2
25 30 65 4
17 12 43 10
5 4 10 4
29 15 62 3
20 29 67 8
7 19 34 1
29 19 54 2
15 25 60 2
21 15 42 8
5 7 14 7
3 11 27 7
13 24 39 5
30 5 42 6
4 30 36 8
7 9 26 5
3 28 38 4
10 6 30 2
25 29 65 3
16 29 48 4
21 1 33 9
5 5 25 8
28 13 45 1
13 15 36 9
10 16 36 7
11 29 45 10
1 15 28 10
23 7 39 5
6 7 33 2
30 21 53 8
18 19 49 6
19 17 38 6
24 27 59 6
26 27 64 4
11 10 31 3
3 11 23 5
7 29 44 5
22 14 49 6
28 25 54 1
25 30 66 1
18 26 56 3
18 19 56 8
28 22 68 4
1 18 23 3
30 29 69 10
18 22 45 3
7 2 15 3
21 4 41 8
26 26 67 2
6 19 31 9
9 20 49 3
26 30 58 2
16 24 49 4
13 10 43 10
13 20 50 5
14 8 26 7
20 4 35 10
14 7 38 10
27 17 48 5
3 12 32 1
22 23 49 7
28 23 64 10
16 7 32 9
27 3 33 10
19 11 34 9
19 27 65 5
8 25 51 6
13 1 23 8
27 9 47 2
11 29 52 10
27 23 66 7
28 24 70 3
8 21 46 5
12 28 45 3
29 18 50 1
13 29 49 3
21 4 29 8
