350
23 15 40 2
2 12 15 8
12 7 35 6
2 19 23 5
1 11 15 5
30 6 50 10
3 23 32 10
8 30 42 1
19 10 36 6
24 27 68 7
10 11 34 4
3 9 16 10
7 1 16 2
4 28 47 2
12 27 52 5
24 7 36 2
28 4 33 1
18 24 45 3
20 7 45 8
4 29 53 5
24 13 45 5
2 21 29 9
7 11 19 4
28 10 55 10
28 28 68 8
1 24 34 9
23 6 35 1
14 21 36 3
4 18 40 2
8 1 10 2
7 29 51 2
16 16 43 3
23 18 57 9
14 15 40 6
12 10 40 7
16 16 35 2
15 9 29 5
11 24 48 8
3 23 30 8
8 13 39 7
4 2 19 3
22 18 57 8
7 22 33 1
5 19 31 7
29 27 62 1
9 17 35 2
25 7 43 4
21 4 45 7
9 28 49 7
19 3 33 2
25 11 38 5
28 2 49 7
25 5 31 10
30 19 53 8
21 26 50 1
17 22 48 7
13 20 41 7
23 3 38 6
26 5 36 7
27 3 44 1
9 22 34 9
15 22 45 7
27 19 55 3
28 10 41 1
27 30 61 4
17 6 42 2
20 3 37 1
24 4 29 4
29 24 73 9
22 28 69 10
6 4 11 8
18 12 32 5
26 16 48 1
2 2 24 6
17 23 43 10
4 19 37 2
17 27 58 1
26 20 62 5
15 5 39 7
3 29 49 3
2 23 40 5
22 18 57 6
13 15 29 2
28 3 49 4
28 14 61 9
19 14 42 4
3 23 31 1
13 10 39 9
2 26 41 6
12 18 40 3
14 5 25 6
9 30 58 5
23 21 47 8
18 7 45 9
5 13 20 8
4 10 34 7
22 20 56 3
12 21 52 8
25 2 47 6
28 4 50 6
20 13 42 5
27 18 60 5
1 30 49 4
11 29 56 10
13 25 52 9
27 7 38 6
9 4 29 1
28 27 63 7
4 30 41 1
15 21 38 10
15 11 39 7
23 4 45 4
12 4 17 6
21 19 45 6
28 23 63 5
8 9 21 7
9 17 38 3
15 25 47 2
27 19 60 7
10 15 35 7
19 24 50 4
7 17 35 10
3 8 14 8
27 11 43 3
11 19 34 2
28 15 45 2
16 4 37 8
10 27 41 1
4 26 40 3
2 21 31 1
5 14 37 10
15 11 35 8
9 14 42 7
5 14 23 3
27 7 39 3
27 21 53 7
2 20 29 5
26 3 32 4
6 28 37 10
30 21 63 5
8 21 44 6
9 18 42 5
15 6 33 9
17 20 43 10
19 21 56 2
3 18 28 8
17 11 33 9
25 29 71 10
6 15 29 8
19 7 31 3
10 18 44 7
24 8 45 2
18 15 49 4
16 29 51 2
4 30 51 6
22 23 47 1
12 12 33 6
1 14 32 6
12 23 53 6
7 24 36 6
30 15 62 9
26 4 36 2
8 23 34 3
25 18 45 9
6 8 28 6
17 30 67 4
11 21 52 1
15 16 38 4
3 20 38 2
26 9 43 3
28 20 61 5
15 30 56 7
22 14 38 6
4 5 11 2
17 12 32 8
28 17 57 1
14 6 38 3
15 30 60 8
15 24 42 7
1 13 26 3
30 13 48 3
6 10 36 6
9 5 29 1
27 29 76 6
9 5 31 10
12 3 19 8
28 7 39 2
18 23 43 1
12 22 45 4
19 15 47 3
25 5 32 5
13 11 28 6
16 20 48 8
23 14 43 6
22 29 68 9
7 1 18 3
5 21 30 10
19 16 53 1
21 7 34 5
1 25 28 5
7 21 44 2
2 13 18 8
1 25 32 5
9 2 25 2
30 14 49 2
14 17 33 10
25 16 47 6
30 1 41 4
29 23 53 10
10 4 32 7
22 15 57 1
1 26 43 5
26 8 46 8
9 18 42 3
14 19 34 5
19 24 45 6
11 8 24 8
20 4 33 3
20 15 53 1
2 5 27 2
17 14 37 9
1 2 8 1
21 7 34 4
12 29 53 2
3 24 35 5
27 14 55 8
18 4 31 9
9 3 27 10
10 20 31 5
8 2 26 1
27 20 49 4
18 3 23 5
17 12 47 9
1 4 17 8
19 4 38 1
25 20 50 6
20 29 65 8
14 14 41 9
26 9 55 9
1 7 19 3
9 19 37 7
1 27 38 2
13 5 32 10
30 21 58 10
22 6 34 9
10 24 36 4
7 4 29 6
1 3 13 5
29 27 63 6
30 14 46 5
10 18 45 3
17 6 27 4
21 13 45 2
30 3 53 5
15 15 49 3
12 25 42 2
23 16 51 6
19 15 50 10
27 22 51 2
28 28 58 8
12 4 29 2
22 24 55 5
13 24 52 7
5 8 14 6
6 11 27 9
26 29 73 8
1 6 17 10
19 9 40 10
3 27 48 1
22 1 31 6
9 20 44 1
21 30 56 7
13 30 47 7
17 22 44 5
26 25 68 6
1 9 11 5
15 19 41 9
25 14 54 5
19 1 29 8
25 5 48 5
20 9 49 4
11 23 51 4
1 11 16 2
16 4 33 2
4 24 39 7
28 13 53 1
8 16 35 10
25 8 45 7
24 24 68 5
8 30 49 10
10 22 35 6
7 13 40 3
27 26 61 8
13 21 38 9
23 20 56 8
12 18 34 7
2 13 23 1
6 2 27 8
20 12 47 2
4 9 21 5
7 14 30 8
16 29 57 7
21 13 45 10
12 7 34 1
3 21 35 5
22 22 64 2
5 23 34 6
6 14 35 1
20 10 42 1
10 6 33 7
1 15 20 5
13 17 31 1
18 13 49 6
21 21 46 9
4 28 39 1
13 2 26 3
20 29 50 6
19 23 52 4
4 12 19 1
15 1 30 4
25 16 59 2
25 25 70 5
20 7 34 4
29 19 62 3
9 26 52 2
24 13 47 10
18 27 55 10
18 25 61 4
25 27 63 2
11 5 26 3
6 13 25 7
27 4 45 9
24 3 41 3
17 8 35 1
6 11 28 8
15 2 32 3
13 1 22 3
8 18 41 10
2 7 14 9
16 26 56 2
19 25 45 9
23 10 49 3
3 1 12 8
2 27 48 6
19 1 27 2
26 18 52 6
30 16 65 2
19 9 35 1
3 14 21 7
11 9 21 9
