300
10 3 15 2
14 14 35 2
7 27 36 6
18 13 32 2
4 12 35 7
11 21 47 3
29 7 40 1
27 30 73 7
6 13 33 3
5 10 16 5
24 3 35 6
1 28 43 5
25 29 73 1
28 2 50 1
21 10 33 4
5 10 21 4
20 22 46 5
23 30 56 10
12 19 40 7
1 14 32 8
23 7 36 3
3 2 12 3
7 22 34 9
21 8 32 8
13 19 42 5
7 22 48 1
27 22 64 7
23 11 50 5
3 22 28 9
7 12 37 5
18 28 64 2
24 8 52 2
30 11 47 5
18 3 25 9
26 11 39 6
11 4 28 7
4 7 13 3
5 12 31 4
7 24 41 7
27 17 57 5
25 6 43 1
27 19 62 10
17 9 32 2
29 2 40 8
25 4 39 6
23 6 30 8
30 12 58 9
10 9 31 8
12 4 29 8
23 4 30 5
7 19 41 7
1 24 42 9
9 24 47 7
12 10 29 8
16 28 57 2
18 30 62 6
13 1 15 7
9 14 26 6
2 6 10 5
7 9 18 6
30 2 39 3
22 17 52 1
18 8 39 8
12 16 35 5
7 15 29 4
22 15 57 2
25 5 36 3
20 28 65 4
26 16 58 10
27 23 64 7
14 28 51 1
24 19 48 4
3 1 20 3
22 14 42 2
28 28 74 6
26 4 33 6
1 12 15 4
23 14 55 7
5 15 26 1
16 14 37 10
14 5 34 9
19 20 40 9
11 27 53 5
6 3 22 1
11 16 40 1
7 12 27 6
19 11 43 8
1 30 38 3
24 23 61 3
4 1 17 8
16 15 40 8
8 21 45 3
20 24 61 1
8 29 50 8
9 28 44 7
11 25 40 10
2 30 38 7
15 18 38 4
6 20 44 10
11 1 16 5
21 29 66 10
23 24 61 5
21 29 62 2
2 25 33 8
29 24 63 2
27 4 35 7
7 5 21 8
17 6 37 2
30 23 69 3
17 8 40 6
7 20 36 6
25 10 47 3
18 3 22 7
29 26 74 5
13 26 48 7
6 19 30 9
30 18 61 5
4 29 51 3
20 11 36 3
13 18 50 9
4 5 15 9
10 12 33 8
2 22 34 2
14 26 50 10
12 21 35 3
5 8 26 8
24 12 51 1
6 24 41 10
25 23 67 6
24 4 31 6
20 23 45 5
10 24 43 10
21 14 48 2
18 15 51 5
11 10 40 3
7 13 36 4
16 14 33 7
28 13 54 8
7 2 11 8
15 16 38 10
26 11 50 3
29 30 79 2
27 13 57 2
24 8 50 4
24 21 47 3
29 14 52 3
10 1 15 3
18 20 40 2
5 16 34 10
2 17 30 5
23 28 54 6
15 29 49 7
14 8 33 5
4 19 24 2
15 8 38 8
16 25 57 5
1 9 25 7
21 12 35 7
14 17 39 2
23 21 61 8
6 28 42 10
12 22 42 5
30 10 50 2
9 19 46 6
29 7 53 7
21 7 39 7
16 26 46 3
22 6 37 8
30 12 48 4
23 8 33 9
1 8 11 10
3 7 20 3
12 17 43 2
14 19 35 10
21 7 31 10
29 3 34 3
5 29 43 9
29 16 65 2
11 25 41 1
22 29 57 9
30 17 62 4
23 6 41 8
10 29 44 10
9 19 46 6
14 10 42 1
29 26 74 9
3 2 18 4
8 3 18 5
3 16 20 6
30 29 77 3
14 29 60 2
9 4 30 8
10 27 55 1
30 11 44 5
16 4 33 6
10 18 31 8
25 12 48 4
10 10 24 5
7 6 15 9
20 20 54 5
15 16 40 5
21 2 39 5
6 3 13 2
23 20 60 6
8 30 52 10
9 23 47 4
17 18 45 3
12 25 42 2
5 9 27 5
8 28 37 1
2 22 41 1
25 22 49 7
5 14 39 2
3 29 39 1
17 12 44 3
8 13 38 9
15 1 35 6
4 2 13 9
3 15 29 6
23 9 49 9
13 2 16 1
7 16 26 4
16 15 40 1
25 25 52 10
13 3 34 6
1 26 30 2
12 16 37 3
3 27 50 10
1 8 24 8
16 3 27 10
28 3 49 6
29 18 61 1
9 20 39 9
21 28 52 3
3 26 40 3
17 29 63 2
1 23 44 5
15 17 41 10
19 24 63 1
26 24 58 6
9 1 15 6
22 11 53 4
10 7 24 3
28 11 40 8
11 28 51 7
27 18 47 2
25 5 33 8
15 11 44 4
23 25 51 7
28 5 36 1
24 21 56 3
28 27 56 6
13 15 32 9
9 6 28 3
21 7 38 2
12 16 34 2
7 22 44 1
20 21 55 1
20 20 53 6
17 20 39 6
28 3 51 3
6 30 50 1
24 18 58 7
28 23 69 8
15 22 49 8
3 3 23 4
17 5 24 3
26 6 45 2
2 14 32 10
25 1 32 7
13 23 37 3
10 29 43 4
20 5 31 8
29 13 61 2
1 1 8 9
30 3 39 9
21 12 37 9
11 12 25 3
8 13 31 4
10 13 29 5
30 13 59 8
14 15 44 9
18 16 50 10
30 2 34 6
21 11 45 4
13 11 43 4
4 8 30 7
27 15 50 10
4 4 18 1
26 11 50 10
2 28 38 9
5 29 54 8
1 20 37 4
30 28 64 6
22 18 52 1
26 17 58 5
28 24 59 7
16 17 53 3
24 6 46 4
16 5 34 2
