150
14 6 16 483 2 
25 16 6 675 3 
18 19 12 834 4 
6 8 5 546 10 
16 20 20 904 6 
7 16 17 504 7 
8 19 12 392 9 
19 24 19 613 4 
22 19 22 982 9 
25 13 8 1118 4 
19 18 17 512 6 
9 19 21 400 6 
17 9 24 670 6 
8 17 17 518 8 
10 17 23 733 3 
12 24 9 1050 1 
22 25 6 1011 7 
15 11 23 1022 8 
7 16 5 195 9 
5 16 19 1079 8 
18 23 21 814 3 
7 13 17 545 9 
7 18 14 897 6 
23 7 9 256 9 
8 25 9 956 8 
25 8 21 259 4 
19 18 12 397 6 
17 10 20 155 7 
7 19 15 677 2 
23 24 24 1102 5 
13 17 24 883 9 
17 8 18 1070 7 
21 13 9 925 10 
15 17 19 980 7 
16 8 12 293 8 
23 7 18 239 5 
12 16 15 345 1 
22 14 18 330 1 
18 19 19 279 7 
6 25 17 749 5 
13 18 11 978 8 
12 17 9 687 1 
11 8 6 618 10 
9 14 20 318 8 
14 13 14 147 6 
5 20 11 245 4 
20 5 17 1045 8 
19 14 23 800 4 
14 9 16 387 8 
10 19 15 316 8 
11 14 16 774 8 
18 25 14 710 7 
12 24 18 322 5 
23 14 10 562 3 
21 24 18 355 4 
15 14 22 523 1 
22 14 16 812 1 
16 19 16 606 2 
6 8 8 567 1 
21 11 24 590 9 
10 17 13 1001 10 
23 22 22 142 9 
23 15 24 793 9 
12 10 23 291 2 
6 14 17 211 4 
16 23 19 69 2 
11 9 19 544 4 
22 18 17 1083 4 
9 11 8 579 6 
23 12 13 232 1 
9 16 6 639 1 
12 25 15 1018 5 
21 24 18 613 5 
15 8 22 779 5 
6 12 24 503 5 
5 25 5 391 9 
15 19 11 675 3 
25 7 5 823 6 
21 8 7 540 5 
13 8 15 757 10 
6 17 10 872 1 
22 5 8 1038 8 
24 22 13 644 8 
14 7 20 245 2 
22 8 6 229 2 
25 7 7 1040 9 
8 18 21 762 7 
25 7 24 70 8 
18 5 8 821 10 
24 15 18 930 9 
25 19 20 992 10 
19 22 11 489 8 
15 13 20 919 9 
17 22 11 585 4 
9 17 15 547 6 
25 9 18 691 1 
13 11 17 234 7 
7 19 21 218 5 
8 16 11 1120 2 
25 15 10 69 5 
11 21 21 137 5 
22 6 8 307 10 
16 8 10 446 3 
23 20 14 914 8 
21 18 20 624 7 
11 11 18 372 7 
5 16 24 1097 7 
6 8 23 1111 1 
16 9 8 628 1 
12 10 24 358 3 
25 11 10 843 5 
19 6 24 850 6 
12 18 6 896 8 
7 11 20 566 3 
15 9 9 710 10 
15 14 23 785 4 
5 10 14 572 8 
19 24 19 128 10 
24 10 18 954 5 
9 16 23 541 4 
11 15 25 593 8 
16 7 9 434 3 
21 8 25 148 5 
11 11 23 123 2 
13 7 11 526 1 
10 13 17 667 3 
10 5 7 1005 5 
5 24 25 774 1 
18 21 10 901 4 
25 19 18 800 1 
18 18 17 525 4 
7 21 21 565 2 
14 19 17 406 3 
16 25 23 842 10 
22 6 25 155 6 
18 18 14 452 4 
14 19 16 1108 5 
6 18 20 492 3 
9 25 9 432 10 
22 20 10 414 1 
12 25 11 915 1 
6 9 22 660 7 
22 21 17 1065 10 
12 5 13 384 4 
9 5 5 728 4 
20 8 6 884 1 
14 16 12 641 10 
12 17 19 741 3 
24 6 15 602 8 
25 11 19 315 8 
