250
25 23 5 1153 10 
23 21 5 1702 3 
8 23 6 113 6 
15 20 17 60 4 
5 6 21 303 4 
14 7 15 1843 10 
25 24 21 140 6 
14 9 23 443 8 
22 14 5 623 8 
11 7 8 531 8 
18 21 16 170 8 
23 17 6 1780 7 
19 6 23 746 5 
11 17 14 907 1 
21 16 15 1752 7 
21 8 22 1845 1 
20 14 5 786 2 
11 9 23 903 2 
5 19 5 992 10 
22 20 10 1145 5 
19 15 25 1643 3 
9 19 22 647 3 
11 22 15 642 8 
12 8 9 1334 4 
5 7 13 1491 9 
11 25 19 630 1 
15 5 12 981 9 
9 11 12 857 8 
24 17 22 783 7 
24 21 22 1077 1 
13 16 7 1035 9 
13 7 19 633 8 
8 22 14 656 7 
22 16 14 1244 10 
18 5 19 1082 9 
17 11 6 1787 3 
23 22 11 978 10 
5 9 22 1174 5 
21 21 9 336 1 
20 9 16 108 6 
11 25 12 1653 1 
16 10 6 463 1 
24 15 24 106 1 
9 9 23 1621 7 
6 14 13 1459 10 
16 13 7 384 2 
7 25 15 61 9 
6 20 20 1433 1 
5 21 19 1813 7 
25 7 15 460 3 
11 12 24 437 7 
11 6 21 1179 5 
20 19 12 848 2 
15 12 14 1276 8 
15 7 5 1425 1 
7 11 6 1862 6 
6 22 12 73 6 
17 23 18 1863 9 
24 15 10 240 1 
24 8 21 452 5 
18 23 5 1777 8 
7 21 8 1489 5 
13 16 25 1200 10 
13 13 24 823 9 
13 21 11 756 2 
24 5 15 1380 1 
5 23 11 183 4 
14 25 5 1490 9 
11 19 13 256 5 
23 21 21 1812 7 
17 7 6 1796 10 
17 17 6 495 3 
15 14 11 222 10 
11 6 20 606 6 
22 15 5 356 7 
20 5 20 1146 10 
11 21 7 866 6 
11 11 17 644 9 
17 6 7 1763 10 
15 25 6 1076 10 
22 8 24 955 4 
6 21 7 400 1 
9 21 6 860 9 
12 24 16 388 3 
24 25 22 1168 2 
5 20 15 636 3 
25 14 10 355 7 
11 20 24 1572 9 
12 23 10 676 4 
24 8 23 1179 9 
16 21 6 977 1 
5 16 18 1481 4 
9 8 18 1650 9 
6 9 9 1057 7 
16 6 18 1454 2 
18 20 25 189 10 
21 20 15 864 2 
14 8 16 707 5 
21 17 13 317 2 
23 23 11 1055 1 
10 6 19 608 6 
16 12 14 407 5 
18 25 10 563 5 
13 11 21 539 2 
11 15 12 1621 7 
6 25 5 141 7 
17 7 24 573 10 
5 16 11 120 3 
10 5 25 927 6 
9 11 14 97 10 
22 20 18 634 4 
17 11 16 1872 9 
23 25 10 697 10 
9 13 17 1684 4 
10 16 7 754 3 
11 6 21 1510 6 
21 6 24 520 9 
20 12 13 893 2 
23 5 8 1501 10 
16 6 12 1543 7 
18 9 21 1098 5 
17 23 14 1149 5 
22 19 14 232 10 
15 19 12 991 4 
16 9 12 207 3 
20 18 15 1515 8 
10 21 23 953 10 
24 5 11 1459 4 
10 15 13 838 5 
13 14 7 1385 2 
5 20 15 437 5 
19 14 6 531 4 
8 10 23 991 10 
10 24 25 1864 10 
25 12 21 1057 7 
17 24 21 1458 3 
7 22 10 1474 3 
12 9 22 1250 1 
16 24 14 633 9 
12 12 19 1410 3 
15 21 17 1306 7 
24 15 8 299 8 
6 19 15 311 10 
6 12 18 1698 3 
18 22 9 525 3 
11 13 9 969 1 
22 14 23 1608 8 
16 9 25 94 5 
21 9 10 1370 9 
21 7 22 190 1 
17 19 20 1233 6 
15 24 11 1206 4 
14 13 25 362 3 
18 14 22 1107 2 
8 12 5 247 8 
5 6 5 774 10 
21 23 21 1141 10 
17 23 15 911 6 
13 25 14 598 1 
18 16 18 1804 5 
24 21 9 489 6 
21 14 7 1522 3 
19 18 12 1359 3 
19 25 25 935 9 
16 14 20 366 10 
20 8 12 1115 5 
9 19 15 259 7 
13 25 17 289 3 
17 17 21 592 3 
6 9 10 75 4 
21 12 13 1222 7 
5 17 5 1006 10 
25 6 10 952 8 
11 14 18 1706 2 
20 11 6 664 3 
7 15 24 1663 7 
19 25 18 473 10 
15 7 13 1772 7 
20 23 13 1143 8 
10 24 19 1816 7 
6 9 21 197 2 
18 25 23 301 10 
16 20 10 533 5 
25 14 8 301 8 
9 25 21 908 6 
11 6 16 108 4 
7 15 19 1087 6 
8 12 22 1776 2 
12 5 22 334 1 
8 12 10 1640 4 
12 23 14 1765 5 
15 16 11 1825 3 
17 11 24 1593 6 
14 22 6 1372 2 
22 21 12 725 7 
15 20 20 974 8 
10 22 12 451 5 
10 18 6 1433 4 
7 20 19 1383 5 
15 6 6 1788 10 
22 16 18 923 3 
13 19 14 1639 8 
22 21 5 1419 5 
13 14 9 1276 9 
6 11 24 976 4 
15 21 16 731 1 
17 9 10 700 8 
18 23 17 898 9 
9 22 16 697 10 
10 6 14 914 5 
6 9 13 270 7 
17 5 13 96 2 
10 7 24 1807 2 
21 22 24 495 3 
6 12 22 1130 6 
23 19 11 806 8 
18 18 11 1713 4 
23 6 21 1754 6 
25 19 8 65 1 
7 21 11 922 9 
15 19 11 1181 6 
20 20 22 712 5 
6 20 16 350 2 
22 6 19 1057 8 
17 7 14 1021 6 
11 17 16 790 7 
18 22 12 251 3 
6 6 5 1831 9 
10 20 16 997 4 
19 15 25 1043 1 
10 17 17 915 10 
18 19 5 304 4 
24 9 6 175 10 
17 23 13 1367 5 
6 20 10 594 2 
24 11 15 1287 10 
6 22 25 678 9 
13 15 8 857 5 
9 10 13 848 10 
24 11 25 609 7 
22 9 9 1444 8 
15 10 23 1091 2 
21 11 8 674 5 
19 16 21 228 10 
8 7 24 1118 8 
14 7 14 1453 6 
13 19 12 1874 8 
23 5 14 1324 6 
25 24 7 986 4 
11 17 10 1844 7 
