300
19 7 12 1400 10 
24 17 24 1313 7 
13 21 18 657 7 
19 11 22 1243 1 
7 12 8 976 10 
25 9 20 1250 10 
8 7 7 1072 9 
19 9 6 2174 1 
5 24 13 1932 9 
19 17 22 1489 3 
10 17 10 1587 2 
12 6 15 271 1 
25 15 22 255 9 
25 7 17 2150 1 
7 5 5 664 5 
5 16 6 1620 6 
10 23 24 511 10 
14 8 23 356 4 
16 22 13 2135 8 
8 9 6 553 8 
14 20 8 539 2 
21 5 12 690 9 
14 13 8 2234 10 
11 20 16 637 4 
12 7 25 1077 8 
10 25 9 623 4 
12 19 9 1937 5 
16 17 8 1584 3 
22 8 14 1126 7 
10 20 8 640 7 
19 18 18 1858 3 
17 22 10 1151 8 
15 25 9 92 6 
19 14 9 2036 9 
21 17 7 51 2 
13 15 7 934 10 
10 15 5 2161 2 
19 14 9 1415 10 
21 21 25 2040 6 
24 16 19 309 8 
7 21 17 732 2 
18 7 8 1353 4 
15 13 19 410 7 
25 17 18 644 6 
12 21 17 1284 5 
12 18 11 1744 9 
20 19 14 450 2 
21 22 21 1378 6 
10 12 16 1648 1 
11 7 9 612 1 
17 18 23 975 8 
18 21 8 811 7 
19 10 20 271 10 
9 10 25 414 10 
7 10 14 2099 9 
14 5 5 1657 2 
25 10 14 418 10 
22 9 17 422 7 
15 12 25 1033 1 
16 24 22 2191 5 
14 23 17 1366 9 
16 20 12 1333 1 
5 21 24 2125 1 
7 24 15 339 10 
10 21 22 743 8 
10 6 11 2033 5 
22 12 12 1578 5 
13 13 19 350 7 
14 21 14 515 1 
21 25 16 941 5 
12 13 20 697 2 
7 24 18 966 6 
20 15 17 1046 4 
14 18 22 2156 9 
25 15 9 921 6 
16 10 8 738 10 
13 23 14 970 3 
10 25 24 2017 9 
11 18 17 418 1 
24 22 25 1073 6 
24 22 7 622 7 
10 10 21 502 7 
11 25 20 399 2 
24 10 19 1070 8 
7 7 20 1430 7 
24 17 10 1420 8 
20 19 21 599 1 
12 21 13 1420 9 
19 7 21 1561 2 
12 21 11 398 4 
21 5 22 842 1 
23 17 15 1343 8 
11 16 11 660 7 
25 19 10 104 9 
20 25 9 574 8 
6 5 20 1752 7 
21 15 6 668 5 
17 7 19 1396 3 
11 12 16 1109 2 
12 14 12 459 4 
16 22 21 1289 4 
5 12 6 362 5 
9 19 7 1331 3 
9 8 17 866 1 
11 22 23 1046 1 
7 23 8 2176 10 
9 18 21 161 7 
9 14 22 1178 5 
20 19 10 654 8 
13 25 17 2099 3 
20 21 15 2095 10 
16 14 9 2064 1 
7 21 25 1089 5 
23 15 24 2178 2 
25 15 10 1401 4 
21 5 5 2195 8 
16 25 6 1479 10 
6 15 12 1972 3 
5 25 10 2031 6 
11 20 15 269 6 
7 10 23 548 10 
24 5 9 426 9 
5 21 9 928 7 
14 22 23 567 8 
14 19 10 835 5 
24 19 18 1372 9 
20 13 12 473 10 
13 14 18 933 5 
17 21 18 1454 6 
11 8 22 108 8 
19 11 7 271 6 
7 18 23 1874 9 
16 20 16 787 8 
24 6 24 1398 9 
15 11 17 619 2 
23 6 6 1764 1 
25 20 17 484 6 
8 12 14 37 10 
15 7 17 1693 10 
11 12 20 1892 5 
22 21 15 1659 1 
25 25 9 1928 8 
8 9 16 778 10 
12 23 16 2011 2 
9 17 7 1206 3 
10 17 10 971 5 
5 15 24 1886 2 
24 24 8 1523 1 
12 20 9 1648 2 
16 13 10 953 10 
9 13 9 1075 10 
21 13 5 1330 1 
7 9 23 1202 3 
8 5 5 2202 9 
18 25 10 528 7 
7 16 10 1471 10 
8 13 11 303 1 
22 18 9 452 5 
19 22 19 849 9 
15 9 20 1318 1 
15 8 9 1205 4 
15 17 7 1290 5 
23 24 24 1059 9 
20 24 11 513 8 
20 13 8 1208 3 
16 7 20 630 6 
25 15 7 1964 6 
18 14 23 210 8 
22 19 17 1357 10 
14 21 25 571 8 
8 19 21 309 6 
25 5 15 1483 3 
14 9 7 1441 4 
5 24 13 1914 8 
20 19 7 1898 8 
10 25 25 517 7 
12 7 17 1765 10 
22 16 7 102 1 
5 9 5 705 3 
6 17 10 344 7 
10 8 17 180 6 
10 15 22 1217 7 
19 20 7 838 6 
19 5 22 1702 4 
13 9 18 1703 5 
24 18 16 997 5 
7 23 6 190 6 
17 6 21 1137 9 
15 20 17 304 6 
8 5 21 613 4 
16 7 12 345 9 
10 21 15 1178 10 
14 24 17 1321 1 
10 6 6 1765 8 
20 9 23 350 3 
24 25 7 1524 4 
8 24 5 310 1 
25 5 7 1695 10 
22 11 22 318 10 
6 24 6 1540 9 
25 15 22 218 5 
14 10 19 1534 3 
25 12 19 409 2 
6 20 23 119 4 
5 13 14 1042 5 
20 9 7 252 1 
6 11 7 891 6 
9 6 16 915 3 
22 15 25 69 5 
14 13 21 226 8 
25 14 19 452 7 
12 7 25 1055 9 
24 11 5 583 10 
24 25 16 1324 5 
25 13 20 2245 5 
12 21 8 194 7 
6 25 8 808 4 
20 13 17 1114 5 
8 20 15 1733 10 
8 16 10 1211 6 
22 17 23 1353 3 
12 24 15 566 1 
15 21 11 1462 8 
15 9 21 729 7 
14 6 13 2040 10 
17 17 22 1865 5 
11 5 20 1117 2 
17 8 20 912 2 
14 18 25 1087 8 
23 20 16 1437 6 
6 25 9 2073 10 
25 17 25 435 7 
21 7 9 1926 5 
24 8 16 1224 1 
12 20 7 1734 9 
13 24 8 1517 6 
23 20 13 1927 9 
7 24 11 2187 5 
17 25 16 2125 2 
7 16 5 1591 9 
5 11 11 1416 8 
25 20 13 640 4 
7 10 23 1857 8 
19 16 12 1235 9 
18 24 21 1466 10 
5 19 13 797 1 
8 13 24 1972 8 
18 9 17 714 3 
9 24 21 1418 10 
21 8 24 519 7 
6 13 5 642 9 
12 25 11 2078 8 
16 11 25 334 5 
25 25 14 2129 6 
13 18 6 710 3 
7 23 16 1923 8 
17 25 10 1573 1 
21 11 9 2018 4 
18 22 12 485 7 
14 10 12 352 10 
8 17 20 548 8 
16 9 11 2066 3 
9 16 17 1432 9 
17 13 11 570 2 
15 18 12 1249 7 
5 12 17 1298 1 
25 10 15 1986 4 
12 5 9 1786 7 
16 13 24 1025 1 
24 18 12 1411 3 
11 5 22 1501 7 
15 18 7 1745 7 
25 14 23 1024 1 
6 10 6 2247 5 
12 8 9 1201 4 
5 5 9 148 10 
5 18 21 1096 10 
23 11 25 2218 10 
20 16 19 123 3 
14 7 6 1932 9 
19 15 19 712 4 
25 23 16 1494 1 
5 25 14 93 2 
19 10 5 507 5 
16 20 11 78 10 
7 24 10 685 9 
8 7 14 1920 6 
10 7 22 1067 4 
8 21 9 1518 7 
13 18 12 752 9 
10 16 16 1793 7 
24 9 24 186 10 
19 21 22 312 9 
19 23 24 1313 7 
22 9 25 1345 3 
22 5 16 145 5 
19 7 5 889 5 
21 7 19 945 3 
18 8 22 1913 10 
25 15 18 1388 7 
