50
17 5 6 184 7 
24 21 23 285 9 
8 16 15 281 6 
13 24 22 294 4 
20 9 22 144 6 
21 7 25 145 10 
5 14 12 88 6 
5 18 19 255 2 
14 22 5 104 1 
11 21 22 101 5 
23 24 12 96 7 
8 21 25 83 3 
21 9 10 214 7 
24 19 25 299 6 
9 17 12 360 4 
22 19 20 251 6 
12 23 21 334 1 
16 9 17 210 9 
25 10 24 313 8 
21 24 6 82 2 
13 18 5 269 10 
25 18 20 170 7 
20 23 23 127 8 
25 19 24 342 8 
19 11 18 99 1 
9 5 6 209 7 
12 20 11 291 2 
21 24 6 256 7 
25 18 5 270 1 
8 13 9 265 8 
22 9 9 165 7 
5 22 13 149 10 
12 21 8 52 4 
24 17 11 153 8 
16 17 6 286 6 
11 9 22 348 7 
21 12 17 165 8 
16 22 25 171 9 
12 24 9 308 2 
16 7 8 167 8 
20 14 7 133 3 
7 7 19 240 7 
10 18 21 288 7 
11 17 14 331 2 
17 20 10 198 4 
13 8 13 361 2 
22 21 16 364 10 
14 25 8 219 7 
5 23 25 106 1 
17 22 8 87 1 
