400
23 12 22 681 4 
15 25 6 2510 5 
6 14 15 1430 1 
14 13 24 2137 8 
16 11 10 114 2 
13 16 25 2120 8 
19 9 19 152 7 
23 8 17 130 5 
22 18 14 1639 4 
22 21 20 1889 2 
22 20 22 1060 3 
12 21 20 2352 1 
8 21 23 1963 1 
10 23 13 2921 3 
14 10 14 229 9 
24 13 16 2479 5 
20 14 12 1866 5 
12 18 20 787 7 
9 21 13 1295 5 
6 15 21 1040 10 
8 22 19 1883 7 
24 18 12 2955 1 
6 16 21 341 10 
7 15 11 1475 3 
23 21 24 2985 10 
10 11 23 825 1 
8 25 23 801 6 
15 15 11 434 9 
19 23 9 888 2 
24 24 9 2996 8 
15 25 12 1310 4 
8 17 8 2851 7 
10 12 21 2716 3 
8 14 8 1263 4 
18 22 25 1440 6 
19 23 13 1914 8 
17 20 16 1238 6 
23 14 5 1641 2 
18 13 13 581 4 
19 8 22 2493 5 
11 15 19 2208 2 
16 7 20 1557 6 
7 10 21 2852 2 
15 22 7 2472 6 
20 16 18 1752 3 
11 11 18 643 6 
16 7 14 964 3 
25 13 5 88 5 
18 19 14 1279 5 
8 6 7 2576 6 
15 12 25 2065 4 
24 22 14 1778 10 
16 21 13 2155 8 
9 22 17 915 3 
8 20 10 1469 4 
21 13 23 2034 2 
14 13 10 1064 3 
15 21 5 2990 2 
6 23 19 2298 2 
8 23 19 1899 6 
12 24 5 658 3 
15 9 8 2986 6 
15 24 19 1615 2 
14 20 17 2889 8 
9 7 18 2212 6 
17 9 15 2211 6 
25 15 11 1217 9 
23 25 12 1867 9 
20 17 16 2292 7 
7 14 13 353 3 
22 5 17 2041 6 
7 23 19 2306 3 
7 10 20 1921 9 
12 15 12 2901 1 
18 11 15 313 10 
13 22 6 1467 1 
16 23 11 936 7 
12 14 20 378 7 
14 8 25 817 10 
23 25 20 628 10 
16 23 6 626 5 
16 12 9 2957 3 
25 8 10 266 2 
17 9 10 72 6 
10 13 19 1379 1 
25 10 18 83 6 
7 23 11 755 4 
10 11 13 702 2 
7 6 23 642 4 
16 10 9 2258 1 
23 8 13 176 5 
21 12 21 314 6 
20 19 10 2780 10 
18 6 8 997 10 
22 21 19 211 1 
8 19 13 414 8 
20 21 21 2599 9 
14 24 16 2471 8 
12 21 11 1288 9 
9 17 15 620 8 
8 23 7 1103 2 
10 11 15 566 8 
11 6 7 328 9 
23 22 25 2677 2 
7 14 19 2846 6 
18 11 23 2619 9 
25 13 5 688 4 
15 16 13 2119 7 
18 13 8 2613 5 
25 14 19 2503 7 
19 6 5 1341 5 
5 13 12 908 6 
9 10 21 1987 1 
22 10 12 671 8 
11 8 22 1164 9 
14 9 21 1380 1 
24 25 14 1184 10 
24 10 17 1689 8 
14 17 16 436 2 
7 19 16 1446 4 
6 20 13 1750 3 
14 10 8 915 7 
24 22 12 1603 3 
18 10 11 2523 6 
18 25 11 1114 3 
11 24 6 2655 3 
16 6 18 1535 1 
16 19 23 188 2 
9 14 14 477 7 
25 5 19 1890 2 
18 19 15 2301 4 
20 6 11 820 2 
11 25 25 2372 10 
7 10 21 237 5 
7 17 22 1347 6 
22 9 7 1019 6 
22 18 22 1172 8 
21 24 25 597 4 
21 15 17 451 2 
5 25 23 2789 4 
20 22 25 1690 1 
19 14 25 2272 4 
21 25 6 2276 2 
8 14 7 2406 2 
17 6 18 1301 9 
5 7 5 1592 9 
12 10 20 2844 7 
14 22 16 2457 1 
5 9 10 2790 6 
12 23 6 2019 8 
24 6 13 491 3 
9 14 6 1052 1 
16 10 20 799 5 
7 24 20 1186 10 
17 10 21 220 7 
20 19 16 289 10 
23 11 5 67 6 
12 21 16 2523 6 
8 21 18 1168 2 
11 20 10 2729 1 
17 6 24 441 7 
11 16 7 2813 3 
15 24 23 1634 5 
16 22 18 770 1 
20 8 11 2901 8 
12 19 11 572 5 
11 8 23 2719 1 
7 24 18 1023 5 
11 16 19 2723 1 
15 6 24 1800 8 
6 7 9 2332 5 
19 24 17 2516 10 
18 18 24 555 7 
18 9 8 617 3 
20 11 10 617 7 
19 21 18 1741 8 
6 19 5 1110 4 
21 17 12 1920 5 
10 21 17 1048 2 
17 8 10 2443 2 
25 6 23 1023 5 
15 17 25 1847 9 
10 17 24 1789 5 
18 16 10 1518 8 
10 16 18 228 5 
25 8 14 2334 3 
16 25 10 2319 4 
23 24 14 990 1 
12 14 6 1282 1 
16 22 15 1831 4 
23 15 5 2265 10 
6 10 6 166 9 
11 14 25 467 4 
14 6 7 533 1 
24 7 13 2074 2 
23 9 12 734 8 
15 16 10 349 7 
12 17 17 344 10 
14 17 13 2088 4 
23 7 15 263 3 
21 9 25 848 10 
10 21 8 209 4 
22 11 11 841 4 
12 22 12 100 6 
11 15 23 609 9 
6 19 9 2438 3 
7 16 21 1690 7 
18 10 15 993 6 
12 22 18 2945 7 
24 12 11 2821 1 
7 8 10 433 5 
10 11 15 1819 5 
22 16 11 1614 1 
25 16 8 2121 4 
19 9 15 2620 8 
16 25 18 475 4 
14 25 11 124 6 
19 13 19 740 10 
21 16 13 1880 5 
10 17 14 1421 1 
15 7 9 2404 3 
25 8 25 474 4 
22 21 20 987 4 
5 16 8 1759 7 
10 24 6 1291 5 
18 13 18 2865 10 
11 14 14 956 2 
17 12 19 2813 10 
15 23 20 2278 1 
14 14 11 2474 8 
18 10 7 2185 5 
9 10 15 899 2 
10 5 16 952 3 
11 14 18 1812 9 
20 21 13 1010 6 
13 23 6 2642 8 
24 6 12 1455 2 
23 18 12 2709 6 
22 20 19 1594 2 
23 16 9 412 2 
20 18 7 294 8 
23 12 24 1886 1 
24 13 9 1173 9 
25 13 6 1418 9 
17 9 6 1209 4 
16 12 11 1173 9 
16 24 9 2492 9 
22 18 18 480 7 
22 15 19 2852 5 
19 13 21 2699 6 
18 14 19 2367 6 
15 10 14 2991 4 
14 23 19 739 7 
9 24 25 2289 7 
25 12 20 1972 7 
7 17 13 2175 9 
16 17 13 1764 1 
17 16 12 1089 6 
8 11 14 876 1 
6 6 6 2149 10 
23 16 25 1527 6 
10 17 16 2806 10 
7 7 5 2521 9 
14 18 22 647 4 
22 25 22 1761 2 
5 10 16 2961 1 
16 22 9 887 4 
25 19 10 2810 5 
20 11 9 439 5 
14 16 6 2884 6 
15 5 21 1182 9 
9 8 9 1933 5 
18 6 9 388 2 
22 22 7 2783 2 
9 24 14 2933 5 
5 13 7 1782 6 
23 23 9 1440 1 
9 10 8 230 9 
9 19 17 1819 2 
13 22 23 572 6 
23 19 11 1295 9 
8 17 14 1876 8 
23 17 22 133 8 
18 19 13 1299 6 
7 20 20 2642 9 
19 18 18 2186 2 
8 24 21 1372 10 
16 23 13 2988 10 
20 14 17 1175 8 
9 16 13 791 4 
23 20 17 2692 4 
11 11 22 803 8 
12 14 22 1014 5 
21 14 21 2195 9 
24 16 19 1520 8 
25 13 22 1549 8 
8 21 16 223 8 
17 22 20 2329 3 
25 22 15 2377 2 
16 24 16 574 10 
17 22 9 1693 4 
24 18 21 960 3 
10 25 24 1486 5 
12 25 11 366 9 
16 19 12 220 7 
25 22 22 120 8 
12 19 24 1821 2 
12 16 17 1482 7 
21 18 8 2629 2 
12 18 17 828 1 
15 12 14 1098 2 
12 18 23 239 5 
21 14 25 1570 7 
6 21 20 731 10 
12 10 5 848 4 
15 11 17 1724 4 
10 9 25 1669 5 
11 12 22 1420 9 
6 8 19 698 3 
6 6 8 2054 1 
20 25 20 438 6 
20 8 12 2393 2 
6 6 16 2774 5 
8 14 9 798 10 
17 25 14 2197 4 
12 7 8 304 2 
22 14 25 747 10 
7 6 25 1414 4 
6 15 23 2801 10 
13 13 7 1173 2 
10 10 13 433 10 
7 19 18 2388 1 
8 20 15 103 8 
7 22 25 2282 10 
18 14 17 1155 5 
19 22 17 2251 5 
16 20 14 2311 1 
25 20 5 1877 4 
10 15 24 2666 1 
14 18 17 1979 8 
16 13 10 2993 5 
15 9 25 661 2 
10 23 21 697 5 
11 19 14 573 7 
14 14 7 771 9 
12 8 21 990 5 
24 24 10 141 9 
25 24 7 1639 6 
5 12 9 2069 3 
8 18 9 1944 1 
10 10 13 2002 2 
7 19 22 890 9 
23 18 24 1921 1 
12 13 20 362 4 
17 15 20 133 4 
23 9 18 1591 5 
15 21 23 2616 4 
10 25 16 2343 1 
13 12 18 535 3 
12 17 19 1256 5 
21 7 12 1848 9 
24 21 16 2606 10 
18 5 11 1863 7 
21 11 13 1795 3 
21 6 7 1674 4 
17 12 10 1739 9 
10 11 12 2404 4 
14 12 24 1806 2 
15 22 5 2286 6 
5 6 25 1459 1 
11 5 22 56 6 
19 13 24 2037 3 
23 21 12 764 10 
6 24 18 1050 10 
17 5 19 1501 9 
11 16 21 2438 1 
11 22 24 1174 9 
25 25 19 2273 4 
20 18 15 1084 5 
13 5 16 806 3 
11 11 12 1466 5 
18 25 21 2223 1 
14 11 21 2631 4 
13 24 13 923 1 
6 16 9 2295 5 
5 7 20 704 3 
23 20 7 1382 7 
25 5 17 1073 9 
6 5 10 2677 2 
17 19 17 1097 2 
23 11 25 1699 2 
24 6 25 2348 9 
19 8 10 1526 1 
13 11 6 1277 6 
16 23 6 361 9 
13 16 19 2389 9 
15 5 10 1293 3 
14 24 15 717 8 
25 25 13 1762 9 
24 16 13 1442 1 
