200
24 15 11 482 9 
9 13 6 1101 3 
13 25 15 282 2 
6 19 5 921 5 
22 6 16 632 8 
17 11 11 871 3 
17 20 8 1436 6 
22 25 17 858 7 
6 23 19 391 3 
5 11 10 590 5 
20 20 8 426 1 
17 14 24 670 9 
20 14 9 1467 5 
14 9 22 1273 2 
6 22 14 366 9 
8 14 14 1448 5 
23 5 22 473 10 
6 12 20 580 5 
5 23 12 1131 9 
16 13 16 955 5 
11 15 23 1259 4 
9 24 17 550 10 
15 12 12 1036 2 
8 5 9 229 1 
14 24 18 923 2 
21 25 8 538 9 
6 15 12 1195 8 
15 6 5 1287 6 
11 5 19 438 1 
24 6 14 1374 10 
17 9 12 1075 9 
6 13 11 846 2 
12 18 24 543 7 
25 21 24 845 6 
8 12 13 1335 3 
7 23 18 596 8 
19 10 6 651 4 
25 7 20 892 6 
19 8 11 1270 9 
7 19 14 125 1 
19 25 18 1068 7 
5 22 6 1395 8 
25 7 17 319 7 
21 25 25 105 1 
23 10 20 1385 9 
6 23 15 970 10 
25 5 21 1169 7 
8 16 20 1466 1 
7 7 24 636 2 
16 14 9 1218 4 
7 18 16 693 1 
5 11 9 931 7 
22 8 21 189 8 
6 25 10 1381 7 
13 14 5 402 5 
12 17 18 735 1 
21 15 19 310 6 
22 8 8 1489 10 
8 7 11 1309 5 
22 16 23 256 10 
10 23 16 402 9 
10 10 18 208 4 
13 5 18 965 3 
13 15 14 437 7 
5 9 14 1370 8 
24 14 21 1112 6 
15 23 21 248 4 
9 12 8 1103 5 
18 8 16 1422 9 
6 23 10 313 9 
10 6 5 423 7 
6 5 18 1142 10 
14 20 17 1110 5 
18 7 10 580 2 
22 11 16 777 5 
16 11 8 1285 3 
10 13 24 1449 3 
24 9 13 80 4 
11 19 8 1426 5 
23 13 12 331 6 
23 5 8 1338 9 
17 23 8 758 6 
14 10 5 275 2 
11 12 21 205 3 
19 17 24 1270 10 
6 17 6 450 2 
11 15 24 743 2 
19 8 16 1146 3 
14 9 14 1055 7 
21 11 16 1356 6 
8 11 24 1168 4 
18 18 19 1245 10 
24 5 7 1163 8 
21 21 16 1274 8 
10 5 18 529 5 
23 5 19 725 5 
22 9 21 811 4 
18 19 18 1249 5 
5 12 12 1386 1 
24 23 24 378 5 
10 11 12 448 9 
25 13 18 107 5 
7 21 19 1212 3 
8 17 24 601 2 
23 17 12 622 3 
21 9 25 903 2 
13 13 25 1231 4 
15 12 14 1034 5 
17 12 21 1378 4 
25 8 11 1010 2 
13 20 10 85 3 
13 12 12 1457 9 
10 9 15 1098 9 
23 23 22 857 3 
15 7 20 130 7 
22 24 12 166 2 
21 11 11 422 6 
14 24 16 1344 1 
8 17 7 484 3 
18 9 15 881 5 
17 19 24 603 3 
9 12 12 218 7 
6 24 11 1016 9 
23 19 19 933 8 
15 6 12 844 4 
13 8 11 724 3 
16 9 8 585 7 
10 18 13 1240 7 
17 17 23 1427 1 
18 16 12 741 7 
12 17 10 989 3 
24 16 16 572 2 
25 23 13 1307 2 
11 21 6 1001 8 
9 24 18 1372 8 
7 8 16 183 3 
18 10 12 1179 10 
24 21 9 1223 2 
24 14 21 547 5 
25 8 24 1291 3 
8 16 14 300 8 
25 5 19 804 10 
13 6 18 1164 10 
10 5 11 520 5 
24 6 15 160 8 
21 16 9 190 9 
11 8 12 167 3 
16 9 11 256 9 
9 11 25 201 9 
10 23 17 1286 2 
17 11 6 77 7 
9 24 10 1202 3 
16 20 9 1036 8 
20 19 14 1005 2 
9 16 13 309 3 
15 6 14 415 2 
19 15 25 786 6 
19 12 12 1096 1 
15 10 22 421 1 
13 22 15 366 1 
20 13 25 954 2 
12 18 13 1033 10 
24 21 10 1296 4 
25 21 24 1435 3 
11 24 24 839 8 
20 25 20 744 3 
18 14 8 1199 9 
21 16 13 1128 2 
15 5 25 1033 1 
20 14 18 738 2 
19 13 11 1437 4 
16 23 16 626 6 
12 25 6 1344 5 
18 8 5 120 8 
21 23 20 1195 8 
23 19 20 772 4 
9 5 14 1367 8 
11 24 10 1139 7 
16 13 13 1242 6 
12 10 13 1464 2 
6 19 7 940 10 
17 8 15 77 7 
15 21 18 306 2 
23 11 6 182 8 
16 24 11 1304 4 
6 11 5 45 7 
11 13 19 1407 9 
20 22 23 630 8 
22 9 24 187 6 
24 16 15 929 10 
9 16 25 518 4 
16 14 16 290 8 
19 8 10 892 3 
17 23 14 782 9 
22 16 13 1157 6 
21 5 24 1471 6 
10 23 18 194 3 
19 7 21 946 6 
14 9 22 1392 8 
23 12 24 532 10 
