500
22 22 19 3459 6 
12 22 10 871 5 
17 7 7 191 5 
19 9 15 977 5 
25 8 23 2868 4 
6 22 13 2880 3 
5 25 14 3512 9 
23 14 7 3027 4 
12 18 18 2137 7 
13 12 16 3223 8 
12 21 20 1288 10 
10 21 6 3066 6 
18 18 6 2044 8 
9 23 22 623 3 
7 21 22 1462 1 
22 15 15 3223 7 
15 22 24 3527 3 
16 22 25 3190 5 
16 10 18 2388 10 
19 5 10 2472 5 
23 10 12 2611 9 
12 16 9 933 5 
22 8 9 807 2 
20 9 25 1247 10 
11 5 20 1965 5 
25 19 18 1002 10 
18 9 21 3432 2 
13 20 6 899 9 
13 20 10 3466 10 
15 11 11 1052 3 
23 10 20 991 5 
7 13 7 3563 1 
14 11 18 2228 10 
18 25 12 2870 6 
11 5 15 1022 4 
9 16 22 3614 1 
23 24 19 1824 1 
13 6 10 1650 6 
5 13 23 456 4 
20 13 19 1764 3 
6 24 5 2113 4 
8 12 10 1794 4 
18 13 10 1075 4 
11 7 18 2965 8 
11 5 14 2383 10 
13 16 15 451 10 
8 5 19 1066 10 
13 17 25 1298 9 
7 12 20 2765 2 
20 20 7 3149 1 
23 21 11 82 2 
24 23 14 831 9 
16 6 11 1961 7 
11 23 13 2988 3 
20 6 18 2439 8 
24 24 23 1541 2 
19 23 12 2807 6 
19 23 25 2085 3 
6 18 8 2895 6 
23 7 14 338 7 
24 9 22 829 6 
24 22 17 2305 9 
19 10 14 1222 7 
19 16 23 516 8 
16 12 24 2042 5 
14 24 23 2990 4 
21 10 20 2077 8 
5 14 7 3188 9 
5 22 21 2927 3 
22 19 18 2453 4 
11 12 12 1226 6 
7 22 9 1900 7 
12 8 11 3319 7 
18 5 24 2653 1 
9 18 13 2064 7 
8 17 9 2355 8 
23 15 5 796 9 
9 12 7 657 10 
13 18 9 2245 1 
15 9 14 1174 3 
21 15 14 1663 5 
7 12 18 3669 1 
21 8 7 2585 6 
18 18 15 3700 5 
9 11 21 2341 6 
17 5 16 730 5 
5 6 9 3172 1 
23 16 8 3250 2 
8 5 25 2569 3 
9 13 15 549 4 
18 5 21 1232 9 
12 17 9 3489 2 
11 15 22 542 1 
22 18 16 1460 6 
9 9 6 1481 9 
20 13 17 1073 5 
20 16 10 2357 3 
11 10 22 49 6 
21 19 18 143 9 
7 14 18 705 5 
19 12 6 1052 8 
8 20 18 1926 9 
25 25 23 3649 10 
13 25 20 3650 7 
5 10 17 525 5 
21 13 15 1745 1 
16 15 23 268 1 
18 8 18 3379 2 
25 13 24 3072 8 
13 22 16 1600 3 
17 14 7 630 6 
21 6 23 1909 8 
25 12 14 2982 8 
19 17 7 416 3 
6 20 11 1420 9 
18 19 8 2133 9 
8 23 25 263 1 
25 19 22 910 2 
22 25 20 1893 7 
10 16 23 587 4 
15 9 12 864 9 
20 22 16 1606 1 
16 10 19 1054 8 
17 23 19 2096 7 
23 8 7 1374 7 
17 19 7 756 7 
5 11 13 1197 9 
25 25 18 2603 8 
16 16 6 3706 1 
6 12 16 763 6 
6 8 23 3387 5 
10 21 19 123 6 
8 15 11 2709 1 
5 19 5 2363 3 
23 10 8 1315 6 
11 16 11 126 8 
18 9 13 1008 10 
6 5 13 635 5 
5 14 25 3558 9 
23 9 10 741 5 
16 11 15 457 5 
7 12 7 2777 9 
6 12 22 2960 10 
23 17 5 1635 1 
11 17 21 3400 2 
10 6 8 1125 6 
9 15 9 3119 2 
23 22 23 2821 1 
11 5 21 165 2 
25 18 17 3279 1 
17 11 18 314 2 
5 11 20 1612 8 
6 22 14 1385 8 
10 6 9 1052 3 
16 7 10 2255 3 
25 25 17 2341 1 
9 5 6 2106 5 
8 6 8 2522 5 
14 15 11 1676 2 
15 25 23 3289 4 
15 14 6 282 1 
14 18 24 2917 10 
22 13 6 1949 6 
7 6 7 1602 3 
21 5 21 198 7 
18 7 8 2924 4 
12 21 7 1071 1 
22 23 7 668 8 
7 8 7 71 2 
25 14 14 2564 3 
8 10 5 3327 9 
8 16 22 720 9 
21 25 10 483 3 
8 15 9 1028 10 
13 18 18 1811 10 
24 15 11 1055 3 
14 6 9 1553 9 
17 12 20 1873 10 
15 24 5 2796 6 
24 6 10 1287 8 
6 19 20 559 10 
15 24 9 3180 10 
18 14 25 525 2 
25 8 23 3540 7 
24 21 22 1712 8 
7 17 25 3678 2 
25 21 25 2194 2 
9 12 11 1096 4 
11 24 22 1949 1 
6 14 19 1617 6 
22 12 16 2406 2 
22 21 12 610 2 
7 14 13 2666 2 
13 12 12 3176 7 
13 24 19 775 5 
18 19 5 962 9 
11 20 14 2171 10 
19 14 25 982 6 
16 5 16 2617 9 
11 11 23 3667 3 
6 25 18 2931 1 
10 8 22 157 10 
13 21 23 2884 3 
8 15 21 993 9 
12 24 10 2181 3 
5 21 17 3485 8 
9 21 17 1228 1 
25 6 25 2268 10 
24 5 25 540 7 
17 24 10 840 10 
17 24 17 645 3 
10 20 11 153 2 
11 5 15 689 10 
15 19 6 2920 6 
18 8 5 598 5 
25 13 25 3138 8 
5 17 17 2966 10 
6 16 10 1879 3 
15 12 11 3077 10 
13 11 9 3247 1 
9 15 22 3098 10 
8 25 5 952 6 
6 18 8 2843 9 
10 22 7 955 3 
17 5 9 3663 9 
22 15 16 3641 4 
21 15 12 595 3 
25 22 24 2641 9 
5 5 21 3497 10 
20 15 17 3637 6 
21 19 18 3457 8 
16 12 14 2406 2 
20 17 18 1955 4 
24 22 9 1283 5 
17 8 18 625 9 
16 7 12 1361 5 
15 19 22 3037 1 
15 5 18 681 7 
7 19 6 3727 1 
11 18 10 3625 7 
23 12 20 1573 5 
5 21 16 193 5 
20 24 15 1544 7 
5 17 13 1046 2 
5 16 9 1616 3 
8 21 14 3629 8 
22 25 24 649 6 
13 23 20 3705 7 
7 24 6 2501 4 
23 9 12 1232 1 
6 7 16 793 4 
8 14 25 2041 10 
12 5 21 2088 8 
10 8 14 1062 1 
12 10 21 2489 5 
13 5 14 2710 9 
25 18 21 3586 9 
20 8 19 3042 9 
23 9 19 3701 3 
21 24 7 938 5 
19 21 10 255 8 
25 6 5 1102 8 
6 13 6 797 1 
16 22 20 993 4 
14 21 16 3311 9 
16 13 9 1237 7 
19 19 23 2948 10 
7 25 13 2347 7 
25 20 15 3194 6 
22 17 5 1436 4 
9 25 5 2815 7 
10 22 6 1450 4 
23 19 9 245 1 
20 11 19 1720 7 
5 14 6 2577 10 
18 12 24 1882 5 
22 18 19 3122 8 
10 16 16 2770 3 
21 5 14 3534 10 
14 20 17 1379 7 
7 20 8 3513 5 
16 10 21 390 1 
22 10 7 3030 1 
22 20 10 3620 3 
19 14 14 1654 2 
10 13 25 2413 8 
21 5 21 3515 10 
15 18 8 2957 1 
21 6 17 114 6 
16 11 5 1764 1 
8 21 20 3327 2 
8 18 6 3054 6 
19 12 16 1328 6 
13 22 12 493 3 
24 24 20 115 9 
18 14 20 556 9 
24 13 10 2398 8 
22 24 24 1134 6 
18 9 15 3575 6 
11 6 15 753 6 
18 6 19 1366 7 
15 16 13 1421 5 
8 17 22 974 1 
18 17 8 2577 9 
13 9 19 394 9 
23 16 15 1758 6 
18 13 9 2230 3 
7 21 21 1489 2 
11 18 15 3355 5 
16 17 11 1587 4 
25 10 17 2375 9 
10 23 18 3601 8 
12 16 8 719 6 
24 9 13 1738 6 
6 18 13 1479 8 
23 21 15 3694 9 
17 16 19 314 1 
17 20 13 157 9 
23 11 25 2008 2 
8 19 25 1745 7 
9 14 20 261 7 
11 12 13 3680 2 
7 23 8 1358 2 
13 5 8 2939 2 
24 7 12 1768 10 
6 12 5 1750 2 
17 22 9 3686 9 
17 8 24 2861 8 
25 11 13 1851 5 
14 11 20 2179 10 
15 19 8 1400 3 
23 22 19 3419 3 
13 22 23 2385 6 
13 24 18 2247 4 
17 22 21 2318 7 
22 9 10 1267 7 
7 18 18 1104 4 
23 17 25 990 7 
18 20 6 3452 3 
13 5 21 3090 9 
8 25 19 3101 1 
25 6 15 3126 3 
25 18 20 3433 6 
24 22 17 660 1 
15 19 5 118 2 
7 12 21 2536 6 
19 22 18 1530 10 
24 15 20 3057 10 
8 11 13 1529 9 
25 17 10 159 10 
19 7 20 2385 10 
23 10 23 400 3 
6 24 5 2415 1 
22 5 11 113 10 
5 14 22 1889 3 
19 18 15 1092 3 
5 19 8 3745 8 
9 12 9 1030 10 
9 6 15 2317 2 
10 23 9 1765 2 
19 14 7 866 6 
25 19 20 2706 2 
18 8 10 2556 2 
16 20 25 2197 9 
11 14 20 3042 5 
19 15 23 2009 7 
10 17 12 148 1 
10 23 19 316 1 
19 17 14 519 7 
19 6 19 355 7 
23 18 17 1489 7 
6 17 25 2327 10 
9 25 9 870 1 
20 12 21 923 9 
17 25 15 3623 1 
11 21 17 466 4 
13 10 13 1712 3 
14 7 11 1590 2 
22 18 23 1884 6 
6 12 20 1999 10 
22 19 6 3344 3 
19 25 9 1822 4 
10 16 24 2427 7 
17 11 8 3533 4 
24 16 24 798 7 
13 15 10 2990 9 
11 5 19 41 9 
6 21 7 354 9 
12 20 20 713 2 
9 24 15 2924 10 
6 16 25 1746 3 
8 9 17 1847 8 
18 11 19 281 8 
9 20 24 787 1 
10 14 5 2487 4 
6 15 7 803 9 
5 7 7 1064 4 
24 6 7 3596 6 
5 21 16 2873 4 
24 14 17 2192 3 
5 19 23 2758 4 
17 14 23 217 3 
17 8 17 2488 6 
25 19 23 3596 4 
24 13 13 1936 4 
6 19 5 3441 7 
21 18 11 2435 1 
8 12 7 3400 1 
6 11 7 2401 10 
7 17 19 324 6 
6 20 25 1017 5 
9 21 9 2250 10 
14 19 13 2041 7 
11 7 21 1886 3 
11 17 12 3086 6 
11 22 22 3401 9 
10 6 16 3365 5 
23 15 20 3572 6 
24 7 25 2238 2 
9 14 20 2944 7 
20 12 13 2186 4 
25 24 13 2779 5 
8 11 9 1519 3 
8 13 8 3066 9 
25 21 23 2978 3 
17 21 10 3149 4 
17 12 24 1792 1 
14 19 23 1217 5 
13 17 17 3180 5 
19 15 23 1043 10 
11 15 18 443 8 
10 17 8 2836 9 
23 12 14 3052 2 
13 15 10 384 7 
18 7 7 1700 10 
17 24 21 779 4 
17 7 24 565 3 
13 21 9 138 3 
16 20 24 296 10 
16 12 23 677 8 
7 9 15 2963 7 
13 25 11 802 10 
17 12 11 2679 5 
25 18 11 1104 1 
11 9 13 3447 5 
22 18 19 1981 7 
10 24 15 2578 9 
23 25 18 3537 1 
13 14 22 3004 2 
9 18 11 1245 9 
8 19 16 2818 7 
18 23 16 2595 5 
24 24 19 1017 7 
21 12 18 1668 5 
25 7 17 644 10 
12 6 24 921 9 
18 18 12 3649 1 
20 14 13 220 4 
17 20 15 327 2 
17 21 13 2886 4 
16 15 22 3263 8 
11 24 5 2491 6 
16 14 21 3218 8 
19 17 18 1358 10 
7 12 20 258 10 
23 19 11 531 10 
20 21 5 2674 5 
18 20 14 1839 7 
14 21 19 2843 7 
6 14 10 205 3 
11 6 8 2260 2 
11 5 10 2806 7 
21 5 9 3080 9 
19 16 21 2900 6 
22 13 8 1081 4 
5 20 11 2642 5 
24 7 24 1966 8 
6 19 9 193 8 
6 13 16 511 6 
24 23 24 965 4 
10 18 10 1228 10 
19 7 15 1533 4 
6 10 21 2523 7 
12 5 7 2877 10 
7 11 22 1806 8 
8 14 7 1612 5 
14 23 22 3286 9 
13 11 16 1414 10 
12 14 7 70 7 
16 6 22 2369 9 
10 12 19 2650 5 
10 21 8 2400 6 
24 22 8 1686 6 
17 25 18 3364 6 
22 15 21 3672 1 
11 8 25 355 7 
20 12 11 558 7 
20 7 5 1767 10 
18 8 16 3118 2 
8 22 8 2359 3 
