100
9 14 14 302 9 
13 5 24 215 6 
19 15 21 720 5 
20 19 10 222 6 
24 23 24 87 1 
17 23 10 191 10 
23 18 12 111 1 
8 7 18 75 8 
15 7 15 72 4 
23 8 5 223 4 
5 5 7 234 2 
18 24 25 96 8 
15 25 23 259 1 
9 7 13 495 8 
24 22 17 193 4 
5 6 11 382 1 
25 13 24 489 6 
15 5 22 712 3 
23 7 24 451 7 
20 11 8 248 6 
11 8 11 397 8 
7 21 22 216 5 
24 14 18 201 9 
15 17 7 615 6 
5 5 12 698 6 
23 10 10 575 5 
13 21 16 222 2 
10 11 9 638 9 
7 11 17 181 8 
11 24 20 99 6 
25 5 5 141 10 
10 14 12 305 10 
23 5 25 516 5 
13 17 9 584 9 
8 7 5 574 2 
22 13 25 345 7 
18 6 16 106 10 
8 12 20 300 9 
22 7 10 430 5 
15 24 19 354 2 
8 16 23 634 1 
12 22 22 321 1 
11 20 8 559 2 
10 7 5 264 8 
19 25 5 692 5 
23 18 24 513 9 
24 16 15 474 3 
16 10 7 692 2 
22 19 22 694 2 
23 19 23 675 4 
11 22 17 432 8 
24 16 5 284 5 
6 20 16 646 1 
15 17 21 676 7 
18 20 11 288 9 
11 23 9 119 10 
8 15 20 100 6 
16 6 7 329 7 
6 11 7 159 5 
9 9 15 626 1 
16 14 8 506 10 
6 20 12 750 4 
5 6 19 386 5 
7 13 9 558 5 
7 15 18 564 10 
25 10 16 371 7 
25 18 17 382 4 
24 22 8 339 5 
25 9 11 661 9 
13 24 18 475 8 
24 13 13 304 6 
20 7 23 202 6 
9 16 19 690 5 
10 21 7 237 7 
19 9 9 471 9 
21 15 7 558 4 
16 8 13 533 8 
12 9 23 340 5 
16 19 19 490 8 
24 18 6 331 8 
12 16 15 543 6 
6 24 23 734 3 
22 21 25 482 6 
11 5 13 101 10 
13 10 15 150 10 
6 23 19 600 1 
11 8 5 606 9 
6 24 7 89 3 
7 24 19 209 7 
8 16 21 411 4 
7 18 16 599 9 
9 14 22 720 8 
22 17 16 254 3 
23 13 22 386 8 
12 6 10 736 7 
24 21 25 631 1 
8 17 10 742 5 
17 17 18 141 1 
6 22 8 548 2 
17 9 15 246 7 
