450
10 23 24 580 9 
22 6 12 1698 1 
14 25 16 3284 7 
23 20 12 1750 5 
8 23 22 3122 6 
17 12 6 229 6 
14 16 15 535 10 
13 9 22 1292 5 
23 10 5 541 2 
23 21 25 226 5 
11 16 17 2955 1 
24 16 7 299 7 
9 10 24 2363 5 
21 17 14 2392 5 
12 23 16 1945 3 
18 13 12 1851 3 
5 11 24 2404 8 
21 21 11 1624 3 
5 17 15 588 6 
17 8 20 917 4 
25 6 16 816 4 
9 11 21 2508 9 
19 6 16 1528 7 
17 12 23 1467 8 
23 15 11 92 2 
17 5 11 1377 9 
21 24 19 2623 1 
12 9 14 1615 6 
9 24 18 501 6 
8 12 21 2846 10 
23 23 9 2681 7 
11 12 7 449 1 
11 15 25 1201 7 
6 14 23 891 2 
6 10 17 2826 4 
11 6 6 455 8 
23 21 21 1264 3 
16 17 12 1442 3 
10 6 8 540 10 
11 12 21 1724 5 
15 8 12 2152 6 
17 7 21 2001 10 
20 24 25 2209 7 
13 9 18 2667 8 
5 25 9 2226 1 
10 11 11 583 8 
16 14 9 2433 2 
6 10 5 1908 3 
16 7 19 368 3 
13 21 6 450 4 
10 12 7 788 2 
14 19 8 3032 4 
25 7 19 1928 1 
6 16 16 1435 5 
14 12 23 1719 2 
24 7 6 1063 1 
21 14 8 364 10 
9 18 14 1497 5 
24 19 11 480 10 
7 17 20 3287 4 
14 12 21 2535 10 
25 25 19 1574 10 
9 19 23 1747 5 
21 25 13 1479 9 
9 9 10 1572 7 
25 13 19 148 1 
16 23 11 1668 8 
7 13 10 130 9 
16 7 9 2951 1 
12 12 5 375 8 
23 19 15 3267 6 
22 12 12 1262 7 
6 24 21 1319 3 
11 11 23 1390 9 
24 24 8 1306 1 
21 11 14 2324 4 
9 18 18 1896 1 
14 6 6 2006 9 
18 24 10 1934 5 
17 16 16 2452 4 
7 11 21 2560 7 
5 21 15 664 4 
13 7 8 1572 10 
8 15 15 2166 7 
16 23 9 142 6 
6 6 25 1449 5 
22 13 9 688 2 
16 19 22 2587 8 
14 10 18 3024 7 
18 20 13 2697 8 
12 8 9 2901 3 
17 11 9 3014 2 
15 13 21 521 9 
24 24 10 1920 5 
17 6 20 1757 9 
25 13 15 1495 5 
16 16 14 1045 9 
14 12 12 3283 7 
18 8 15 1395 5 
23 5 21 532 8 
8 17 24 2172 10 
15 25 13 1356 6 
23 23 24 2521 5 
6 11 16 57 9 
11 7 10 1641 6 
25 16 16 729 6 
18 11 9 658 4 
9 7 14 2546 1 
24 23 15 2202 3 
16 13 21 2750 10 
19 6 23 1833 10 
24 9 19 1446 10 
19 11 16 316 7 
13 20 18 3176 1 
21 22 5 1162 4 
21 25 21 3371 5 
6 23 6 2413 6 
20 16 16 1477 5 
12 8 9 408 8 
19 22 25 739 3 
12 14 19 827 8 
18 10 9 2636 10 
13 12 5 2363 6 
15 19 25 801 5 
5 18 15 99 6 
7 8 14 817 9 
15 14 21 3007 7 
10 22 12 3017 4 
25 14 20 1885 5 
19 24 15 2863 3 
9 5 11 863 6 
15 22 8 908 7 
6 20 18 1814 10 
7 9 5 2754 1 
24 15 7 2385 2 
11 21 22 2393 2 
17 7 24 1556 6 
10 25 18 3209 5 
10 11 15 1619 4 
25 17 15 1081 5 
6 12 23 294 10 
23 7 24 511 1 
6 8 21 561 5 
12 19 16 1174 7 
11 10 6 427 10 
17 19 6 1125 6 
23 13 17 2843 6 
21 24 13 908 4 
10 16 10 1987 4 
19 9 17 1175 8 
20 23 17 2786 1 
14 25 21 112 9 
21 20 19 2613 2 
16 12 8 2719 9 
16 10 21 1963 4 
8 21 21 894 1 
15 9 9 629 4 
23 12 19 178 3 
11 15 23 977 8 
8 22 18 2220 8 
18 8 13 1900 9 
11 7 13 3193 1 
8 17 16 109 9 
12 25 25 3293 10 
16 13 16 69 6 
6 8 16 656 3 
13 8 15 2677 9 
23 11 25 3133 10 
12 12 12 1269 6 
11 22 12 2659 5 
22 9 15 653 6 
16 11 5 2298 4 
19 15 24 1559 8 
12 25 21 2427 7 
12 8 6 2497 3 
8 5 9 2415 2 
25 6 16 1828 6 
17 17 8 469 4 
19 14 21 350 5 
20 16 10 2333 2 
25 21 6 1884 4 
20 25 12 3111 4 
9 12 22 1444 9 
8 17 21 3080 1 
12 21 11 2248 3 
6 18 10 2684 10 
21 5 13 2532 3 
9 22 6 2620 9 
25 6 6 1233 6 
10 9 23 2662 10 
15 24 12 2677 10 
13 22 22 254 8 
23 22 10 2176 3 
11 17 10 1100 1 
25 14 21 1531 5 
14 18 12 2354 7 
8 23 19 2044 3 
9 24 22 1456 10 
12 18 14 2723 5 
9 20 16 1296 9 
10 10 16 2252 6 
20 10 8 2738 1 
9 11 22 2497 4 
22 24 7 352 7 
15 17 18 979 6 
21 20 10 3210 7 
19 19 19 2306 8 
15 13 5 1858 7 
25 13 13 2737 1 
17 24 12 970 10 
18 6 8 3194 10 
12 20 20 846 8 
16 19 13 3068 1 
15 8 17 1507 8 
18 15 18 1407 5 
10 9 7 2149 2 
23 23 11 1864 1 
20 9 21 74 8 
18 13 17 207 3 
20 7 11 3367 9 
8 13 22 314 6 
25 13 18 2814 9 
12 7 22 1159 6 
17 10 8 547 1 
14 17 20 1893 6 
6 7 9 2840 7 
16 5 6 2549 8 
17 24 14 2115 2 
8 9 7 2805 6 
23 10 15 3204 3 
18 21 6 1607 8 
5 17 6 1688 1 
20 23 10 669 4 
25 16 11 3264 9 
17 19 19 2651 2 
21 6 18 139 2 
23 13 24 3092 3 
7 9 25 1334 2 
9 17 6 582 8 
17 20 9 2964 9 
13 8 11 3022 1 
25 13 16 387 2 
17 19 5 2641 2 
16 22 21 1571 3 
19 11 6 795 4 
6 10 12 2495 6 
15 9 24 3084 6 
25 25 17 1774 3 
6 21 19 2855 4 
24 10 19 2585 7 
25 25 14 2905 5 
20 10 23 3351 4 
19 7 18 1201 2 
20 5 6 3063 9 
8 5 13 51 6 
14 8 20 211 8 
21 20 5 1891 10 
20 22 10 1859 2 
23 12 18 2953 5 
16 15 18 2747 6 
12 19 15 1846 4 
21 12 5 2974 4 
14 15 19 2357 5 
19 12 8 2779 2 
18 24 7 3224 3 
22 18 20 3071 3 
5 13 9 2759 2 
6 17 10 1139 2 
18 6 20 2689 6 
23 10 9 486 6 
8 15 16 1719 7 
13 23 22 783 3 
13 20 14 988 2 
8 10 24 1149 6 
20 14 9 909 8 
14 10 10 396 7 
18 15 10 3188 3 
9 20 19 2478 3 
20 16 8 3199 3 
9 22 11 3242 6 
16 22 21 1941 4 
18 5 8 2845 1 
16 9 11 2369 8 
18 14 20 2283 6 
5 10 8 2132 2 
16 20 25 2430 5 
17 23 9 1367 6 
14 10 18 1998 2 
17 17 17 1974 9 
8 9 13 1710 6 
10 6 13 1713 3 
6 17 7 2062 8 
12 23 24 2923 2 
20 9 21 1856 7 
6 8 15 3143 6 
23 20 11 504 10 
24 22 11 1867 7 
23 5 15 2418 9 
18 22 12 2394 5 
17 6 15 188 5 
12 12 11 3055 10 
23 19 16 2206 4 
18 6 9 1224 9 
22 8 9 2923 9 
21 8 17 742 1 
9 6 22 798 8 
6 6 17 2907 2 
21 10 5 56 1 
8 21 22 660 7 
8 13 17 2002 6 
13 8 7 205 3 
18 13 10 177 9 
17 23 9 661 6 
10 24 9 749 8 
14 8 6 3372 3 
9 18 14 1542 8 
19 16 7 2099 7 
25 5 6 694 10 
8 7 24 2373 7 
24 17 6 2822 5 
8 19 18 2678 8 
20 22 15 3314 5 
13 16 7 1958 7 
23 8 15 2823 10 
5 20 7 1334 10 
21 9 8 905 1 
20 21 15 1961 5 
24 6 9 2171 5 
21 19 13 1333 6 
12 19 13 2137 10 
15 15 8 1535 4 
20 8 6 159 1 
17 8 22 505 7 
9 12 9 988 6 
5 21 14 2587 6 
16 20 10 2704 3 
24 23 12 1777 7 
20 11 23 1989 6 
5 9 25 1057 5 
17 18 20 1748 5 
7 19 17 1425 2 
13 23 13 1921 5 
16 21 12 2713 4 
20 11 14 354 9 
10 24 9 3231 2 
17 24 10 303 10 
13 9 19 3082 7 
24 25 16 1398 10 
11 16 6 2702 3 
11 9 12 2476 3 
20 19 22 2311 7 
17 24 22 525 2 
21 9 18 1290 7 
24 16 13 3181 9 
9 7 25 1047 6 
16 10 18 288 3 
20 24 13 508 4 
24 25 7 1382 10 
21 12 5 751 3 
16 13 25 1089 3 
11 13 20 2443 9 
6 10 17 722 1 
5 16 19 1996 7 
7 24 25 3146 10 
20 24 8 2799 8 
21 20 8 2018 7 
11 9 12 540 6 
10 13 19 1760 2 
9 6 14 3162 4 
6 12 14 2555 6 
6 14 19 2767 10 
25 15 13 440 1 
5 21 15 2887 10 
21 25 19 252 10 
15 5 8 1171 6 
7 18 16 2543 2 
10 17 15 569 10 
7 5 23 2928 5 
9 23 14 2562 6 
7 7 19 2175 10 
18 23 10 1557 7 
18 16 10 2649 4 
23 6 9 1126 5 
16 18 18 83 6 
25 7 25 1006 4 
13 16 18 3235 8 
16 11 15 691 7 
24 23 19 740 10 
21 17 9 265 2 
23 16 13 2858 5 
8 8 10 2432 4 
10 20 11 2322 8 
6 19 19 1959 3 
24 24 5 3352 8 
15 21 17 239 1 
16 25 15 871 8 
16 11 16 1015 10 
5 15 11 2475 3 
22 14 6 757 7 
22 21 15 429 9 
17 13 14 3018 8 
10 14 16 1894 1 
18 20 5 2683 10 
21 20 7 203 7 
7 23 11 1543 9 
15 18 8 1616 8 
5 17 23 1958 4 
22 23 15 1446 10 
8 17 10 39 7 
9 11 16 670 7 
14 14 24 1921 10 
13 18 14 3036 3 
24 25 12 471 7 
10 24 12 912 9 
24 11 10 2913 7 
25 6 24 806 8 
14 22 11 2104 7 
5 18 6 2794 8 
21 13 5 1058 9 
12 7 11 1540 1 
6 6 17 1032 3 
10 9 7 3139 4 
14 8 23 685 4 
21 7 9 2491 7 
9 17 23 297 6 
14 24 12 1691 10 
12 22 6 1298 6 
22 23 16 2515 1 
12 7 15 969 9 
19 12 24 405 4 
12 15 22 2981 3 
12 10 16 3294 5 
21 12 19 2932 1 
19 22 5 1485 5 
16 11 19 572 9 
19 20 10 1738 1 
15 20 11 1904 3 
19 14 12 3030 9 
7 16 10 2333 9 
20 22 8 1895 5 
13 13 11 1836 2 
21 19 8 3374 9 
13 20 12 1299 7 
14 23 24 2718 10 
16 10 13 2185 7 
5 10 23 801 8 
5 23 9 727 10 
5 17 14 1182 7 
7 14 6 1843 8 
23 21 14 1170 4 
