350
21 13 10 1804 7 
5 16 13 1867 7 
16 25 25 683 7 
19 14 10 1633 4 
19 19 13 1552 1 
15 22 20 2044 2 
14 17 24 2295 6 
25 5 5 2575 7 
17 22 11 2524 9 
19 12 22 1808 1 
25 25 5 1481 8 
18 9 13 2594 5 
19 8 12 314 5 
19 23 22 676 10 
23 20 8 1258 2 
18 18 10 255 2 
12 6 23 2304 8 
5 17 16 2512 10 
25 17 6 610 7 
12 16 16 1511 4 
20 14 21 1663 6 
7 9 6 1544 9 
15 8 25 481 3 
5 21 10 515 3 
19 8 20 727 9 
23 22 12 2222 1 
12 23 10 1789 6 
14 20 5 699 2 
6 13 21 1986 8 
16 14 12 1187 9 
14 15 22 427 2 
25 22 9 1935 8 
24 18 11 795 8 
16 15 17 201 10 
14 12 20 1089 5 
22 8 19 1224 5 
11 24 16 81 7 
16 20 6 1901 4 
10 11 8 1876 8 
9 19 8 1833 3 
16 5 7 1749 7 
10 24 7 181 4 
16 22 10 968 8 
14 10 21 1042 1 
13 14 21 1942 10 
11 13 16 2506 4 
12 8 5 1015 6 
20 13 20 2611 3 
12 21 12 1069 10 
18 19 15 1214 3 
5 9 6 1497 9 
15 16 13 1439 6 
12 25 24 1036 6 
20 14 25 2092 7 
14 12 22 206 6 
23 5 20 608 9 
24 9 21 2392 1 
25 21 18 1114 10 
23 21 11 2125 2 
13 9 14 2083 2 
23 17 25 2024 4 
19 21 6 907 8 
9 15 24 161 10 
17 19 7 2364 2 
17 12 24 1476 2 
13 6 16 943 5 
15 10 24 1915 4 
13 20 20 1107 8 
24 9 20 1924 2 
25 23 23 969 3 
15 5 25 2028 8 
5 8 22 2484 10 
25 7 7 2284 1 
24 13 19 1099 9 
21 16 20 1551 6 
17 12 17 896 1 
7 6 12 2441 6 
16 8 20 218 4 
21 12 13 2594 8 
16 13 7 885 8 
17 23 16 2225 5 
23 19 17 1200 8 
21 17 23 135 6 
18 25 20 1021 7 
23 16 6 549 4 
9 5 5 105 6 
21 12 10 831 7 
17 11 7 1593 7 
12 16 19 2566 6 
16 15 23 2238 9 
14 15 8 2573 9 
11 22 17 1058 9 
12 11 6 818 4 
6 5 18 2188 9 
21 15 20 2018 5 
6 20 20 484 8 
21 17 19 2616 6 
13 9 6 41 4 
14 19 24 552 8 
24 20 13 883 5 
14 23 17 184 3 
9 8 21 1973 9 
13 21 7 647 7 
18 5 18 60 10 
18 7 16 287 2 
19 19 19 1325 2 
21 11 12 2330 6 
16 18 7 1080 10 
20 19 20 377 8 
16 14 9 912 6 
23 22 19 2419 7 
20 25 24 1410 5 
10 19 8 1320 1 
25 18 9 894 3 
8 20 19 1723 6 
7 5 22 1669 4 
24 18 7 2323 5 
17 9 23 1392 3 
15 19 7 1485 4 
21 17 9 1489 7 
16 25 14 85 10 
5 24 14 1911 7 
21 7 8 1570 4 
22 25 7 1147 3 
10 11 20 2610 10 
10 10 22 1009 1 
24 20 12 1194 7 
11 13 8 838 7 
24 20 25 1142 7 
15 19 15 2497 7 
25 20 23 970 5 
7 8 8 830 5 
25 6 25 2520 10 
20 8 14 365 8 
9 22 15 743 3 
14 25 21 2589 4 
8 6 18 2284 10 
11 11 6 737 5 
19 23 10 1227 4 
13 11 20 1472 6 
13 17 15 541 5 
5 13 18 1586 8 
19 10 17 2148 1 
25 18 25 1950 1 
20 8 6 902 8 
15 6 19 2371 9 
14 15 9 1576 1 
16 10 23 371 2 
16 10 5 568 7 
13 15 20 312 4 
5 17 20 1846 7 
8 24 17 907 4 
20 23 21 324 7 
23 25 20 485 9 
7 13 18 693 2 
13 14 21 1009 2 
17 25 5 2059 5 
20 21 8 1777 8 
20 19 11 300 4 
17 21 7 1968 5 
17 21 23 197 5 
20 11 10 464 4 
10 17 16 2296 10 
17 8 17 1284 10 
23 21 5 2331 4 
16 22 6 1119 4 
25 12 14 2081 8 
6 18 21 126 1 
9 15 23 2183 5 
24 12 22 767 9 
5 10 15 695 5 
6 15 9 1299 3 
21 24 6 1943 9 
7 16 14 2446 4 
23 18 25 627 1 
6 24 19 191 4 
15 19 16 1488 9 
23 23 11 1799 9 
18 5 10 1132 7 
8 5 24 2463 2 
12 22 17 343 6 
10 10 11 837 2 
5 17 10 1577 9 
25 10 9 1869 10 
22 22 25 960 8 
22 9 8 610 8 
24 5 9 1382 4 
19 8 14 2573 3 
11 9 21 868 10 
25 11 5 2516 4 
21 10 10 2624 4 
8 14 25 813 5 
16 18 23 2189 10 
17 19 20 1870 8 
15 16 15 1241 1 
15 10 5 1829 6 
20 22 10 1060 4 
8 25 18 1060 3 
9 16 6 2150 8 
14 5 17 836 6 
13 18 23 440 3 
11 21 13 2097 6 
22 19 10 2605 9 
18 17 8 1142 5 
5 18 13 2410 10 
18 16 5 1308 10 
17 10 20 2325 9 
9 11 21 2275 9 
18 18 17 2213 10 
14 8 22 2600 9 
14 22 6 945 5 
9 16 23 2119 8 
18 19 19 2574 2 
13 19 6 1460 2 
18 10 25 1087 3 
9 11 15 246 1 
19 10 16 127 8 
11 12 5 1486 8 
19 16 21 2579 9 
5 14 11 582 5 
10 22 7 684 6 
7 19 9 1023 6 
16 25 15 490 9 
13 22 20 540 9 
7 9 25 1398 1 
12 21 7 1089 8 
23 9 10 293 5 
7 12 22 1029 7 
17 12 24 238 10 
17 25 16 831 9 
6 9 19 600 4 
22 10 12 183 7 
11 15 15 88 3 
16 11 25 2181 3 
10 8 7 2477 7 
17 7 19 268 7 
11 21 7 877 6 
13 13 23 1066 9 
25 21 13 1181 5 
9 21 13 65 5 
24 12 21 1307 4 
22 8 8 1802 5 
24 10 7 366 6 
23 16 15 648 6 
16 20 12 1576 6 
19 20 6 1390 10 
22 21 5 1425 6 
5 25 11 1009 1 
10 14 13 1862 7 
22 19 17 294 10 
20 9 12 851 9 
18 25 6 321 5 
18 11 19 940 8 
15 13 14 895 3 
9 21 19 1331 8 
10 24 8 2514 2 
9 10 17 1764 4 
23 5 6 815 3 
19 14 25 1692 2 
10 19 10 1780 5 
14 23 15 877 2 
8 16 18 498 3 
24 6 14 1200 1 
22 13 12 2488 2 
9 15 10 1037 9 
13 25 9 2266 10 
8 19 20 2104 3 
7 21 8 2476 3 
25 22 18 88 7 
12 22 13 1289 5 
11 21 6 889 5 
14 6 7 1731 5 
13 9 25 1641 4 
18 17 11 227 9 
20 21 6 2305 6 
22 22 25 885 5 
8 8 17 2065 3 
6 23 23 965 3 
5 23 8 1229 9 
16 16 6 2145 7 
6 21 15 277 5 
14 10 16 1999 3 
16 14 23 2121 5 
15 24 7 2508 9 
15 10 11 1188 9 
14 13 24 2068 6 
19 15 25 744 6 
10 7 16 280 4 
19 22 18 66 8 
20 21 7 1668 8 
10 21 6 2543 1 
18 22 21 1761 2 
15 10 18 1646 9 
11 16 14 52 5 
6 14 9 323 4 
9 22 8 1024 3 
7 17 17 1846 2 
20 21 5 1131 2 
9 18 21 1718 8 
12 14 14 2440 10 
8 8 17 2254 8 
7 22 9 1550 5 
25 19 18 934 7 
8 8 15 1723 1 
22 25 10 946 5 
22 18 16 820 8 
17 20 6 2180 4 
9 11 6 2581 5 
6 15 24 899 2 
16 17 22 1748 5 
9 5 15 1869 7 
11 24 21 1423 1 
17 6 17 1023 6 
14 7 16 531 6 
22 22 15 2253 1 
6 10 9 2455 6 
24 19 7 849 6 
12 21 10 2433 2 
18 19 20 986 3 
10 22 25 587 7 
16 20 17 1076 3 
18 6 15 1627 5 
8 12 24 720 3 
8 9 7 1181 9 
21 23 22 2242 7 
7 20 15 934 1 
14 12 14 499 9 
15 10 5 33 4 
11 15 21 726 3 
14 21 5 2249 5 
17 25 9 944 3 
24 16 18 912 8 
22 10 18 2051 10 
22 5 17 70 9 
14 21 6 309 1 
21 18 15 275 4 
10 5 17 772 9 
25 19 21 1014 2 
19 14 24 585 8 
22 11 21 1585 6 
5 8 11 1438 10 
23 24 22 592 1 
20 12 20 259 7 
24 13 17 2343 9 
13 17 19 2600 5 
17 14 22 587 1 
25 19 23 698 9 
23 11 9 269 7 
10 14 25 2559 9 
18 6 16 685 8 
