400
8 182 221 5
9 1317 1359 8
12 1132 1151 7
15 1637 1689 5
13 3790 3822 6
12 2598 2617 2
15 410 446 5
11 632 677 10
9 917 944 5
12 3113 3148 2
12 465 509 4
10 1028 1078 5
10 2013 2035 2
12 3695 3749 9
6 2615 2656 5
15 1213 1255 6
14 2119 2163 8
13 3217 3270 10
15 922 956 5
11 2062 2083 3
13 2301 2353 9
8 1934 1957 5
10 2443 2489 2
8 1248 1261 7
12 562 605 6
7 2415 2440 10
13 2771 2791 5
14 454 487 8
6 343 378 3
8 2313 2354 5
8 528 546 9
8 2252 2267 10
13 2047 2092 9
8 1541 1586 6
8 339 355 9
12 2968 2988 2
6 2714 2741 8
15 3383 3403 8
7 3415 3432 5
9 3796 3829 2
7 3474 3520 9
12 2041 2087 10
10 3616 3670 4
10 3681 3693 2
6 2460 2488 7
9 3160 3202 9
11 2310 2325 3
10 2677 2723 9
12 1626 1663 8
13 2535 2559 7
12 102 117 7
8 1265 1274 9
7 2563 2573 1
9 3517 3558 5
12 2374 2399 1
11 1601 1652 3
10 2152 2185 3
7 1555 1580 10
12 1768 1800 4
7 1219 1265 4
15 3092 3112 1
6 938 962 1
6 3473 3499 8
8 2487 2539 7
13 272 307 3
11 3593 3608 4
15 3617 3634 3
12 523 536 2
9 316 330 10
12 3317 3353 4
9 1302 1314 4
13 729 782 7
15 1759 1780 4
15 1222 1262 5
11 828 859 8
11 1202 1238 7
9 2433 2474 5
9 1216 1247 8
9 341 389 2
9 333 362 4
8 3741 3780 3
10 1563 1595 5
10 1990 2035 2
15 116 155 1
9 2624 2655 2
11 1944 1960 8
13 6 47 10
6 2495 2534 7
15 3312 3355 1
12 2634 2660 8
8 841 866 9
8 3768 3794 7
11 699 743 10
15 2913 2964 10
9 1101 1131 5
10 1412 1428 8
6 3186 3214 3
7 459 505 4
12 481 522 8
13 821 874 6
6 1328 1371 8
13 964 997 8
14 2613 2656 10
14 851 894 10
14 0 31 9
11 1305 1347 7
11 3743 3795 2
12 1632 1673 3
6 919 963 2
8 2915 2957 7
15 1108 1139 4
8 3573 3593 8
9 2115 2166 1
14 66 106 6
14 767 807 8
15 2431 2456 1
15 3320 3349 1
8 2920 2950 9
10 648 681 2
12 3251 3272 8
9 2493 2509 4
11 291 311 7
10 729 748 9
15 408 442 7
14 3053 3095 9
9 2176 2210 8
12 1420 1456 10
7 3188 3229 7
6 3348 3386 2
8 2046 2079 2
14 2880 2924 1
13 1557 1608 2
15 1945 1994 9
9 729 761 6
10 243 287 8
6 2580 2618 4
11 1139 1155 4
13 2042 2075 5
6 1560 1592 2
8 36 50 8
12 3568 3585 4
8 2412 2444 10
9 3777 3830 4
11 929 977 3
10 572 626 8
8 3705 3743 8
15 1933 1969 6
7 859 874 9
6 1682 1730 6
8 1265 1277 4
10 719 730 6
6 713 727 9
9 931 959 7
12 2848 2879 4
6 305 339 3
9 1871 1917 2
15 2340 2375 1
13 2701 2741 5
6 1637 1645 4
10 590 611 5
15 3289 3321 7
11 2884 2907 7
9 1864 1873 6
11 3478 3533 3
6 2309 2350 6
11 2953 2983 3
8 351 382 9
13 2228 2277 4
6 1932 1950 5
15 3596 3628 6
6 131 144 9
8 2682 2730 3
12 2542 2589 3
10 3215 3238 4
12 3662 3707 5
15 3656 3699 1
7 1424 1435 1
9 3770 3812 6
15 815 838 4
15 1294 1323 8
13 3064 3113 1
7 2589 2606 9
10 335 375 6
12 47 70 4
14 509 546 1
12 419 432 10
9 250 289 3
14 2385 2418 8
10 478 517 5
9 3417 3467 1
14 1894 1935 8
9 3624 3647 8
12 3665 3706 1
10 868 879 10
7 2936 2965 2
12 2699 2719 8
7 1564 1596 5
8 1607 1655 6
12 2408 2455 2
11 3542 3578 2
14 3202 3244 4
13 83 128 4
15 3055 3100 10
9 2507 2525 6
12 2942 2956 3
10 1872 1903 10
14 2605 2657 6
9 1473 1482 8
6 3543 3570 9
11 542 571 6
6 2014 2036 2
13 3135 3156 8
13 423 476 4
13 550 595 4
6 964 1000 5
7 1144 1177 5
8 640 655 1
9 3272 3287 1
15 2825 2870 6
13 1173 1197 7
11 2716 2728 4
15 1391 1417 9
15 1061 1089 2
13 3376 3421 9
14 1580 1611 1
7 2525 2549 7
13 1302 1331 1
8 255 299 6
11 1909 1964 9
9 288 338 8
14 3058 3082 8
6 1194 1227 4
11 3008 3046 7
7 1200 1221 2
6 2800 2809 3
12 3313 3358 10
11 2658 2696 8
13 755 807 7
15 1661 1692 9
8 1668 1695 7
14 922 945 5
14 1955 1986 3
11 1687 1732 2
10 2336 2362 10
9 888 913 10
14 182 208 5
12 2006 2052 10
7 289 338 6
12 1144 1178 1
10 222 268 10
13 1070 1102 4
11 1573 1621 2
8 3372 3402 5
7 3278 3308 9
11 175 215 1
11 2558 2606 10
14 1128 1146 9
7 178 225 8
15 2931 2982 7
9 1004 1024 3
10 614 655 1
9 2702 2724 8
14 2453 2490 7
8 2150 2198 8
9 2421 2468 7
11 893 941 2
12 265 318 2
15 2940 2968 9
9 1771 1814 9
7 878 911 9
7 2263 2272 4
8 655 703 9
15 863 890 3
7 2511 2558 5
8 917 955 9
9 2761 2774 1
6 2340 2384 10
7 3538 3565 9
11 1775 1792 10
15 1491 1521 6
11 82 115 5
10 2958 2996 3
14 2302 2330 6
10 660 682 7
13 2667 2682 5
15 1686 1708 3
10 1277 1290 10
12 2970 2994 4
15 110 154 3
13 3359 3408 4
8 1007 1053 2
7 2656 2690 7
13 661 681 10
9 1008 1036 3
10 2550 2579 9
8 1214 1249 2
7 2015 2062 8
10 289 336 7
12 1905 1942 8
15 1035 1076 3
8 2279 2294 9
13 423 441 10
12 3311 3360 1
12 2211 2267 2
12 60 76 6
12 3309 3344 6
9 1425 1456 1
10 2776 2815 1
13 3237 3279 5
8 841 869 6
8 2915 2936 7
8 2819 2856 3
7 998 1023 9
10 598 641 3
14 3540 3563 1
12 1197 1233 2
6 3237 3276 6
9 2671 2724 1
14 2643 2701 4
7 1360 1404 1
14 3694 3750 1
7 2091 2116 8
6 1237 1278 2
14 914 962 5
15 1341 1387 3
10 504 538 1
8 3695 3716 10
11 2191 2234 1
13 3182 3201 6
12 3734 3767 1
10 3428 3463 8
11 2243 2269 3
12 3747 3761 2
9 1248 1296 1
14 3553 3605 10
9 2102 2128 5
15 381 417 10
8 2178 2187 5
14 2393 2424 8
7 2666 2711 9
8 3776 3789 9
14 3734 3761 4
11 3315 3368 6
15 3558 3579 10
11 1837 1870 9
12 1749 1790 4
9 2208 2255 10
12 3325 3350 7
14 1875 1895 7
6 1387 1413 4
13 2233 2246 9
14 1176 1191 8
9 3282 3316 1
8 2278 2327 6
10 2675 2725 6
13 2433 2449 6
6 1513 1533 4
6 47 79 10
9 2953 2974 2
14 2436 2460 6
14 3013 3051 10
11 829 863 3
6 834 866 8
13 780 836 10
8 736 774 2
7 451 486 6
7 698 733 5
15 1265 1320 4
11 2469 2508 6
7 3170 3204 4
9 2001 2054 10
13 1231 1260 3
10 2949 2969 5
7 1134 1174 6
8 1923 1966 4
10 1086 1128 9
8 780 815 9
10 3289 3330 9
9 2375 2411 10
11 3747 3770 4
14 1203 1226 2
10 625 659 10
11 2431 2468 2
6 1198 1227 5
8 1614 1662 1
12 1374 1408 7
10 3614 3666 5
15 261 300 6
6 1695 1705 4
6 2926 2943 3
7 2863 2876 5
8 1762 1786 2
10 1388 1436 7
8 3766 3806 8
10 1184 1207 6
6 3082 3090 9
8 2153 2195 5
6 106 145 5
10 3715 3746 6
14 1159 1182 8
