50
9 40 55 6
13 156 191 1
9 278 321 1
9 309 349 3
7 221 260 2
14 380 419 8
7 301 310 3
8 202 213 8
14 300 320 2
8 68 79 5
12 73 127 6
9 85 120 10
7 397 414 3
12 226 241 6
13 251 277 9
12 280 315 5
6 139 156 2
15 254 305 5
10 428 456 10
14 259 280 7
11 456 509 7
10 76 116 2
11 87 138 10
15 22 42 3
7 401 418 9
8 13 61 6
15 384 442 1
12 376 396 7
15 319 349 5
8 354 389 7
12 61 98 3
13 437 490 8
14 363 396 4
15 165 180 3
11 94 142 5
15 123 178 2
10 415 467 5
10 104 141 9
7 3 21 3
14 423 480 5
12 250 293 10
10 153 167 2
10 0 52 2
13 455 502 9
7 239 269 6
12 106 160 6
7 318 367 9
8 190 223 7
14 109 137 1
10 466 480 3
