100
6 562 594 8
15 641 671 2
13 649 675 8
11 889 922 6
9 743 785 3
12 430 452 7
6 288 302 3
15 634 658 2
13 926 943 2
14 334 367 5
12 39 67 1
13 713 755 10
9 137 154 10
14 675 725 9
8 96 127 10
7 417 437 3
15 443 499 6
8 161 192 1
9 6 20 2
13 914 941 6
13 471 484 4
7 445 486 10
9 411 428 6
11 293 347 6
13 346 390 4
7 524 569 3
12 658 684 7
12 44 57 1
10 538 580 4
15 764 823 3
11 441 467 9
12 176 231 2
13 56 88 6
8 119 130 3
14 739 754 8
15 599 621 1
10 328 338 1
14 911 953 5
10 598 638 5
7 755 793 7
8 888 920 8
12 560 587 7
9 512 545 7
7 770 817 4
15 518 542 2
7 219 249 3
9 523 550 5
10 767 802 2
15 43 73 3
12 891 929 2
13 853 899 5
6 700 706 3
10 554 600 4
9 371 397 3
13 360 416 10
11 375 397 1
14 591 633 5
13 810 823 2
7 140 161 6
15 837 874 2
12 708 729 3
15 948 969 5
13 574 601 9
8 369 415 5
8 554 562 6
10 125 140 9
11 701 746 1
12 82 106 1
12 422 451 9
12 462 499 1
11 941 986 9
8 796 835 4
9 0 46 8
13 540 588 6
15 113 138 2
14 63 104 10
9 705 722 3
8 136 188 3
10 851 892 9
12 526 572 10
8 604 630 9
8 340 390 4
15 623 652 6
14 872 903 1
15 863 887 7
11 134 175 4
10 273 286 8
14 135 161 2
12 185 198 9
8 898 946 8
7 293 318 9
14 841 876 1
8 658 674 1
7 527 563 3
9 444 474 7
7 881 922 8
9 556 570 2
9 723 747 8
12 99 144 10
15 703 737 4
