150
15 826 864 1
7 449 457 7
9 515 539 6
8 264 273 10
8 1097 1149 7
7 376 414 8
15 41 94 5
8 336 361 8
6 1039 1053 8
10 67 80 10
10 465 490 3
10 22 42 3
8 152 202 7
14 736 756 2
7 63 80 4
12 319 356 9
10 18 40 9
15 991 1047 7
14 281 306 7
14 1385 1399 4
10 580 630 1
14 1353 1403 1
14 1114 1163 5
10 745 793 10
15 1051 1076 6
7 511 534 8
10 1343 1375 9
15 26 61 6
8 904 937 1
11 292 315 8
12 695 746 7
6 1272 1315 8
10 1050 1084 2
11 190 204 2
13 875 898 9
14 728 754 8
15 1217 1236 4
14 846 860 2
12 73 94 8
15 1325 1383 9
14 695 742 4
12 1343 1382 6
7 773 823 9
10 496 512 3
9 493 533 5
7 989 1029 8
14 1130 1174 3
9 595 619 3
6 636 677 9
15 251 280 4
13 777 799 9
14 133 179 10
12 153 201 6
8 348 374 3
6 360 379 5
15 759 790 4
10 118 145 2
12 785 819 9
14 1356 1391 8
13 1020 1048 6
8 452 460 9
9 5 45 3
13 3 18 7
9 375 397 4
7 1391 1414 8
9 626 675 8
15 144 166 1
9 361 393 10
8 474 499 9
9 333 346 2
11 608 657 6
9 625 670 7
13 868 921 1
7 513 526 7
14 760 774 4
8 455 483 7
7 930 973 10
6 251 271 8
15 519 562 5
10 1051 1089 9
12 1056 1089 7
8 313 339 9
7 1360 1388 5
11 329 371 3
10 1168 1214 6
7 1284 1296 8
9 1126 1139 9
13 140 174 7
13 1238 1282 6
11 199 235 1
12 1119 1147 3
6 469 517 8
11 975 1000 6
15 1000 1032 3
8 767 777 8
6 493 502 10
13 1096 1116 7
15 741 785 9
10 1393 1415 9
10 1358 1407 3
13 109 138 8
11 292 339 4
6 1069 1089 1
9 1364 1397 7
6 1036 1066 10
10 333 385 3
10 57 107 3
13 651 688 5
13 506 523 10
14 943 977 8
15 404 419 10
6 550 561 8
12 774 803 2
8 1357 1390 4
14 879 926 4
8 1269 1283 8
13 1268 1290 3
8 453 498 4
7 1399 1430 9
8 766 790 8
7 1041 1090 6
8 1027 1060 9
10 1122 1174 5
9 280 330 9
6 553 559 9
11 32 68 5
7 1199 1216 5
7 489 509 10
13 685 736 2
7 924 947 2
15 1052 1099 3
10 495 543 10
10 781 833 6
10 139 187 3
9 920 941 8
9 314 348 8
12 463 501 6
6 411 429 1
8 451 477 9
13 225 260 6
10 293 347 5
6 1028 1036 2
8 483 503 8
8 1159 1185 1
7 1287 1326 10
8 435 446 6
14 838 870 5
10 709 727 6
8 1277 1291 6
14 1124 1166 3
