200
12 709 724 1
15 212 229 8
8 1705 1733 1
6 977 1023 3
9 964 1014 2
6 144 193 8
14 972 1029 5
15 422 442 5
8 704 743 1
8 1790 1827 3
14 1865 1880 1
9 1713 1741 6
15 646 673 2
6 85 99 9
11 124 165 5
12 1048 1095 2
13 246 294 7
11 1108 1130 10
8 920 946 5
7 298 317 7
7 1872 1915 1
9 1694 1744 9
15 1127 1159 2
7 452 497 3
7 876 907 2
14 110 161 8
11 1167 1217 1
8 654 674 9
11 1405 1437 2
15 244 285 6
8 273 301 8
14 1697 1735 2
15 1046 1091 7
12 1762 1791 9
8 1519 1549 10
12 1002 1057 6
15 1487 1529 8
9 1531 1575 8
8 469 518 4
15 441 495 7
9 1036 1083 1
6 823 848 8
13 1407 1422 7
8 870 883 7
7 1666 1685 8
14 1649 1706 2
6 1727 1768 6
11 639 665 2
12 1403 1436 8
15 698 755 10
7 457 474 6
9 349 387 8
11 232 277 2
6 186 200 1
14 256 288 1
6 125 163 7
8 1175 1204 7
10 1037 1090 4
6 947 974 3
13 556 578 3
11 295 308 6
9 1245 1261 3
10 74 108 8
9 104 147 9
11 1627 1659 10
9 1813 1824 9
12 335 354 6
8 1046 1059 3
10 868 898 4
11 1271 1320 1
14 77 108 2
6 976 1000 4
14 998 1049 8
6 471 501 1
9 17 41 2
7 1663 1683 4
12 1031 1082 4
8 299 335 8
11 1537 1583 7
10 1098 1132 10
9 1104 1122 10
12 1645 1698 2
11 1807 1826 7
15 658 685 1
15 636 690 10
11 791 818 4
7 1161 1178 6
12 52 99 5
8 240 278 10
14 1058 1085 9
7 1472 1484 5
15 29 88 3
6 1180 1230 4
9 636 665 9
8 1262 1301 7
14 1469 1523 6
9 922 960 10
14 1363 1418 9
7 988 1014 7
14 304 334 3
6 393 429 8
15 962 978 1
13 746 762 7
11 132 151 10
6 911 953 4
6 1536 1546 3
14 1556 1583 7
15 633 666 1
8 801 818 3
10 1506 1519 3
10 1215 1261 5
6 1383 1429 7
8 1304 1339 9
9 1578 1630 1
10 34 88 5
9 1677 1727 9
12 129 179 8
6 483 517 6
12 758 794 7
9 1404 1433 7
12 723 761 3
14 123 139 4
7 1350 1377 9
12 1706 1745 5
9 542 570 5
11 310 336 1
8 1299 1329 4
12 1170 1197 10
7 483 503 5
8 1210 1237 10
12 1478 1498 2
14 323 344 2
13 337 352 4
12 181 206 6
9 711 737 1
7 410 439 6
7 1577 1613 6
13 1467 1516 8
13 963 978 1
10 619 654 10
15 601 643 7
12 1397 1440 9
11 489 516 10
8 1579 1627 4
11 1439 1450 3
6 1223 1244 8
11 601 632 5
12 852 871 6
14 277 300 3
10 830 842 2
6 721 759 5
11 318 330 8
11 1753 1769 8
10 1633 1671 4
15 1075 1114 8
7 831 868 1
12 1560 1606 9
15 1186 1227 8
10 329 345 8
9 1017 1069 3
7 1069 1088 9
15 1491 1526 4
11 1335 1376 7
12 1698 1743 9
15 1194 1246 1
12 1704 1746 1
8 892 937 1
13 836 863 8
15 981 1010 7
8 567 587 4
14 1035 1080 9
9 1696 1740 2
14 135 179 9
14 1413 1441 7
10 96 110 1
8 537 571 8
11 649 676 3
10 1773 1795 6
11 469 483 4
13 1897 1920 10
15 453 500 7
7 1882 1906 10
13 327 350 7
8 723 743 5
13 1750 1801 2
12 1849 1899 1
12 877 918 5
11 362 381 9
9 407 449 10
9 954 1007 10
6 442 489 9
7 343 351 1
14 781 826 4
10 1461 1488 8
11 725 777 1
6 1254 1262 2
12 1304 1352 5
6 706 727 3
12 1705 1728 7
14 971 1001 4
