250
6 1624 1658 5
14 768 825 7
13 688 719 7
7 718 757 4
6 739 777 7
7 508 523 4
15 649 696 7
11 687 725 3
14 1545 1595 9
10 1081 1122 1
11 1888 1943 10
7 103 146 2
10 961 1006 7
6 41 70 5
9 2312 2362 7
15 1296 1344 9
14 1540 1567 6
13 1709 1762 8
14 2257 2277 6
15 267 312 9
14 1147 1168 9
7 1399 1432 3
11 1909 1948 2
11 1906 1952 5
7 671 691 1
11 1859 1890 2
11 1574 1589 4
8 1467 1500 3
12 270 306 10
13 257 273 5
9 1741 1786 10
7 1573 1600 6
10 1253 1270 5
7 1513 1529 10
9 746 785 6
9 1608 1645 8
11 562 602 6
13 1931 1958 3
10 1939 1984 3
9 361 377 7
6 275 312 6
14 110 149 4
11 2148 2191 4
9 647 674 7
15 1006 1032 1
9 623 663 6
6 887 897 5
12 1676 1705 8
6 1902 1918 9
6 373 397 3
7 508 544 8
12 1937 1973 4
13 383 404 6
10 1465 1501 1
9 293 324 1
6 302 325 1
13 2150 2201 5
7 2291 2314 3
14 1875 1928 7
15 1095 1124 8
7 2108 2137 1
14 2372 2426 1
8 435 459 10
13 1902 1946 7
11 1668 1692 7
9 1713 1749 10
15 956 995 3
12 1145 1157 3
14 262 281 7
6 2121 2132 1
15 981 1033 5
13 184 230 1
6 428 464 10
12 1167 1192 2
13 881 934 1
12 955 986 8
10 625 659 9
14 1865 1901 9
6 1711 1719 10
8 288 296 1
13 1907 1957 8
12 1054 1073 2
12 1187 1207 10
10 423 448 4
11 154 185 7
13 250 280 5
6 323 358 7
8 498 507 2
14 34 74 3
12 1798 1814 1
10 1174 1220 2
13 1312 1343 10
6 1111 1138 5
10 1185 1212 1
11 214 268 2
7 6 43 9
10 1327 1353 1
14 1196 1219 5
10 2106 2160 4
11 1532 1583 2
7 2012 2054 4
10 1591 1630 7
9 753 792 2
14 1643 1676 2
13 1463 1516 8
11 340 352 7
7 1644 1657 9
7 2324 2331 5
15 368 413 6
11 1852 1906 7
6 687 728 9
10 118 165 1
14 170 198 10
13 1223 1272 4
10 472 496 10
14 343 380 6
15 2210 2238 3
7 772 819 8
7 1461 1479 10
12 133 170 4
12 760 808 1
13 2178 2215 8
12 29 44 3
9 1940 1962 3
13 667 698 2
11 440 485 7
6 843 888 7
8 2170 2191 5
10 1924 1968 5
7 41 49 4
8 2257 2296 7
13 731 747 5
13 2179 2221 3
10 1293 1312 3
6 1579 1621 9
13 2196 2223 6
9 131 174 10
14 174 208 10
6 471 491 7
8 901 909 9
7 1065 1076 1
9 601 614 2
6 1035 1051 8
6 610 653 3
15 1165 1207 3
13 1551 1585 4
9 1475 1505 2
11 851 896 5
13 1513 1564 6
13 2205 2248 6
7 2227 2249 2
10 396 439 8
12 1227 1268 2
14 1871 1896 1
13 133 160 7
13 1796 1838 1
10 1928 1950 2
6 273 318 4
9 385 420 1
13 2355 2379 1
13 237 293 2
9 666 675 3
13 2150 2203 3
14 2364 2409 8
9 2150 2191 4
12 1710 1752 9
14 145 199 4
15 2103 2153 10
7 2129 2151 9
14 1309 1355 9
11 223 259 9
12 2244 2292 4
13 1167 1194 5
14 523 550 7
13 1556 1603 10
14 1899 1927 10
9 1618 1656 6
13 1743 1794 7
7 470 511 6
15 481 525 8
12 866 894 7
13 2048 2070 8
8 1447 1468 8
13 994 1023 8
13 959 1013 4
14 89 126 3
15 715 763 4
6 2052 2085 10
6 266 280 10
8 1470 1498 8
14 2309 2338 1
15 1910 1954 3
13 1338 1353 6
6 266 283 6
13 2140 2185 1
8 243 272 8
14 239 253 2
14 2283 2335 9
15 294 331 6
15 215 231 6
8 505 522 8
9 2113 2137 6
12 1071 1119 8
9 1802 1827 10
11 787 823 5
13 110 128 10
10 1069 1083 7
6 1880 1893 5
9 1906 1936 6
11 48 99 4
6 181 228 7
9 819 865 1
8 1492 1527 3
11 854 909 5
9 2034 2084 7
12 368 385 2
9 1540 1563 2
15 199 214 9
15 2276 2304 6
8 373 424 3
7 1082 1117 9
12 1007 1024 10
6 529 546 8
13 1503 1559 8
14 941 980 2
6 146 154 7
10 405 453 10
10 2311 2330 4
6 1798 1826 1
15 1361 1387 4
12 1139 1178 2
8 272 293 8
11 1561 1614 9
10 1135 1161 8
9 851 860 8
13 723 776 9
12 1188 1203 8
7 236 264 9
9 1685 1701 1
12 1438 1470 2
15 778 818 4
9 873 913 3
6 1780 1792 9
12 82 113 10
10 52 79 7
8 1283 1305 9
12 1823 1846 5
15 842 875 4
13 1180 1237 1
10 1610 1647 7
