250
16 839 870 11
6 1076 1090 4
5 643 679 13
9 717 726 1
10 3089 3110 8
11 938 958 12
12 1845 1873 11
8 1443 1452 4
9 1883 1923 6
18 110 154 2
5 3169 3183 7
10 1260 1292 7
8 1849 1861 1
13 2076 2132 2
12 121 137 7
13 2734 2747 9
13 2535 2550 1
11 1400 1456 9
6 2744 2774 11
16 1712 1775 7
13 1092 1108 1
9 3285 3311 7
8 2871 2894 6
14 3231 3248 6
8 1835 1857 14
17 936 974 5
11 3076 3104 11
9 2007 2028 4
16 1098 1142 10
7 948 1000 12
9 2643 2658 3
9 1414 1452 1
18 1152 1208 7
11 1606 1655 12
13 2668 2688 2
7 1190 1233 13
11 3035 3050 1
15 489 523 5
11 300 323 13
6 506 547 8
16 3405 3435 14
9 1737 1750 13
18 130 194 9
19 1911 1972 14
7 182 235 13
18 1543 1570 12
15 3359 3411 12
17 1382 1440 6
5 3031 3079 9
16 3681 3699 14
18 2334 2362 1
11 474 502 13
5 2157 2208 1
5 2044 2082 7
5 274 316 3
8 2165 2191 9
6 2693 2699 14
14 2934 2970 7
16 1247 1279 9
16 1274 1320 2
8 2414 2463 13
9 2686 2727 14
5 1808 1846 11
11 3403 3418 11
17 301 335 11
19 3586 3607 7
12 884 930 11
12 2631 2648 5
10 940 967 10
15 2682 2739 12
10 2396 2434 4
12 279 292 5
19 1860 1913 10
16 1976 2002 2
19 1397 1439 6
10 3024 3043 9
11 221 261 1
7 3014 3040 11
6 1949 1965 1
18 2051 2099 13
11 2937 2956 9
7 1276 1287 12
19 2748 2783 7
9 2604 2613 7
10 1306 1362 12
19 1891 1956 2
17 1904 1921 7
15 1327 1357 4
9 2316 2363 6
18 3455 3507 4
12 2697 2712 8
13 1468 1493 1
14 3145 3185 2
19 304 324 11
10 2864 2875 9
16 2569 2592 14
11 2640 2651 7
10 2252 2271 5
5 3685 3693 3
8 775 801 3
5 2633 2658 10
19 2401 2450 4
5 2121 2159 13
13 2187 2212 13
15 1829 1871 11
18 222 285 14
12 1379 1427 5
12 1695 1745 3
13 3663 3676 7
14 3670 3725 14
18 1192 1230 14
5 2148 2185 1
10 266 318 2
17 1676 1711 7
9 571 591 8
17 2621 2681 3
15 2633 2666 5
9 2578 2595 3
17 219 283 1
16 2348 2388 8
15 1595 1627 2
13 1148 1205 9
9 1719 1754 4
8 1705 1735 2
8 1176 1215 1
18 2313 2376 11
9 2080 2094 14
15 3071 3125 11
16 1424 1477 6
14 881 909 14
16 209 233 5
15 1709 1735 8
8 1994 2028 7
18 157 220 6
13 2837 2860 6
6 2981 3022 1
13 712 749 11
13 2709 2767 3
16 2662 2684 7
9 291 314 13
6 2149 2194 10
10 1946 1984 3
9 1372 1400 10
17 2604 2651 8
7 403 426 7
13 2168 2194 14
15 2595 2636 6
10 2423 2452 4
15 3523 3581 13
6 738 790 8
17 3165 3201 10
8 2119 2140 5
9 1228 1238 1
19 3159 3211 13
13 1688 1724 6
15 488 532 3
14 824 847 8
14 3375 3412 7
8 2029 2067 11
5 3266 3291 1
18 3127 3190 6
12 1090 1149 1
6 1655 1678 13
7 2382 2406 2
10 1225 1256 11
19 1354 1415 1
8 351 383 2
8 349 364 13
15 1493 1518 7
5 2710 2724 12
9 1069 1122 11
9 3637 3681 14
6 1588 1630 8
12 1689 1745 6
13 417 468 11
17 2458 2484 13
8 1551 1586 13
6 1722 1764 14
19 2836 2900 6
6 2737 2782 13
7 3664 3679 7
9 388 398 4
17 799 843 5
5 929 981 9
18 1481 1519 8
19 3266 3288 1
19 439 481 10
11 3308 3336 11
10 3404 3437 10
9 1467 1504 14
10 2690 2711 11
12 1544 1585 9
19 410 439 6
13 30 71 14
5 1613 1649 13
6 1031 1057 3
7 271 315 11
18 3370 3407 2
12 44 83 9
7 2198 2212 14
5 2767 2804 6
10 2831 2874 2
7 1640 1654 13
13 980 1030 3
14 1168 1186 6
17 696 753 8
17 1542 1604 12
5 1561 1598 13
5 3129 3176 5
16 2849 2888 6
13 3105 3123 10
18 1459 1485 9
8 1127 1145 11
8 2317 2357 9
7 1997 2011 11
12 2865 2922 13
19 3471 3535 2
16 1026 1044 8
10 724 762 5
6 544 567 2
12 405 459 4
13 507 550 13
15 975 1003 6
6 2778 2818 4
11 1647 1686 2
16 888 926 1
7 2917 2941 4
7 3099 3125 12
13 2693 2747 3
10 3156 3174 2
17 779 829 6
10 1954 1967 9
10 3708 3729 9
5 2711 2722 6
18 554 579 1
15 1211 1261 3
16 992 1034 2
9 612 621 10
6 2891 2938 10
15 670 721 5
7 708 761 10
9 2131 2147 3
7 3275 3300 5
16 104 157 14
6 1077 1116 4
19 2191 2221 4
18 3143 3170 11
9 2904 2921 12
12 269 307 5
10 430 453 4
