100
13 475 535 10
10 97 143 14
9 1007 1028 10
7 1457 1482 10
15 1047 1074 1
16 882 923 11
5 1324 1335 14
11 695 722 6
18 317 338 3
19 299 335 5
14 1332 1361 9
17 718 744 3
6 56 68 3
19 1498 1539 14
15 723 745 4
7 1072 1086 5
16 359 411 2
6 1079 1101 4
17 702 751 7
13 745 777 9
10 1023 1048 8
14 234 270 9
14 987 1009 8
5 742 766 13
13 79 130 12
11 80 126 5
14 1191 1207 6
6 850 858 8
7 1050 1099 2
10 1453 1493 5
7 1318 1354 14
18 344 369 5
18 1466 1512 5
7 658 697 7
19 476 538 9
10 1210 1232 2
19 66 114 9
10 928 955 14
13 874 929 12
12 795 847 1
14 432 490 5
14 1258 1314 14
9 925 963 7
9 64 77 14
14 651 675 11
7 542 552 8
13 957 989 8
12 1230 1267 7
10 1369 1387 4
15 907 943 3
8 53 89 5
17 113 160 2
9 397 428 7
14 196 219 11
9 109 129 4
8 1005 1027 1
7 409 453 9
6 254 282 5
7 1002 1055 9
16 1324 1371 6
13 88 105 1
9 176 223 3
8 859 874 5
15 1185 1211 8
19 1452 1493 5
11 278 289 2
12 1375 1408 3
18 1162 1190 8
13 616 671 3
6 49 101 8
12 383 422 6
15 641 660 6
11 193 236 14
7 1319 1333 2
17 1303 1343 3
8 466 509 8
17 808 867 14
7 64 108 10
8 565 583 2
18 290 322 5
5 1442 1455 8
18 562 580 12
13 988 1023 8
5 1140 1175 14
13 846 868 6
18 1387 1437 5
9 1277 1312 13
18 531 593 14
18 822 840 5
17 870 917 10
15 348 401 12
16 309 341 6
17 848 908 14
9 1082 1093 9
17 1147 1193 7
9 28 40 8
13 1004 1061 9
17 172 226 4
17 688 734 3
11 632 655 10
