500
11 2245 2267 5
5 1319 1357 10
10 1979 2015 10
5 4495 4528 2
5 6317 6342 4
16 3528 3557 1
14 6364 6392 10
10 4606 4629 3
5 5773 5811 5
9 5231 5278 13
11 1672 1709 11
12 4872 4888 5
6 7440 7482 12
13 3739 3757 1
13 5955 5983 4
8 2460 2510 11
9 5416 5453 4
17 1838 1858 11
18 4692 4741 11
8 2803 2849 6
13 4644 4684 7
16 5926 5951 8
7 4583 4631 10
17 4738 4774 6
13 6478 6507 12
18 4585 4633 12
8 2397 2451 4
16 7042 7065 14
18 5408 5471 3
10 2583 2637 11
6 4533 4553 12
15 4865 4924 10
6 2038 2061 5
18 5082 5126 4
11 5650 5703 14
14 3538 3578 4
6 4442 4462 8
10 7196 7208 2
13 2289 2337 2
18 4036 4064 10
12 6590 6621 13
10 5093 5147 1
9 4470 4504 11
8 6305 6317 14
6 1033 1072 14
16 6737 6769 1
6 1891 1909 14
17 7039 7056 9
15 1553 1577 12
17 4652 4692 4
16 2123 2184 5
17 806 830 11
13 1156 1212 4
19 3697 3741 11
5 1959 1976 1
12 4147 4161 1
9 642 659 13
18 2670 2735 10
19 4371 4401 9
12 4538 4575 8
5 7441 7478 13
13 4425 4471 4
5 4869 4899 5
16 4628 4665 3
15 4618 4637 1
18 3312 3338 12
12 3431 3481 3
15 5752 5781 13
7 5366 5377 6
8 4695 4731 6
9 3576 3622 8
19 6737 6768 10
16 5478 5511 10
19 2508 2565 4
9 279 308 6
6 3144 3158 11
7 7192 7226 7
9 6922 6962 3
9 4522 4552 5
10 6014 6051 12
10 3468 3496 8
16 2734 2796 7
12 1451 1486 8
6 6799 6834 5
6 6103 6133 2
13 615 673 12
5 1013 1046 12
16 1283 1305 2
17 921 983 13
15 3933 3983 10
13 1623 1672 9
13 1117 1146 10
6 3079 3117 13
12 2728 2782 12
11 2895 2906 11
13 5438 5485 13
10 3093 3123 5
8 7113 7163 7
6 4815 4852 2
8 400 429 8
19 4060 4118 3
11 5841 5895 6
13 2842 2890 5
14 7240 7256 4
13 5616 5640 1
17 6166 6188 13
16 151 179 3
5 5971 5993 14
17 7262 7312 9
16 1301 1336 4
14 2999 3023 4
17 747 790 4
7 3422 3453 10
7 4533 4550 11
11 6854 6895 8
15 6879 6933 7
7 6933 6957 12
11 2432 2481 9
6 3038 3085 4
14 3858 3903 3
17 4722 4784 6
14 422 449 3
7 6302 6335 1
9 6130 6150 1
9 3484 3538 2
6 7158 7172 12
10 3559 3604 14
13 3746 3795 13
6 5850 5888 7
18 7280 7314 14
16 4457 4509 10
17 5171 5205 3
16 601 640 13
13 2253 2312 5
9 914 953 14
10 7282 7305 9
16 4672 4690 3
16 731 756 3
7 6161 6200 14
13 4631 4674 14
18 610 631 1
13 5034 5074 9
11 3723 3762 2
8 1122 1160 2
5 7166 7197 12
9 4004 4024 6
10 7300 7328 8
11 289 337 2
6 149 162 8
13 2511 2543 3
14 5610 5658 8
5 31 64 13
12 394 417 6
15 3470 3527 8
11 3299 3339 13
18 2182 2211 2
18 4292 4347 9
15 5803 5828 4
14 2130 2179 5
7 3712 3745 3
9 3517 3550 2
5 2677 2709 2
8 2174 2220 12
14 1033 1081 5
7 2868 2910 9
19 2619 2643 12
6 885 912 11
9 6678 6731 4
5 947 974 5
13 2310 2324 2
15 1405 1421 12
14 1746 1776 5
7 3885 3927 13
14 2514 2567 3
19 745 806 2
18 3716 3741 14
7 3124 3172 13
16 325 357 11
9 6340 6367 12
15 94 149 5
9 6103 6153 1
8 3852 3897 1
12 4140 4175 11
9 562 584 4
16 5664 5716 10
17 512 558 2
18 3155 3201 13
11 2280 2306 6
8 6758 6777 1
13 6790 6836 11
8 7100 7124 14
16 2877 2930 7
8 7403 7424 12
8 5501 5552 2
16 437 473 1
5 1017 1029 2
19 4986 5032 7
10 5128 5171 3
10 4994 5029 7
6 2237 2275 2
10 5869 5885 12
9 2572 2595 13
15 4052 4097 12
12 2436 2470 12
11 4659 4716 5
14 2832 2886 3
18 2654 2693 9
18 6320 6374 10
6 910 920 2
11 4316 4337 14
13 6903 6946 7
18 4997 5047 11
19 4196 4223 11
16 3005 3032 2
12 6668 6705 12
5 5505 5513 13
9 5137 5173 6
5 7113 7138 14
5 1441 1454 6
17 3825 3865 8
12 4311 4336 3
9 7200 7222 1
19 7068 7096 12
11 4925 4940 4
18 4288 4320 11
18 1008 1056 13
10 4167 4208 2
18 2371 2406 9
5 2726 2763 14
8 5027 5069 11
13 4090 4144 14
13 7486 7523 12
10 3989 4018 3
12 2324 2383 10
11 5374 5409 13
14 7492 7539 6
16 2163 2185 4
13 1193 1252 8
13 2977 3018 8
19 2263 2287 9
18 3945 3975 6
19 462 489 7
16 6492 6531 13
16 4071 4115 1
5 168 208 11
13 6347 6382 13
13 3655 3676 6
11 2501 2558 8
10 2585 2625 12
13 5877 5905 3
10 3426 3436 14
12 7112 7128 1
15 2546 2604 10
8 1848 1869 11
15 1147 1177 10
9 763 795 2
9 4123 4176 4
10 2369 2418 2
19 6136 6161 10
16 548 595 2
17 3097 3132 11
6 1649 1678 10
10 4512 4528 13
10 5438 5485 9
14 2980 3038 7
14 1779 1797 4
6 3058 3078 6
16 4790 4839 10
12 4249 4304 2
18 2697 2739 9
11 3623 3650 5
12 673 712 4
8 2984 3008 6
15 2990 3048 9
19 4479 4510 13
5 1611 1628 4
19 2242 2272 8
17 4744 4766 13
8 5884 5911 4
17 5572 5602 4
17 6350 6396 1
10 3675 3700 14
13 1901 1918 13
16 6822 6844 5
12 7464 7514 13
6 643 666 13
8 3956 3981 11
15 2640 2686 3
18 3472 3513 9
8 5809 5837 14
7 5203 5236 10
8 3116 3126 14
14 6838 6852 9
8 1377 1417 3
12 1941 2000 6
13 612 631 10
11 2277 2321 7
9 2372 2427 6
6 6740 6779 12
11 2871 2886 4
15 2922 2965 7
9 1047 1095 1
11 2580 2592 2
6 1205 1216 12
7 1228 1268 5
13 1673 1688 10
13 749 776 11
7 3422 3462 1
18 2474 2523 5
14 1384 1423 6
7 4996 5029 9
10 5582 5593 13
17 2587 2613 11
13 4615 4663 14
15 1235 1287 12
17 5318 5347 14
7 4520 4572 1
10 7368 7404 10
17 2711 2760 3
16 4407 4435 10
12 2064 2106 8
15 5663 5683 9
13 1516 1571 9
11 3874 3894 14
12 3622 3644 8
12 7376 7402 1
10 6596 6611 12
6 7005 7023 8
15 372 390 5
19 7436 7468 3
5 909 947 5
6 7351 7402 11
7 5889 5906 12
6 4631 4647 9
19 2354 2387 14
10 455 469 5
13 6703 6730 3
19 4666 4731 14
8 5898 5919 4
13 1875 1915 11
17 3101 3118 13
7 282 306 2
19 447 512 14
13 3206 3244 12
17 2954 2972 3
16 6658 6718 6
7 1015 1041 2
5 4137 4165 1
16 6326 6359 9
18 5892 5949 4
11 4925 4963 1
10 6453 6492 10
17 1435 1469 2
11 5459 5497 5
14 2656 2693 10
10 286 317 3
16 2992 3041 7
11 4649 4693 3
15 325 363 11
11 2612 2629 6
13 3866 3881 9
5 1518 1539 13
14 641 683 5
5 3149 3180 3
18 6355 6377 9
12 6582 6612 7
7 5176 5190 4
7 1892 1923 6
12 4877 4896 2
7 2218 2255 12
8 2377 2425 10
11 4287 4323 5
16 4775 4804 5
14 2363 2391 14
15 3892 3954 8
7 6696 6740 5
19 5763 5788 13
11 6343 6379 8
14 7398 7425 2
17 2899 2954 2
17 6832 6850 6
17 1246 1288 4
19 5902 5939 5
11 761 775 6
6 7015 7054 5
14 5274 5310 7
17 7278 7311 8
6 1041 1068 1
16 713 734 10
7 3417 3464 9
13 5658 5709 12
19 1046 1102 5
10 3611 3650 6
5 3554 3567 3
9 4707 4721 9
9 5902 5954 9
19 7072 7101 1
10 2208 2232 5
17 4135 4165 11
14 3211 3256 13
14 6973 7001 9
13 1396 1444 4
19 4287 4337 8
16 4737 4764 2
10 5819 5868 10
9 3222 3262 2
14 3239 3265 3
19 869 926 13
11 7327 7377 10
17 1759 1787 4
12 6955 6971 4
8 1126 1159 5
15 4835 4880 3
7 2391 2413 12
9 3529 3577 8
19 5639 5671 13
5 7187 7237 5
16 1868 1921 10
9 315 330 2
6 1926 1942 11
16 6264 6301 6
10 2288 2333 9
11 3092 3136 6
15 7206 7229 12
10 5650 5680 11
6 3486 3496 7
5 7459 7489 5
10 6689 6732 9
8 7426 7447 10
7 2904 2941 12
17 278 310 5
9 3973 4010 1
13 3004 3049 2
5 3649 3682 7
14 1223 1256 12
17 889 940 7
13 4317 4359 5
7 5355 5399 6
9 7441 7471 5
9 5405 5458 2
11 2897 2945 2
18 5306 5357 9
12 3355 3406 14
13 5273 5303 11
15 6613 6652 1
18 6738 6766 11
11 2126 2176 9
17 3484 3513 4
10 7125 7141 13
13 6040 6093 11
17 5266 5291 1
9 3798 3810 7
19 6282 6334 4
15 2169 2187 12
7 5893 5941 6
10 4101 4127 14
9 3920 3937 3
9 5631 5644 12
12 2678 2733 5
14 6150 6191 9
6 7292 7311 5
6 5678 5719 13
12 4763 4789 2
12 2753 2810 1
10 4877 4902 13
18 4940 4967 13
10 7126 7172 5
12 5609 5634 12
7 3110 3133 12
13 2071 2131 9
12 6489 6512 3
10 2279 2311 11
17 2070 2118 10
7 4570 4621 7
12 3377 3395 1
19 2833 2866 5
8 6730 6768 13
14 3120 3144 9
13 1294 1327 13
9 304 344 5
14 2037 2063 8
16 62 110 4
13 2640 2692 6
13 6901 6947 12
7 2462 2479 7
18 1200 1242 12
14 493 520 6
11 3722 3761 8
14 1392 1447 9
9 3955 3973 5
17 123 181 2
12 158 180 8
18 5668 5711 2
13 5915 5973 1
5 6286 6317 1
6 1336 1344 14
8 5781 5816 13
19 5606 5653 13
18 3515 3566 3
7 5538 5574 7
