100
1.64 1 4.24 3.19 4.94 
6 1072
21 38
5 1227
14 920
2 819
2 778
7 1160
4 518
6 460
5 914
7 437
8 890
16 1076
12 358
20 252
10 749
7 1103
14 131
15 1034
15 73
16 1047
2 114
19 339
13 406
17 697
15 165
11 418
1 487
14 297
10 692
6 376
21 284
1 223
11 858
22 723
6 919
23 524
15 905
13 45
14 1228
25 625
13 1165
3 3
12 638
3 291
7 312
25 58
13 557
16 154
8 352
9 163
17 432
24 907
23 569
16 750
15 503
19 338
24 816
11 251
5 1084
17 684
15 533
6 98
23 474
12 309
15 1190
23 468
3 429
8 564
2 144
1 1025
5 889
3 890
3 1069
11 481
25 973
17 694
4 14
16 644
18 288
18 219
14 938
9 987
13 1248
6 589
3 798
12 1172
8 1136
9 581
7 463
21 261
21 994
24 629
3 1171
19 359
25 1001
10 1208
9 40
9 1091
13 1160
