300
1 2.56 1.95 2.67 4.44 
43 1971
75 9541
11 422
39 9966
38 5552
34 4301
50 8290
19 6494
68 7401
74 876
27 5440
40 8109
8 550
13 1588
17 5019
42 4929
39 8995
8 4049
25 1147
68 7293
6 2479
10 1249
27 8723
70 2364
51 7915
35 4976
6 10194
54 4665
47 7374
17 399
47 4688
45 11118
15 52
38 119
51 1782
72 7076
73 9440
41 3984
6 7631
42 4778
42 10020
39 4203
33 4320
49 9254
30 8760
35 4733
12 4102
12 5865
73 49
20 11127
63 10548
19 4928
47 1778
10 2130
50 5146
74 5394
66 4614
26 9007
28 8073
66 8343
26 4207
1 8259
45 5191
37 6911
67 4505
19 2176
20 9203
19 5806
32 6952
26 3056
41 2961
46 2849
29 400
5 6144
56 8145
60 11167
20 2981
59 435
17 1824
68 1509
5 3461
26 934
59 2025
66 2966
54 8290
70 7079
67 5222
49 6253
48 5895
54 6375
58 7696
52 10185
58 7206
74 9426
31 3771
35 1371
44 6308
22 3196
70 5963
40 8214
66 8266
9 8363
25 6670
34 10659
22 623
2 3184
31 2419
68 3485
2 2869
69 10293
62 1342
54 9524
30 3358
64 6979
15 7294
30 2122
18 3301
8 6786
50 4723
63 5001
1 7547
28 1250
31 8510
38 9104
6 2160
57 11247
52 8248
1 7984
22 2000
44 6630
11 4205
37 4697
20 3448
40 4349
52 2245
52 10842
30 914
50 2825
7 364
45 3306
30 1718
21 9038
12 3647
19 4221
57 9492
34 6773
59 3211
39 3915
33 10585
67 6863
28 4310
45 9294
10 5562
2 5609
26 1992
67 5369
11 1247
50 3796
32 3690
69 9945
8 2381
70 10912
54 6261
20 8432
7 10679
7 10268
67 9436
11 1263
62 1571
32 8971
63 4370
2 10096
4 9966
21 2466
46 6373
20 1661
21 4874
6 6621
72 3871
30 6834
68 3982
10 2646
15 957
30 881
70 5216
10 2985
51 1917
45 3683
34 1772
57 8519
42 10684
73 5155
18 809
63 9393
31 1120
27 8331
64 3124
70 3898
30 807
28 11044
37 10800
27 4805
18 8058
35 3335
25 9334
10 2544
32 7016
11 269
70 1278
57 3209
49 10411
65 2059
53 1741
49 2914
70 6145
12 5407
15 10458
68 10270
46 8323
57 6568
68 8216
6 3708
34 3206
2 1742
27 406
11 6145
74 4074
34 1876
57 8684
69 729
30 10011
56 1147
34 8537
69 1668
29 249
35 638
28 6308
5 6933
24 5608
15 1910
73 7140
54 1488
7 5572
71 1438
43 9724
37 4477
49 3632
69 5124
41 3997
75 10244
34 2253
39 8731
57 3901
34 1296
20 5513
58 445
69 6718
50 593
31 8984
35 8933
3 7448
47 8433
32 310
22 3594
26 11124
38 8135
25 8640
55 9955
9 5839
16 2223
37 11101
27 4056
71 4356
58 5098
24 11171
3 9661
53 11132
17 8649
46 3539
26 3881
40 5391
74 5608
41 3963
29 3050
36 1645
28 3107
68 9345
24 3904
64 8783
12 2927
11 3548
31 5442
65 6153
44 5485
22 7984
49 243
3 3545
14 4817
15 9817
52 860
