450
1 1.36 1.8 3.08 1.13 
45 21064
68 18197
59 2206
61 22509
47 16164
69 12573
79 20688
68 2642
45 6243
28 9045
63 1001
32 21165
23 3677
83 16697
66 11726
105 959
69 14575
53 12632
82 16477
10 17223
42 13617
70 24741
65 16063
29 2859
31 21425
69 13474
9 24119
82 8827
40 3474
66 24012
24 11160
12 24492
89 18166
63 11398
89 13437
44 7164
90 1695
112 1910
62 4554
42 10675
48 14475
6 15025
44 24791
60 19901
71 4654
3 11331
80 12358
99 8107
16 5174
57 3094
31 7843
28 14003
13 7269
112 11578
34 1801
22 16558
78 7769
81 25388
72 4174
95 12572
8 17097
11 25418
62 8495
79 12146
65 19449
28 16670
59 12697
77 16213
55 8004
20 17597
59 16817
4 8089
2 17060
68 21139
63 1255
38 17784
96 25349
84 1726
18 2983
100 16551
88 14536
82 19699
19 9530
81 14250
50 5998
1 566
100 25331
76 3146
14 2315
84 695
79 24908
99 20610
90 24165
10 2684
27 6078
18 5535
65 16935
22 20794
101 19270
2 24182
99 1528
15 5156
24 17492
82 5879
34 23472
67 5394
26 1168
68 12385
30 20218
76 61
55 25320
50 10656
103 15127
54 5113
40 6309
43 16550
43 7536
50 22395
17 3510
111 19056
46 2233
79 13989
53 2136
15 23768
55 12800
70 15695
68 5054
37 12540
96 24361
51 10578
73 4004
3 10161
36 7005
94 1947
75 14489
92 7093
35 18534
17 2872
98 16225
48 16019
31 21761
52 14830
109 4459
23 1148
70 21772
101 18375
4 21881
27 785
77 15270
74 18722
59 17504
4 13261
96 19370
92 1912
70 15361
28 4192
66 272
55 13777
72 4107
93 16277
18 11190
101 12572
16 7585
93 18497
33 8982
15 12347
64 2126
41 14647
5 21522
39 8217
68 23583
89 11199
70 10273
85 25361
109 20297
77 7361
101 7082
65 23069
66 6330
60 24684
66 12779
45 7945
85 25307
90 3341
7 25221
78 2670
58 15636
58 11173
99 14339
89 17246
52 23620
85 11294
57 22071
82 25038
99 1019
85 482
81 1739
112 10909
94 17109
19 767
70 8881
87 18289
73 1007
108 8575
18 967
11 24252
53 16773
74 16467
12 24621
107 2507
76 14923
23 660
1 12212
101 25362
15 2286
74 17585
19 17801
87 17398
110 9541
99 17439
92 16652
12 23062
63 18623
64 6249
11 17379
62 2358
83 6566
41 14852
22 9657
68 14823
81 19818
64 1500
94 6328
1 7202
8 4602
11 6423
107 21413
17 3426
79 795
36 16177
104 10573
42 4160
12 6306
62 11001
14 21900
28 4151
104 2960
2 12694
2 3828
51 16032
59 2027
47 21688
48 22078
61 22123
73 1476
22 2730
4 10419
36 8997
5 8670
61 9664
47 22996
74 11432
74 26
18 22373
101 13053
10 15158
72 2965
18 10322
35 24920
73 6845
82 21394
41 19102
64 11233
84 16572
41 12316
68 18106
13 6863
111 9561
80 1042
64 19230
43 16877
64 12397
47 8375
9 8521
21 22652
81 4306
35 3347
54 12691
21 18019
24 12937
91 21113
14 7409
105 10785
94 13534
53 10973
57 19937
7 5632
98 2441
93 131
82 1412
21 16600
46 22069
8 6119
111 12920
67 23065
42 7160
34 4708
94 21659
10 24049
15 3676
66 18680
78 7781
9 13761
36 17775
78 11681
88 2338
28 13540
92 397
62 6806
82 14958
106 17309
49 13664
16 12672
95 10627
40 12472
44 2039
11 11416
66 14500
23 6868
87 16564
93 4834
59 24301
66 17659
39 12607
3 16674
35 24520
97 20278
105 5503
35 5106
60 3921
68 4660
3 24549
79 12420
56 6755
44 13646
14 17772
86 10839
55 14308
102 5231
48 17310
56 17452
89 7003
108 6751
76 17353
2 8445
84 21728
82 14762
106 21984
28 20540
59 18833
69 9621
69 5254
26 22654
32 11379
53 1789
52 18680
86 4794
79 4753
110 19685
75 16239
91 20263
40 21875
28 21475
23 1750
65 1453
83 12503
6 22895
77 12921
81 8094
71 20935
27 16617
88 10523
106 16404
97 8004
18 5384
74 9597
59 5352
76 17535
85 16862
58 14506
31 2425
86 16240
60 3928
106 12617
81 1504
3 8237
72 11309
94 2065
48 5159
82 20802
93 3603
105 24474
56 9495
89 1796
65 17739
23 877
26 9846
42 4665
102 1234
10 2372
21 5143
98 7053
9 18891
95 10639
41 20508
84 10657
3 437
1 23017
95 10270
20 18685
52 1405
32 20776
68 12139
38 18964
74 17117
42 18465
104 16112
4 22252
71 2727
9 4636
37 218
6 6570
74 3093
76 3709
66 954
36 6826
74 12354
19 14197
57 2254
42 4699
85 24245
11 10179
90 5147
107 1276
85 14118
34 3285
17 22858
18 16618
23 7219
28 24882
