500
1.54 1.83 1 1.61 4.49 
124 5967
33 10152
123 28064
87 27718
28 10491
19 23578
33 23145
19 8554
97 11733
47 4901
9 1674
2 1354
34 15154
60 3163
73 26062
41 24396
42 5717
74 12652
49 28007
92 27738
117 24545
66 16502
81 19984
122 30002
14 6417
42 15917
100 13026
76 10560
14 6732
46 26019
78 22183
100 6015
118 3887
1 926
77 24411
79 7871
107 6170
36 22780
67 20445
110 6612
93 31176
15 20158
63 12459
62 11591
32 6358
23 30173
71 4792
45 22162
13 12412
47 24565
81 7714
76 24147
46 10963
81 10602
52 9646
120 21285
107 8807
28 12288
34 9080
15 19153
37 18960
56 23840
16 19626
122 14720
52 28846
112 22911
121 13482
32 23482
47 18048
94 13930
1 1292
95 27831
14 30302
53 7329
76 26503
5 17353
59 283
113 15774
9 2579
82 4770
105 5278
60 24621
85 29690
103 9993
123 24342
123 17874
120 6908
19 25143
123 1059
53 20738
58 19893
125 16301
89 4914
84 6810
39 4142
93 16245
54 15343
103 14788
82 27693
13 25843
83 903
10 18202
98 23703
18 14667
64 24797
76 28757
104 15750
61 15081
46 11169
25 28350
4 11366
6 2829
111 10582
8 29028
28 28249
50 11527
43 30996
110 4329
38 4385
17 9761
76 13275
69 22219
14 1369
36 26992
42 8986
118 4769
100 1682
16 29843
96 1779
27 13537
113 12089
80 19557
27 23552
4 16392
67 13417
48 17986
23 28618
117 14784
42 11231
27 24300
46 15133
3 23694
65 25451
25 16824
12 5447
122 5672
22 3071
82 18991
16 527
101 22480
88 29423
14 28407
57 8812
111 10049
56 10465
16 26181
121 12100
84 29988
102 16775
72 13348
98 30309
75 381
35 9325
59 5661
47 22028
70 13500
97 23713
30 4887
70 4133
118 27297
94 2980
15 22373
63 11513
85 24568
101 5166
74 3107
114 17381
66 2789
44 26226
19 26685
34 13469
16 27952
53 23762
78 22440
62 1805
120 7685
99 4917
59 19784
75 12941
9 10860
35 6673
9 31153
99 2232
43 2020
108 26131
101 435
3 25145
69 24281
9 12717
10 10843
17 31017
41 21936
112 8442
39 16670
104 22837
109 12812
37 13422
81 146
44 11003
45 2891
78 5055
91 3331
79 10907
120 2580
119 23295
112 31184
12 6365
18 4681
66 11690
19 16047
6 17440
49 22495
107 2290
32 20658
6 8819
19 30525
54 7459
68 7968
107 10868
93 9663
34 7125
53 26558
88 18583
4 27093
107 10127
113 29883
87 15765
77 2010
92 5249
32 896
81 1163
65 4892
33 28388
119 30480
8 25727
90 7748
34 19487
53 11579
98 29587
55 2023
108 9069
111 9936
111 4504
15 151
121 8213
124 11082
27 19108
123 30270
100 27085
123 10610
9 17530
20 5675
93 11354
110 2260
33 18369
2 8161
9 11313
16 30966
111 19170
26 20603
64 25574
20 28424
72 10789
67 20384
94 18644
115 21326
115 10261
82 26950
98 21917
16 16836
110 8335
77 9409
51 9130
10 17603
60 25439
100 4866
44 9236
7 16555
14 10544
107 17802
117 26677
85 15122
48 17871
42 28310
59 14928
9 689
13 5553
64 12252
87 19453
120 9526
40 27631
8 23431
19 16637
99 19452
11 17978
16 13428
71 27108
94 25408
13 15797
84 14814
120 26919
112 29048
109 5914
87 10272
97 7071
100 29293
115 11384
27 17698
15 2193
82 17473
52 26928
78 14719
42 28023
116 14271
109 13770
76 10922
12 29142
51 28957
7 27628
100 24389
101 30979
60 7608
28 15766
109 14853
88 26786
31 1934
4 30172
9 25378
32 20535
16 6107
117 8104
18 27883
80 23794
117 16423
4 5683
12 21891
102 6846
58 14101
17 27797
100 27663
124 7924
30 6620
101 4391
26 16354
123 18287
90 19725
74 28490
12 24997
56 28781
58 9256
58 29043
104 3562
10 11918
81 17106
49 31134
6 25673
85 29181
119 3678
54 14248
31 21757
47 15425
65 8395
77 23599
12 10502
35 11935
1 3300
22 16613
116 3351
33 5086
124 3891
125 26420
46 9146
6 24423
76 4797
36 12780
80 30622
63 6798
100 11775
55 30785
80 2003
124 4557
93 8334
9 2604
101 7419
42 29360
35 8442
49 18911
94 8120
100 4401
116 30760
81 14483
61 8406
59 23435
83 18892
92 19177
91 30408
54 6442
35 5285
52 25056
98 21281
110 27925
15 28649
1 17976
103 18933
85 14753
12 8634
47 24358
46 10372
115 8003
41 6885
43 837
115 13846
37 22449
80 9591
103 6269
123 28325
124 10850
37 12283
66 3022
18 5649
104 1972
66 25803
22 30726
92 26223
56 4783
84 13094
18 25789
64 26095
110 17278
88 11440
47 347
68 14575
50 11940
44 21951
74 25089
41 21742
16 13007
6 10693
71 14986
64 4083
97 8509
62 5220
98 22657
69 27764
67 23143
55 13883
83 31135
117 6625
70 30376
68 27104
63 16217
47 18486
36 2956
67 9998
105 25961
12 7192
64 9664
33 20551
35 20075
107 28321
102 23409
36 7665
54 6576
86 17660
119 22192
124 25036
107 14914
77 7271
22 15153
118 17213
79 27602
3 6425
31 31195
98 9601
21 28388
9 31240
28 21856
123 22258
94 24761
41 7355
55 1038
5 12440
45 29913
4 12716
29 16159
117 13311
43 7885
49 16082
89 7966
80 4849
