250
1.37 1 2.1 3.47 3.21 
56 975
34 3319
44 572
7 1768
44 2091
34 1196
12 5155
40 7250
10 2571
11 2952
24 7398
42 2795
17 194
24 285
17 5537
24 809
59 1310
47 7551
43 1391
61 3170
14 713
8 7067
16 4565
6 2968
23 4062
18 6689
59 1448
18 4185
34 4443
55 6831
1 5593
50 7299
41 6137
20 4439
4 4449
31 2715
61 1386
37 5179
40 2661
62 938
31 4633
42 4624
5 5243
36 891
17 5211
48 5557
7 2912
1 4636
48 5049
13 5725
6 5060
22 2739
62 4272
63 4140
62 2598
58 2142
54 6578
3 997
7 4858
53 5660
5 973
9 1587
51 5993
19 4991
59 5894
37 6219
33 7659
34 5126
21 7033
46 354
31 1636
40 2097
20 692
34 5005
32 944
16 6191
48 5197
61 6528
24 1836
26 83
28 3547
60 1765
11 7592
49 4957
39 2188
23 5192
15 2194
61 6252
2 2252
63 4514
7 4189
25 722
51 432
62 7379
9 4364
13 2747
52 587
3 6361
16 5563
4 6593
25 2364
36 2846
12 7807
42 4490
28 7359
19 619
6 6981
19 4621
56 1635
37 7689
34 1923
56 2597
15 2995
53 2022
8 5681
24 3674
34 3250
42 2014
52 7551
33 2567
15 4117
38 2512
28 5060
16 7853
61 1820
52 2996
1 428
34 6158
31 1565
60 3387
9 5258
37 3955
43 6690
61 1539
5 6519
11 4569
8 2353
53 20
31 6893
51 6678
44 372
44 6616
20 5945
43 3536
58 4753
42 4933
21 1543
50 3419
41 2824
16 6858
60 1872
23 5218
45 5618
4 3494
63 713
23 3309
61 6711
29 3469
24 5422
41 7274
7 5325
56 7507
26 5268
21 4317
31 154
44 1003
29 7797
48 5294
47 3227
40 2044
24 2251
61 3201
16 1356
48 4521
15 3896
26 688
46 156
59 4487
28 5572
59 6605
17 817
42 6222
9 1726
41 67
41 3371
61 914
32 6941
43 1627
19 6044
42 5046
27 7789
53 5429
35 1265
47 89
4 3703
25 1863
56 1345
46 7385
7 3512
16 5943
22 5678
30 6949
61 6265
10 2524
47 4064
21 1180
37 586
28 7387
59 6850
49 3464
11 3569
34 7777
50 7264
33 2378
35 1981
18 5204
7 7740
51 258
30 6456
30 1159
35 7556
15 2365
61 1662
59 4224
38 5001
18 5891
13 4159
36 1575
18 5189
41 851
60 5627
10 7404
4 6509
53 5041
40 7543
7 3813
9 7206
10 4784
32 4469
39 7482
39 679
49 7199
34 1134
52 2869
17 7777
42 7470
18 7793
14 6836
35 2254
28 1331
