200
2.06 1 3.69 1.84 3.89 
32 52
43 4758
37 4526
2 1197
5 2769
29 3231
21 3269
42 3461
25 4421
9 633
48 2037
16 1555
6 777
17 1261
47 4719
27 168
1 3647
50 4966
49 1954
12 2474
6 3063
40 3658
47 1433
20 1072
34 2736
6 1902
19 4872
40 2115
12 1474
48 926
37 1958
36 2596
15 1272
22 4163
11 589
7 1216
46 3797
2 3989
38 803
3 2429
27 3176
18 4456
15 335
29 4506
21 2439
29 3182
35 2649
13 2432
36 4754
47 522
20 3109
40 1359
6 4626
35 2506
12 438
20 4617
41 3535
49 2422
33 1091
40 4565
17 4286
22 939
19 4239
1 2402
25 4937
40 2496
37 1996
19 3486
11 3522
20 4642
2 2859
49 1861
21 3393
30 4200
5 863
38 3183
18 1962
42 4920
49 4499
19 716
36 1655
7 190
35 1239
26 3136
25 2248
9 3689
20 913
21 26
17 2848
11 1365
9 3923
26 3397
6 3236
25 4504
30 1921
31 4874
50 4138
38 1496
23 3951
23 466
33 2173
23 230
27 2703
14 2319
41 2651
13 811
30 1277
42 601
48 287
25 1369
27 674
24 142
9 434
40 848
36 3739
20 1529
1 80
50 745
33 2238
11 4768
47 3998
3 1638
11 1570
41 4534
19 1783
39 1577
7 3224
25 2726
33 3839
36 3211
29 2212
45 1758
23 2093
22 807
43 4837
18 4826
29 2380
1 2758
15 3096
43 147
35 4430
28 4013
25 2151
35 2475
30 1063
13 1982
45 3547
27 2360
24 3498
29 2482
3 3833
15 4610
50 416
33 4454
30 4870
9 1264
15 4279
13 2439
28 4059
6 3573
30 1277
43 2761
46 625
4 2598
34 1144
17 2856
34 1781
42 3468
44 4268
5 267
7 3712
26 2969
48 3001
17 3351
13 3264
17 3576
17 3569
26 3946
37 2862
3 3305
23 1195
46 1517
13 1670
20 2743
3 2284
24 3397
34 3375
45 3368
2 3511
29 536
8 1747
20 3069
7 3310
11 3478
11 4364
5 3033
28 4155
15 1999
1 180
6 1296
