350
2.27 4.97 1.94 4.62 1 
17 14101
42 2093
31 14028
27 245
52 6305
29 12908
60 5678
52 7256
67 7237
48 6401
38 5494
46 5783
42 13969
25 1799
73 13751
4 2644
87 6017
32 4507
87 1500
51 8520
77 4251
62 3138
11 13733
19 3837
16 8245
36 12897
22 5850
36 14030
54 12809
27 3802
20 9011
43 12373
24 1544
17 8863
83 9537
72 4565
18 1195
13 7981
87 8314
48 8264
30 13179
88 3898
59 4051
7 14282
77 3121
74 11511
68 10026
51 14677
14 7351
33 6448
46 11227
20 5730
34 12590
28 5732
5 4776
77 1962
43 14835
50 5934
61 6743
75 11889
1 10295
75 1814
10 10269
38 10258
69 1961
2 6795
6 12215
53 4342
5 10000
53 79
74 12318
49 8439
58 13496
74 7615
4 14038
23 8345
25 8520
29 8331
87 1359
64 4988
23 6829
33 3622
15 3433
35 12239
80 2237
39 15398
17 11571
67 3965
42 4887
16 1627
1 2794
80 2030
31 6990
47 5547
65 3853
72 8303
44 2760
4 8312
88 14295
75 11999
53 2531
64 14698
79 14647
65 5167
74 12361
52 5157
24 4631
79 14914
88 1062
30 10401
88 12500
60 6939
73 4217
37 3094
16 2785
50 14359
4 9763
67 3656
64 148
5 5085
40 10129
85 270
67 13554
61 7109
5 11481
15 441
2 14418
17 2958
12 5945
13 7698
63 14575
2 928
16 8397
47 8982
16 3908
18 11229
8 3997
1 14165
45 6499
10 2811
15 96
79 10576
54 3387
64 4990
73 4141
35 14368
40 7699
34 950
47 14899
46 5633
3 9678
75 11476
75 8187
65 749
20 6559
38 7799
50 6155
52 8631
16 7182
84 2252
58 4192
16 14688
35 5786
37 2622
49 13956
59 522
27 1031
31 11641
1 10247
40 10098
57 14199
63 7734
36 7821
64 10252
78 5971
87 7579
12 8689
36 13258
61 1654
47 2570
29 7447
5 11683
80 15007
49 5065
45 13405
55 1056
3 9714
69 13242
65 9164
51 11238
41 3435
6 8044
80 2025
33 2013
3 3253
19 14022
47 6479
51 7235
60 15162
59 7244
40 14839
15 4116
82 12520
79 7657
67 6759
37 8365
51 10630
20 9337
46 12716
66 8878
1 14421
64 9696
1 9411
61 6146
38 7597
30 2580
31 5966
47 5238
82 7361
88 14754
86 581
53 10014
77 4961
73 679
69 3493
4 981
29 15002
65 10389
48 10480
15 14418
20 444
24 8012
3 9426
8 1976
18 9611
20 12485
78 9981
14 2129
88 4186
51 14586
27 12464
16 14338
44 13651
36 6339
32 2178
28 650
59 6830
57 2813
25 10936
15 1252
55 5151
10 2757
36 5823
73 1227
26 11223
61 9796
30 7443
84 1001
77 14074
25 6455
70 208
13 12747
18 14313
3 6529
31 4868
54 8973
9 10582
71 10849
35 4421
81 10895
84 14694
78 14506
4 707
86 10868
63 11463
6 5958
79 108
84 12475
40 11257
9 1770
55 11591
79 14339
53 10111
62 12878
74 11672
72 11850
36 7574
75 9837
38 8531
5 7567
43 12495
25 1002
69 1849
31 565
63 10635
84 12729
4 1292
47 5658
24 8947
8 5407
24 2251
72 6308
45 8748
35 1442
49 1225
10 13118
88 6735
74 12519
16 4779
58 3344
49 6943
79 9233
28 14385
7 11225
55 10267
37 1380
75 3164
5 1008
85 13921
7 3296
9 4252
87 11574
53 4218
65 3127
46 6831
43 2523
66 13258
24 14024
72 530
33 12364
50 1014
57 7967
39 1383
76 4953
82 9465
88 894
39 4645
32 12819
79 14818
49 10024
22 11665
34 5254
33 9780
37 9307
51 10550
12 2791
16 15070
41 14566
25 6004
15 2916
