150
4.72 4.21 1.58 1 1.84 
2 2148
8 1376
5 950
4 1367
30 2763
3 2786
30 454
10 2510
11 1260
5 410
33 2131
10 102
10 1689
11 403
36 1076
9 1065
8 1356
14 573
8 2297
14 1732
7 1613
10 464
1 1555
35 258
17 2514
38 976
27 1423
23 276
16 1921
38 355
15 1104
3 1145
30 1187
15 1424
5 289
5 109
17 1157
14 5
9 2039
1 2330
16 1850
32 950
26 2603
17 378
31 760
5 1157
35 1324
30 1879
22 2833
28 270
32 874
33 1344
38 2755
9 2625
22 2685
12 77
21 2051
21 642
6 1847
27 1087
37 1896
8 2804
5 1086
7 103
24 2302
10 367
4 1334
13 2609
12 1339
12 1492
37 1452
14 2201
16 2407
7 1802
3 2025
24 1141
33 1308
36 2464
25 34
11 2651
35 1562
26 1806
10 1118
24 929
13 603
18 793
12 1495
8 2586
35 1779
19 2766
12 892
38 831
10 861
2 2643
29 1296
28 539
37 599
16 1147
23 1857
5 1336
5 559
20 109
23 130
26 1890
37 2787
34 482
20 2710
11 2806
15 592
32 1023
28 2517
22 2819
11 1571
29 980
11 46
33 2650
25 2298
20 709
17 2199
23 111
11 1672
37 2423
9 2232
24 2064
25 2616
37 441
29 2459
32 2094
30 2472
35 1534
13 529
2 150
1 2527
18 434
12 1105
8 2407
21 2415
35 20
35 526
25 1313
11 330
10 1505
11 501
29 13
26 525
13 1314
7 1949
21 677
23 1744
33 40
