400
3.94 3.77 4.73 1 1.96 
75 15552
72 9001
90 6630
48 8171
73 15989
73 11746
70 10069
4 5960
7 9455
96 18314
28 1761
8 3110
61 8540
42 81
26 8911
71 1001
91 17935
40 2776
31 2419
16 12233
100 17787
55 11702
87 12718
48 17593
68 13857
78 12075
78 4473
71 4757
42 10993
17 5797
55 16698
17 19814
17 17477
96 16337
28 19499
27 19173
16 15491
31 18015
60 6073
52 11076
94 7124
21 6749
21 10297
93 645
6 3478
99 6482
19 3908
70 1273
15 12236
26 11948
67 8590
76 3672
60 5741
17 6449
87 6323
36 16556
79 1797
91 6154
58 18018
17 18698
94 432
60 18779
75 14429
95 139
12 12993
81 18448
68 19609
91 3120
84 6817
47 3164
26 10514
14 12239
14 1993
100 15260
10 19390
52 6124
9 343
24 5738
74 12322
92 5217
59 10062
83 17875
88 18097
40 3703
22 17719
34 13877
56 475
38 16601
17 10336
89 8887
47 1702
94 9971
16 18786
30 18505
32 13967
44 19469
27 2682
86 8370
5 1727
51 16592
56 584
5 12544
60 1862
97 19389
84 17720
28 6352
99 14837
40 16379
56 17345
70 18398
61 13977
94 15201
40 16600
14 8845
30 12357
62 12848
80 2232
60 16446
91 4230
84 19070
52 5962
40 8424
58 3485
82 2042
76 6403
26 8108
17 10843
91 9068
79 3780
18 15231
87 9171
40 11279
79 13422
21 8271
99 2121
67 350
52 7175
75 12655
8 14007
34 1080
98 8116
83 10562
19 13000
13 13606
89 9679
34 11510
93 11369
37 6353
92 7127
14 3159
93 2275
33 11312
6 8445
84 10232
97 17862
70 3883
19 14726
63 15332
59 10403
84 7622
82 12556
98 1656
78 12997
16 18631
69 8191
78 2467
65 10883
65 3808
16 15021
10 1612
34 5616
58 11294
61 3140
54 6568
69 13439
50 11626
76 16827
40 11869
100 17491
77 2852
19 16948
16 1943
68 8764
75 100
44 14823
33 19927
25 797
59 5978
16 11587
15 12687
6 426
86 14350
36 802
53 1879
72 15906
43 718
42 7645
48 18120
97 16688
12 14336
89 4713
63 1922
52 17753
39 8373
66 3222
77 2707
48 5555
31 11275
58 12072
82 15018
17 11309
14 16749
91 11970
8 1957
92 11491
17 12135
83 11984
95 14207
42 11001
51 15844
99 2559
27 17835
85 12567
70 15366
30 2290
82 16298
72 19303
16 4861
90 15542
73 4732
70 2857
8 18282
59 1438
58 14691
47 2866
96 14122
33 14304
65 10198
6 11685
46 3124
23 10754
60 17037
37 5820
15 7121
44 18065
12 8
86 18706
33 13263
34 3283
10 2806
13 4659
9 7522
85 14042
99 3554
88 19668
34 5447
53 6048
46 9123
37 2236
79 2856
61 9753
3 1811
42 17870
19 149
53 5662
8 6373
19 19098
84 8952
19 17849
39 6539
79 10509
92 13594
69 11154
78 4767
75 13594
86 4976
56 14119
100 4655
90 19732
42 5534
26 8900
87 2741
13 8449
90 16735
10 16391
61 19680
4 16884
64 18634
53 11191
21 18003
8 13502
53 14182
4 3713
25 11079
72 17328
18 14065
78 6089
39 12603
3 2263
9 19020
6 15096
44 12840
44 7557
19 17092
34 6405
95 3947
6 50
47 8992
46 2017
20 9388
34 16076
100 13961
58 9497
99 2304
27 5046
71 19155
36 1175
27 4421
63 11133
19 9839
72 8279
79 13951
82 606
46 2456
23 14703
41 14178
31 2652
98 7505
90 5039
87 12501
53 13513
3 5172
99 12202
13 7129
72 12675
89 10530
81 1164
50 17891
7 26
18 16195
12 7078
72 604
16 4760
37 19724
80 5745
100 10968
38 6357
46 11036
83 19551
70 19258
65 8877
97 7943
70 1835
28 13721
79 14707
89 4547
3 7475
35 6128
38 12691
31 17771
86 10859
20 10890
50 6962
57 12331
19 2624
51 10483
94 1219
40 8480
35 6457
92 15390
37 17816
57 18555
19 4710
51 17045
28 4401
20 16994
25 7704
83 18172
77 12396
47 13919
94 2914
96 2646
11 5385
97 18858
92 17721
57 14570
48 5932
66 18840
21 16884
31 14269
82 13136
97 9515
16 9127
49 378
15 14838
90 3807
15 9825
41 16151
39 509
2 13320
