250
4.43 1.76 1.82 3.61 1.0
5 97
1 4
7 271
5 60
9 161
1 66
1 91
3 124
4 202
8 65
9 30
10 119
9 135
10 192
1 246
2 121
5 186
10 54
8 178
8 123
2 204
9 111
8 120
8 61
2 244
3 181
1 178
4 23
5 160
10 270
9 168
4 221
8 84
1 187
7 59
5 250
5 98
6 235
1 257
5 241
4 220
8 176
7 197
7 86
7 210
3 202
9 76
10 61
2 157
1 48
8 261
1 67
4 256
6 138
9 9
9 229
7 76
6 159
10 252
9 71
1 96
2 62
2 220
9 49
2 211
2 167
9 270
10 161
7 154
6 202
1 251
2 213
2 172
9 203
1 39
3 243
1 139
10 208
2 126
10 164
6 115
10 210
7 71
10 169
8 193
3 49
7 62
6 271
1 94
9 191
4 145
5 127
3 105
7 112
9 56
7 173
6 220
10 155
3 231
7 150
3 142
5 170
7 75
8 0
7 11
10 241
10 100
4 187
1 72
8 60
3 233
3 258
1 65
3 261
4 198
7 98
7 254
2 130
9 123
3 254
4 154
9 214
7 12
3 65
3 45
7 152
5 197
6 159
5 228
6 233
1 256
3 265
5 70
9 171
10 198
1 72
2 263
6 63
5 146
6 248
1 135
2 191
5 73
7 171
4 156
2 35
10 269
2 72
8 35
10 61
2 109
4 43
2 231
6 160
1 25
1 212
10 143
1 56
2 177
8 107
7 179
9 270
7 193
5 168
3 166
10 131
10 58
2 253
4 20
6 185
2 149
1 145
8 181
10 67
7 65
10 118
2 244
8 248
2 80
9 272
2 4
6 85
10 19
8 147
1 82
7 158
4 1
4 259
2 14
6 72
5 53
9 188
4 197
5 0
1 204
2 234
6 247
2 260
5 159
2 224
10 179
10 40
3 73
3 142
4 258
2 230
10 9
6 25
6 262
10 258
2 221
9 89
7 189
9 63
4 249
7 96
9 178
9 129
9 99
2 188
3 106
7 136
4 138
5 41
1 273
4 200
6 273
7 213
5 173
5 111
8 90
10 206
6 222
7 89
3 35
7 252
7 70
9 170
6 203
7 207
9 233
3 91
2 78
1 8
7 1
3 222
3 93
5 188
7 113
10 20
