300
2.65 4.41 2.92 1.52 1.0
8 115
1 219
10 248
9 240
6 105
4 297
4 95
5 198
8 137
4 96
6 29
7 67
9 295
5 304
3 186
4 187
3 77
4 309
2 85
8 188
2 111
1 7
10 39
7 14
1 60
4 71
1 265
2 213
9 263
6 248
8 259
8 34
3 223
3 192
8 99
10 218
9 267
10 84
2 111
1 7
3 263
9 279
5 5
10 306
4 296
3 173
9 212
3 233
6 49
5 156
9 191
8 147
10 175
8 64
6 146
9 250
3 233
6 229
10 208
4 241
8 56
3 48
8 65
9 76
9 286
9 196
5 74
2 76
2 210
8 327
2 230
7 209
4 248
7 92
4 193
9 220
2 28
3 245
10 275
4 158
10 203
6 163
10 61
5 12
6 173
10 73
2 264
9 235
8 28
3 170
7 99
1 207
6 158
8 109
7 101
4 84
6 122
7 42
8 138
4 250
2 129
2 305
5 95
6 92
7 86
8 150
2 251
5 41
7 141
1 75
10 277
7 205
1 110
4 38
9 99
10 71
4 277
9 268
9 149
8 74
4 81
9 125
1 165
2 290
4 173
4 210
5 156
9 33
10 60
2 179
6 183
8 25
10 193
2 227
6 147
1 238
2 265
5 306
1 308
7 37
7 264
3 290
6 285
7 205
6 134
8 153
3 96
6 233
8 6
2 64
10 274
1 224
4 266
9 225
6 310
9 72
9 251
6 36
6 148
9 152
3 287
8 133
6 288
5 52
9 35
8 94
9 17
8 282
1 74
8 169
3 109
1 228
10 153
10 192
8 312
8 314
5 132
6 54
3 80
6 152
5 5
2 297
10 255
7 8
3 69
2 290
8 94
10 98
5 85
7 190
7 283
1 323
8 271
5 276
4 185
4 164
6 230
8 4
6 212
4 205
2 49
2 264
7 299
3 46
1 70
2 121
4 209
2 34
10 216
8 318
4 54
10 330
2 10
6 60
9 188
8 71
7 5
10 261
5 293
5 100
5 21
4 326
5 304
9 309
5 215
7 218
1 164
6 184
8 32
2 129
10 13
7 263
8 92
2 61
6 203
2 25
4 79
4 151
6 182
8 116
1 42
4 108
10 137
7 131
3 225
3 152
4 61
7 320
8 328
3 202
9 122
4 96
5 94
10 73
2 117
5 140
5 42
2 301
8 276
10 172
5 261
7 138
10 111
6 230
9 213
2 74
6 22
8 51
4 287
6 82
1 72
10 115
9 248
1 95
9 0
3 26
5 167
1 222
6 193
6 325
1 117
3 116
2 234
5 44
7 217
5 213
9 103
9 309
7 183
4 142
10 294
9 112
8 289
8 191
10 10
4 161
9 94
10 266
2 75
1 106
