200
1.44 1.63 4.91 2.54 1.0
3 118
7 79
9 119
5 161
8 178
10 207
2 188
1 149
10 33
2 6
5 21
9 120
10 200
8 70
6 8
9 208
6 29
8 203
3 12
10 207
5 124
6 6
1 13
1 94
1 67
1 116
1 119
9 119
10 59
2 189
9 141
2 26
7 87
8 31
9 3
5 211
3 24
5 32
3 54
1 40
2 111
2 168
7 43
2 100
3 189
9 113
2 45
10 144
7 174
1 105
6 103
3 130
2 71
2 219
6 50
5 38
1 69
6 127
10 102
10 116
3 14
4 165
8 179
8 65
2 103
5 120
3 122
10 77
6 148
1 141
8 187
3 141
3 147
10 9
4 167
7 115
3 31
5 13
2 159
5 50
5 189
10 33
2 208
6 69
3 159
6 149
2 127
4 7
5 175
2 157
5 87
2 154
8 79
4 105
10 76
8 24
7 50
8 7
6 185
5 146
3 189
8 29
5 124
5 55
10 92
8 88
8 2
7 181
3 22
2 211
8 169
9 159
10 94
5 80
4 127
9 137
1 148
9 2
4 187
10 173
5 86
1 141
9 190
4 143
4 199
6 158
9 93
2 173
4 45
1 212
10 84
6 139
2 5
9 136
2 50
1 79
7 107
2 72
4 101
9 1
6 169
4 190
9 89
5 165
9 132
9 61
6 159
6 56
3 87
1 172
3 119
3 88
1 64
7 71
4 120
10 170
2 188
6 21
7 26
2 76
2 39
6 13
3 197
7 14
1 217
8 168
10 56
7 63
10 206
2 65
6 9
6 211
5 54
10 40
1 124
7 89
2 199
4 134
4 86
3 189
5 201
3 92
9 29
3 141
1 29
4 85
3 28
2 160
6 180
1 200
1 116
9 75
5 194
3 70
10 148
3 124
3 140
10 5
8 5
3 155
