450
2.0 1.07 1.22 2.75 1.0
10 382
10 258
4 135
6 34
1 483
1 369
3 127
3 307
9 87
5 242
1 405
4 253
3 219
3 480
9 428
6 270
1 123
8 342
2 428
4 406
4 249
10 416
9 89
2 449
6 455
3 431
1 323
10 315
2 10
9 14
2 221
8 335
3 30
8 245
4 98
4 326
1 317
4 156
9 104
10 380
3 185
3 294
8 92
4 72
4 220
7 407
7 4
2 394
8 269
9 301
10 309
10 441
6 310
1 165
4 122
9 23
9 436
7 278
3 189
2 318
2 258
9 36
4 9
9 254
4 184
7 296
7 113
10 329
3 252
5 405
9 493
6 226
4 310
3 428
1 78
1 191
1 16
3 4
8 200
8 436
3 204
7 209
9 80
2 167
3 234
3 413
7 5
6 283
4 194
10 180
1 305
2 253
6 97
8 282
2 127
3 162
9 338
6 267
8 362
8 351
2 114
4 338
2 230
5 367
2 87
7 418
7 254
10 368
8 303
10 347
1 130
7 95
10 328
4 285
9 250
5 404
8 3
8 467
5 203
3 285
4 56
8 327
7 276
8 133
1 37
2 196
5 285
2 96
10 93
1 298
5 48
3 30
8 346
4 451
5 297
9 27
4 328
2 473
1 147
7 148
4 186
5 455
2 314
2 323
5 34
10 18
7 66
10 414
5 290
5 390
3 433
1 61
6 336
2 91
8 98
3 433
1 68
9 97
7 357
6 42
7 373
10 25
5 222
3 47
3 232
5 284
4 281
7 298
3 103
3 395
3 256
8 234
10 448
8 392
1 167
2 259
9 146
6 383
10 295
2 396
7 341
5 122
5 454
6 113
2 5
4 181
4 222
2 279
7 464
2 468
9 383
7 205
5 493
3 415
9 234
5 240
8 256
2 120
4 97
3 434
4 443
7 401
4 384
2 352
2 155
5 434
7 407
10 401
2 250
2 4
2 350
9 381
4 375
9 51
9 144
2 185
8 381
9 431
10 109
9 316
6 313
2 209
5 206
10 291
3 46
2 214
1 422
4 233
3 412
9 148
4 91
9 265
8 280
2 70
7 338
10 369
7 61
10 193
8 291
3 457
10 386
6 456
5 458
9 378
6 252
5 231
3 174
6 134
2 426
3 455
3 195
3 224
3 141
3 141
6 445
2 54
9 261
5 210
10 364
5 298
7 394
4 421
4 99
2 190
3 205
9 372
10 8
3 52
3 305
2 163
9 288
10 117
7 492
5 240
7 282
9 174
5 91
3 328
3 201
3 8
3 67
10 413
10 397
7 16
1 474
6 228
8 416
8 375
5 53
3 28
4 239
10 226
1 335
4 133
7 155
5 262
9 438
5 32
6 211
5 16
1 196
3 266
7 448
3 230
1 47
3 406
7 90
4 432
4 190
3 394
6 189
8 311
3 422
3 151
8 187
3 100
8 276
3 254
8 369
7 184
10 302
3 4
2 79
3 158
7 63
2 10
1 437
3 234
1 200
10 157
7 396
4 358
1 370
5 376
7 480
4 202
8 226
1 80
8 150
7 280
6 115
6 258
9 22
6 190
3 480
2 149
10 61
5 159
8 306
2 462
2 384
10 353
5 36
10 272
4 202
5 443
7 446
6 332
4 462
3 304
8 56
7 155
6 122
5 223
8 57
9 40
10 59
5 486
5 135
2 200
8 208
10 467
2 473
4 180
9 115
4 464
5 323
4 156
3 339
4 193
1 379
6 411
6 84
6 155
7 268
2 437
2 428
6 88
6 191
10 213
1 351
9 330
1 96
2 434
7 456
8 207
6 190
5 474
4 319
9 167
8 222
3 89
6 361
8 312
2 245
8 160
8 369
8 290
3 122
2 311
4 383
6 41
3 413
7 395
4 339
3 420
9 461
2 262
10 379
6 360
7 260
4 97
4 289
4 4
5 181
10 306
5 110
7 0
9 46
9 279
1 275
3 218
9 137
10 254
8 227
9 322
6 486
5 425
7 143
9 106
4 317
3 472
7 34
10 424
4 209
5 86
1 262
10 107
2 137
5 74
