500
4.67 4.57 1.38 2.95 1.0
5 52
7 379
10 405
8 412
8 441
7 496
8 236
9 141
6 63
9 200
7 527
2 364
10 410
4 415
4 387
10 37
6 74
2 119
6 290
1 201
5 185
1 39
2 523
1 279
1 469
4 45
9 14
9 543
8 68
8 18
3 316
3 318
7 107
10 380
5 149
9 298
10 166
1 115
6 418
1 351
7 232
10 62
7 166
7 329
6 139
6 484
2 116
1 328
8 243
3 192
5 171
10 505
4 214
1 439
7 486
9 288
4 441
8 288
5 239
2 29
7 410
5 239
6 439
6 331
7 14
1 271
2 51
1 381
10 129
5 360
6 346
1 357
10 142
7 197
9 169
10 494
6 524
9 73
1 510
4 306
1 80
7 286
7 14
5 151
9 413
10 527
6 500
6 47
6 411
9 481
10 111
10 459
4 377
5 174
4 163
9 281
3 24
1 111
9 331
8 456
5 374
8 416
4 76
2 264
4 331
9 72
1 272
10 162
4 495
3 297
2 111
1 298
4 16
4 183
4 464
7 95
6 365
3 495
8 276
6 479
8 318
8 547
1 420
5 10
7 441
2 524
5 272
8 99
2 512
4 87
7 130
9 251
4 515
7 530
8 58
9 130
6 273
1 270
6 116
5 30
2 523
4 421
3 224
2 107
6 413
7 325
10 221
6 214
9 48
3 353
4 514
7 163
1 460
4 503
9 146
2 392
9 526
9 521
6 404
6 184
7 408
2 497
5 42
9 208
10 103
9 87
6 190
10 230
9 37
9 124
10 292
9 276
10 73
9 170
6 550
9 431
1 138
4 540
10 499
4 84
6 321
8 118
4 299
1 369
9 442
7 345
2 407
5 187
9 550
1 541
9 236
10 238
2 53
9 465
7 196
1 382
3 522
6 505
4 358
6 333
10 349
4 446
6 401
9 42
4 247
10 120
5 340
6 545
3 210
3 173
4 145
2 356
3 352
5 106
7 47
2 126
4 374
2 79
3 18
1 199
8 537
9 78
6 448
6 262
6 60
5 370
7 239
2 374
9 449
8 424
10 32
4 278
8 315
1 363
7 504
3 36
9 493
9 271
7 18
1 85
2 400
10 418
4 367
1 238
9 388
10 133
7 422
7 391
3 31
5 397
1 69
10 141
3 4
7 179
5 383
7 332
5 114
3 222
10 207
2 491
2 175
8 349
9 80
5 494
5 531
8 108
6 171
2 447
10 184
3 476
4 158
3 110
1 321
10 26
1 312
10 258
10 304
2 460
7 301
10 522
10 114
8 137
4 334
7 425
6 210
2 346
4 323
6 459
6 157
8 493
9 231
6 436
5 446
8 249
3 506
2 456
5 264
2 384
7 362
1 230
2 298
9 525
5 548
9 42
6 531
4 521
3 158
4 432
7 544
6 26
5 239
4 176
2 60
6 202
8 226
9 185
7 43
5 161
7 200
2 2
2 328
9 421
9 17
6 25
5 58
1 28
10 298
6 143
4 89
2 453
8 62
2 545
7 125
10 184
8 519
6 338
3 380
4 127
7 542
4 388
7 285
3 15
8 299
8 247
4 203
9 452
10 522
5 372
5 31
3 213
7 500
8 440
6 107
9 15
9 365
1 441
2 139
7 61
4 136
5 156
2 357
7 19
10 19
10 20
3 260
9 333
5 293
6 220
6 358
3 493
2 370
2 480
6 272
3 39
9 247
3 205
2 387
6 246
8 18
3 26
4 161
6 110
1 493
10 6
8 218
5 139
2 328
8 315
1 374
5 147
2 52
2 532
10 149
3 82
1 107
7 494
4 160
2 456
3 26
4 263
9 531
3 137
8 262
6 155
4 396
3 9
5 547
8 346
6 508
1 288
10 530
9 223
6 217
8 142
3 307
9 309
5 442
10 123
6 462
5 108
4 388
3 406
4 394
5 109
10 34
8 145
7 511
10 479
7 115
7 240
4 201
3 159
3 121
9 540
10 214
7 63
1 489
8 424
3 310
3 397
2 299
4 352
5 342
6 508
4 81
1 464
4 167
5 314
10 486
6 9
4 74
1 160
2 121
10 547
1 433
3 195
7 550
5 3
7 279
10 546
8 389
10 493
6 262
7 297
3 517
10 151
3 545
4 268
6 39
8 458
7 180
8 72
3 530
4 68
5 474
3 36
2 260
6 189
3 118
3 162
1 433
8 378
8 222
6 360
7 201
10 301
7 7
10 302
7 199
9 107
6 431
1 89
7 99
4 400
10 257
4 344
6 532
7 299
2 117
2 83
