100
1.17 3.38 3.46 4.92 1.0
8 103
6 110
1 25
10 105
4 74
10 57
4 97
2 40
7 34
2 104
5 68
8 110
8 18
6 0
7 77
5 26
1 14
3 24
5 19
4 104
2 99
10 45
10 74
10 53
10 98
10 85
8 72
7 67
8 52
1 8
2 74
2 103
4 35
8 29
6 38
2 14
4 78
2 59
2 17
5 43
9 84
8 53
8 25
5 2
3 99
5 49
1 67
3 95
4 68
5 93
5 28
7 4
7 35
9 24
3 34
6 30
4 63
6 58
2 66
4 53
4 69
1 13
9 22
9 74
6 54
7 0
3 77
9 81
7 75
7 89
5 88
8 65
10 91
3 90
3 45
2 23
9 31
8 20
2 84
8 51
1 78
9 97
3 36
7 95
5 85
7 1
10 22
7 25
4 67
7 24
9 17
8 74
6 49
1 28
8 23
10 15
1 91
3 34
3 85
8 90
