350
3.48 4.06 1.83 4.83 1.0
6 173
2 185
3 107
5 33
7 358
9 33
3 99
6 30
3 186
8 58
6 330
5 103
9 198
8 45
2 227
4 49
7 216
7 305
3 231
10 346
4 145
3 18
4 226
4 93
9 327
7 234
4 128
4 237
5 317
6 267
3 254
7 367
5 263
6 101
1 154
8 162
4 205
10 165
1 243
1 219
6 23
9 355
4 59
7 75
10 214
2 42
4 343
9 208
8 143
4 163
6 103
4 64
10 41
6 363
8 258
7 206
2 193
8 31
6 29
6 260
10 161
7 162
5 213
4 228
3 99
8 84
6 162
8 256
7 115
1 224
2 134
10 321
4 276
3 8
8 91
3 313
6 293
9 321
8 349
3 192
4 87
7 261
10 214
2 163
9 321
2 214
7 214
4 94
4 242
2 372
3 344
4 53
9 273
7 133
8 147
6 239
1 191
4 110
4 18
8 252
4 21
3 98
9 308
6 281
10 140
10 357
10 326
1 3
8 312
1 192
6 327
4 234
2 72
9 242
6 285
7 273
2 20
3 16
9 20
9 99
9 237
1 367
5 346
6 177
1 56
7 337
10 224
10 67
2 71
4 147
4 202
5 172
9 119
9 4
10 83
1 240
3 47
1 372
3 262
5 15
5 73
1 343
4 126
1 280
2 82
10 312
1 102
4 265
6 362
3 208
9 314
2 8
5 148
1 99
9 308
10 337
9 305
8 37
1 170
9 125
3 180
9 59
9 379
8 322
9 363
6 254
9 182
1 220
8 319
6 366
6 332
4 83
8 268
10 213
5 274
1 362
3 334
6 19
7 221
10 61
3 219
6 267
10 176
1 200
5 68
7 44
9 120
9 193
8 295
7 307
8 299
8 48
7 383
4 130
6 192
8 249
5 159
4 362
7 77
9 380
9 348
1 156
9 162
1 185
8 99
1 189
6 367
4 227
3 102
5 72
4 121
2 118
5 141
1 255
1 206
2 341
5 355
8 339
4 296
7 144
2 238
1 336
2 154
5 305
2 258
6 345
7 25
8 283
6 251
5 269
4 207
6 40
2 91
5 364
5 293
9 236
3 15
9 241
7 269
7 118
5 124
6 319
7 255
6 219
10 89
10 233
3 281
6 128
3 353
5 223
3 276
2 136
7 18
6 173
4 188
8 100
6 292
2 284
4 85
1 341
6 170
2 16
9 248
4 330
10 223
1 255
3 168
8 349
8 89
6 294
3 202
10 170
5 10
3 186
10 251
10 306
9 200
2 340
10 368
9 162
2 129
10 307
9 265
8 169
4 307
10 130
5 218
6 180
6 307
4 161
3 154
3 91
7 378
6 323
1 91
3 263
10 330
8 361
6 53
8 264
10 311
7 328
4 114
10 184
8 314
3 257
8 219
4 226
1 2
10 295
10 71
10 63
7 63
9 4
8 194
8 304
7 3
10 351
6 6
1 164
5 349
1 362
7 105
1 88
10 117
6 322
1 264
7 57
4 137
1 338
6 49
3 151
1 379
7 326
6 101
7 257
9 57
6 111
2 278
3 370
3 11
5 373
2 243
4 13
5 231
1 240
10 76
3 296
1 137
6 382
