400
3.71 1.69 2.69 1.86 1.0
9 86
7 219
1 230
1 168
7 43
5 206
3 275
5 46
8 55
6 223
10 275
7 156
3 78
1 15
7 294
1 287
3 267
8 413
8 269
1 327
1 305
6 413
10 26
6 256
7 233
6 136
10 389
7 241
7 379
1 0
3 434
5 422
8 185
4 147
1 48
9 219
9 142
2 44
4 404
7 320
1 179
6 353
1 425
6 172
10 344
4 417
9 395
1 254
1 105
5 242
5 19
7 151
2 162
8 322
6 184
5 110
4 126
7 433
6 325
7 312
5 376
1 185
9 311
1 12
2 143
6 342
10 415
6 192
6 208
9 363
2 115
2 381
2 258
10 269
9 235
2 210
8 361
4 381
6 393
3 320
7 390
1 432
5 319
1 297
3 323
5 330
7 127
9 296
10 104
3 195
6 339
3 387
6 343
9 368
8 289
3 21
8 98
2 269
10 73
4 399
2 323
1 35
7 174
10 126
2 178
1 202
1 68
4 126
8 175
8 193
3 396
3 51
1 298
8 10
6 198
1 419
6 383
5 215
5 365
6 81
6 105
1 272
6 413
3 276
9 252
7 118
5 354
4 205
6 262
4 256
6 137
7 271
4 132
4 109
4 63
3 338
5 153
10 420
4 90
8 89
9 292
4 334
1 28
2 292
4 15
4 240
5 127
4 95
8 435
7 272
7 370
8 326
6 80
4 246
8 133
9 417
6 231
5 413
1 352
8 25
1 176
1 82
9 260
10 267
5 195
9 303
2 249
4 212
9 406
8 360
8 114
9 247
7 160
7 105
2 88
9 408
4 229
10 256
6 198
7 23
1 242
6 221
2 132
4 11
9 380
9 80
7 38
6 215
10 77
1 400
1 362
1 169
4 67
4 214
7 50
2 228
7 175
2 155
2 189
6 10
4 211
10 61
4 368
4 247
1 190
9 97
4 144
8 284
1 299
6 11
8 172
6 324
5 252
3 218
4 96
3 58
6 428
6 139
2 255
10 127
10 248
9 14
10 124
4 239
5 255
4 159
6 399
1 213
7 265
2 433
1 268
2 13
9 196
8 95
5 164
2 325
1 248
6 184
5 426
1 212
7 332
3 235
5 29
7 158
7 128
5 192
3 250
5 99
1 203
4 191
4 106
1 250
1 411
9 33
10 106
5 64
10 156
3 424
3 39
7 149
2 238
2 0
5 159
2 416
4 134
8 29
4 29
10 318
8 391
6 282
10 147
5 145
9 45
6 272
2 420
1 203
6 167
9 162
2 49
3 347
10 228
7 74
3 205
5 372
3 18
10 36
9 304
9 78
4 277
6 151
7 439
6 9
2 334
5 28
1 46
5 21
8 54
3 337
4 280
6 224
9 216
7 86
1 206
7 295
1 377
9 279
7 165
10 420
9 151
5 375
1 257
4 426
10 72
6 416
1 217
6 144
4 75
5 394
1 171
4 338
4 354
6 10
1 296
4 409
3 197
1 82
9 39
9 164
10 171
3 102
10 371
9 355
6 437
1 39
8 337
7 438
2 394
3 306
5 165
8 323
8 401
1 296
7 273
1 440
10 351
9 178
10 173
8 237
8 65
8 220
5 285
10 211
9 43
6 92
4 51
3 324
10 156
9 340
10 364
1 314
6 204
7 259
10 180
5 127
4 384
9 206
6 211
2 239
5 240
10 431
9 367
10 415
6 208
6 210
3 159
1 357
7 242
3 385
5 25
4 74
3 367
5 66
5 194
6 186
9 221
10 47
6 353
6 135
6 35
5 181
5 202
2 287
6 341
9 64
9 413
6 8
8 91
10 32
4 398
9 390
