150
3.6 3.73 3.2 4.84 1.0
5 54
8 21
6 165
10 158
9 54
7 88
10 118
6 69
2 123
8 30
2 87
1 58
10 44
4 87
9 154
5 50
7 18
1 131
2 165
4 136
4 7
7 109
10 82
4 132
5 101
8 68
2 138
3 154
2 91
10 39
1 156
7 120
3 17
7 153
2 23
6 73
6 33
1 48
7 159
10 11
8 54
2 47
9 96
2 83
4 47
5 99
6 62
10 51
7 85
2 56
5 87
4 7
7 1
4 43
9 9
7 157
3 97
10 155
8 76
7 84
5 147
4 111
8 59
4 103
1 67
6 142
9 125
5 1
3 74
10 20
7 13
7 100
6 95
6 47
10 68
5 106
9 3
4 39
4 8
1 138
7 99
6 6
2 74
4 95
4 84
1 117
10 119
9 45
3 127
6 48
6 139
7 60
10 74
5 82
1 73
3 141
9 45
3 131
10 35
4 48
7 19
1 154
7 106
2 110
6 92
10 49
6 18
5 111
3 18
4 92
7 59
4 137
7 36
7 121
1 102
9 2
1 157
5 137
10 104
1 51
3 136
3 62
10 11
6 103
10 52
3 67
10 55
4 87
10 113
1 64
4 77
8 137
7 145
6 25
9 49
3 120
6 69
3 78
2 32
2 146
5 126
7 109
4 143
2 165
5 125
8 9
3 143
10 28
8 141
4 150
