250
2 1 5 14
16 16 33 19
6 15 38 14
17 27 45 20
14 20 37 16
5 40 54 6
6 25 40 6
6 53 60 7
18 81 104 25
12 57 74 20
6 46 71 15
2 89 92 2
14 44 64 15
3 5 15 8
20 39 60 25
6 127 145 19
15 146 169 24
16 133 156 30
2 131 137 10
11 48 64 13
1 34 52 11
7 133 141 11
16 200 226 17
15 238 253 27
8 81 95 23
18 243 263 32
13 77 91 18
14 112 126 16
6 168 177 11
10 132 149 19
13 31 52 18
9 304 313 10
4 112 119 10
17 189 208 18
18 34 58 22
11 64 77 15
2 33 38 2
3 4 25 10
19 194 213 20
3 135 139 15
2 4 7 5
6 285 305 12
1 20 27 4
17 98 132 33
6 116 131 13
6 91 97 8
7 229 241 9
13 430 449 13
3 312 324 6
18 63 93 30
9 460 475 16
9 330 347 17
19 304 328 25
14 92 112 14
9 10 22 9
7 249 257 27
18 366 386 21
3 76 82 5
8 450 459 11
6 520 527 12
7 187 203 13
18 44 63 19
11 378 392 14
9 403 412 9
3 353 361 6
11 229 240 12
3 53 59 10
11 126 137 14
11 297 308 19
10 445 456 11
2 523 530 5
9 174 187 19
13 5 18 15
4 447 462 19
2 350 356 18
12 292 305 14
19 404 426 32
11 441 452 11
17 265 301 19
6 610 630 25
13 474 487 16
5 508 520 17
13 768 785 19
11 799 816 22
14 367 386 24
9 148 157 10
14 1 16 14
14 419 436 18
8 24 34 26
3 723 739 8
2 751 753 11
16 206 223 23
15 114 136 18
10 762 774 15
4 278 293 9
14 826 840 18
5 693 698 6
20 289 311 22
7 340 347 8
15 99 128 26
12 906 922 14
9 169 184 11
14 140 161 14
1 916 917 11
20 482 503 31
13 464 477 15
3 452 456 4
8 1050 1061 18
14 292 308 19
18 303 322 24
2 204 216 11
2 591 605 6
17 676 693 23
19 1025 1046 26
11 850 865 11
10 392 408 19
11 740 757 13
19 437 457 20
6 263 270 9
8 583 591 16
8 206 216 21
7 548 556 7
4 880 891 9
15 256 277 15
3 379 393 12
6 82 89 23
8 660 675 8
16 864 881 19
1 280 289 4
2 1267 1270 4
17 250 272 26
10 72 83 18
4 466 470 6
4 1240 1247 8
7 692 704 7
6 1150 1157 6
1 605 607 7
17 1145 1173 21
17 724 743 18
1 1 6 3
14 307 331 17
11 1085 1112 16
13 420 435 16
15 996 1012 17
18 646 669 19
19 693 712 20
6 97 116 12
10 873 885 13
7 33 40 13
18 198 216 19
12 1206 1227 18
1 235 239 3
10 59 71 17
7 905 922 14
11 1152 1167 24
5 1360 1370 9
2 438 454 17
9 62 86 10
20 1143 1164 21
13 1045 1064 15
5 1567 1579 6
20 470 491 30
6 543 561 23
20 818 838 20
8 1297 1306 9
16 25 46 21
1 68 72 1
16 1126 1150 25
4 809 829 17
4 1010 1023 10
16 989 1008 18
8 1614 1623 8
13 1151 1168 22
18 558 587 19
11 1121 1137 20
9 1229 1240 10
12 1372 1384 17
19 201 223 27
6 369 384 6
7 988 1012 24
20 596 619 22
14 1127 1153 24
18 691 720 28
16 801 834 33
11 1151 1162 30
16 1607 1625 21
10 69 87 14
10 1662 1684 29
5 95 108 9
19 955 980 22
16 771 789 21
16 998 1017 16
20 202 231 21
5 13 23 6
16 1684 1701 17
15 1935 1952 18
11 260 273 12
12 213 241 23
18 1743 1772 18
2 459 467 4
2 182 190 10
1 471 473 2
3 563 567 9
3 1694 1701 8
9 921 932 12
6 79 86 6
2 581 587 3
3 897 902 8
13 380 394 13
7 1945 1962 13
3 1427 1430 7
4 1753 1758 20
3 1966 1974 6
4 1011 1015 8
7 1652 1673 16
2 943 949 13
8 713 729 9
3 190 195 7
12 1788 1804 14
9 1848 1861 13
18 704 725 27
7 1621 1640 9
12 864 881 15
1 2125 2126 2
17 1707 1725 26
4 1941 1955 17
19 1060 1079 23
14 1549 1573 15
16 1632 1648 19
20 478 501 27
4 1230 1235 8
6 938 949 14
18 1696 1714 20
17 2224 2243 23
8 121 136 19
9 1877 1887 16
10 1889 1902 12
15 114 136 20
5 909 914 6
12 1510 1522 15
7 2118 2126 11
8 714 723 11
10 608 628 26
1 417 427 10
12 806 820 17
18 1702 1729 19
4 168 178 14
8 125 140 21
14 751 781 26
2 145 148 6
