300
6 9 29 16
9 4 24 20
9 13 22 10
19 1 30 26
8 9 18 17
15 34 53 16
17 30 61 23
1 15 24 6
18 64 85 20
19 63 82 29
17 109 130 28
6 108 121 8
1 71 87 9
4 2 7 5
6 111 122 18
8 30 47 14
11 98 115 17
9 146 169 10
2 137 145 15
17 190 208 17
2 31 33 18
20 22 48 22
6 15 33 14
7 32 43 9
9 48 57 10
14 139 163 22
11 128 148 27
20 8 29 28
13 118 133 14
15 151 166 19
14 158 172 32
3 295 306 10
18 138 159 22
2 337 339 6
10 185 204 16
1 359 364 9
19 176 195 32
20 150 175 25
20 373 394 20
14 371 390 19
15 338 361 22
20 196 216 34
4 56 65 8
4 414 420 7
3 103 111 8
11 232 249 31
18 441 477 31
2 23 26 4
7 419 427 11
9 424 434 12
14 91 106 15
12 486 506 23
2 65 71 5
12 185 199 17
7 95 104 17
17 399 420 22
3 167 181 14
2 553 557 4
12 269 288 20
12 148 160 20
19 317 345 27
11 58 71 15
4 413 420 6
2 428 432 2
4 164 168 4
11 600 622 13
20 292 315 21
12 185 200 15
6 56 62 7
20 339 370 31
5 418 435 9
8 550 561 12
12 575 588 21
3 152 157 3
15 515 534 18
5 748 758 9
9 257 273 12
6 743 752 8
10 422 432 12
18 578 597 19
7 189 210 8
10 139 166 20
19 400 421 21
10 532 542 13
19 433 455 20
6 695 715 16
6 398 404 15
12 743 756 13
1 147 154 1
18 156 174 22
3 200 207 10
6 443 453 8
12 40 53 13
1 760 763 17
5 371 384 9
3 17 20 13
16 314 331 18
12 904 922 18
10 191 202 15
15 728 743 17
8 330 346 14
17 966 987 20
7 395 403 9
13 793 810 25
18 152 175 19
1 196 205 11
20 464 486 22
20 69 91 24
16 293 312 34
11 833 862 29
14 107 128 16
14 438 454 14
9 12 26 12
4 591 596 6
1 209 218 10
7 771 782 12
19 432 458 21
11 953 964 11
4 170 185 13
12 689 708 28
5 101 110 13
5 380 385 6
17 1204 1221 21
15 662 677 16
9 1077 1088 9
2 435 439 13
9 34 51 20
5 542 550 11
2 356 358 2
9 45 59 16
17 1197 1218 19
13 138 151 15
2 1179 1188 7
11 1325 1338 12
3 624 633 11
14 645 659 15
17 1138 1172 27
14 206 229 32
16 1154 1171 16
1 109 114 1
15 1042 1058 19
19 1106 1135 33
3 611 616 3
19 472 493 36
18 909 931 34
12 1059 1071 15
6 1192 1214 16
1 848 856 9
4 122 136 13
13 72 87 23
17 136 161 26
10 1420 1434 11
14 108 124 15
17 907 924 17
5 215 220 5
7 467 485 12
12 681 702 26
20 157 179 21
5 1045 1051 8
16 1581 1599 22
19 1036 1065 31
17 1619 1650 33
11 1457 1479 26
17 1107 1124 27
16 395 412 16
12 900 919 15
4 1203 1218 16
12 1436 1466 30
13 1392 1407 15
13 1462 1476 18
8 1013 1027 17
15 109 130 26
3 55 62 7
1 836 841 15
20 21 44 28
4 64 68 6
12 1548 1565 15
20 1217 1243 20
17 1483 1506 26
12 981 1003 23
11 1809 1834 22
20 1083 1121 27
4 738 742 6
16 1077 1105 28
1 236 237 1
2 253 257 4
8 594 607 12
13 286 303 14
2 1084 1087 7
2 1389 1392 2
2 216 222 11
6 1548 1555 12
15 766 783 18
6 794 807 19
18 983 1010 18
4 1478 1493 14
3 1518 1528 6
20 1760 1784 20
18 401 428 20
2 814 817 3
14 935 957 22
4 1012 1020 21
19 440 467 22
9 854 869 11
5 1038 1054 18
16 468 484 17
9 1270 1297 15
20 247 283 26
16 1651 1672 22
13 1757 1779 14
19 638 670 20
13 1069 1090 20
18 335 358 20
4 707 712 4
5 1918 1928 10
14 1204 1223 16
10 366 390 25
4 1265 1272 19
8 1168 1176 9
7 1259 1273 8
12 693 711 22
7 472 479 12
13 1524 1551 20
17 1662 1689 17
20 489 512 23
9 1084 1097 14
8 1028 1048 12
14 2039 2066 16
11 1225 1240 18
14 511 528 16
6 115 121 16
14 1039 1061 14
13 1792 1806 14
15 1394 1411 16
14 1031 1046 18
8 2 30 15
10 532 542 10
20 462 493 29
13 485 499 19
2 896 899 3
10 612 630 22
16 2386 2403 17
20 1552 1580 33
2 1287 1290 9
11 33 44 11
17 195 215 27
15 541 557 22
16 1216 1235 26
9 1775 1795 9
17 1353 1385 25
5 2259 2271 21
1 503 512 9
13 335 361 14
14 108 132 24
12 1522 1536 13
11 1981 1997 24
20 1338 1359 30
8 282 300 19
9 2276 2286 9
14 881 896 16
7 805 813 15
10 481 505 22
15 1351 1370 21
16 2270 2287 17
17 2237 2259 21
10 584 602 11
17 963 989 27
4 704 711 5
10 593 604 11
10 2012 2034 23
13 1913 1932 13
19 2315 2344 25
12 534 553 15
19 1841 1863 24
13 1207 1223 16
12 1340 1364 17
20 2362 2383 20
11 1886 1904 15
19 2563 2582 19
18 2648 2668 19
3 134 146 5
10 1355 1366 11
8 1945 1953 11
1 2026 2031 5
1 2303 2307 14
4 2385 2406 7
17 2347 2378 25
1 2525 2537 20
19 2316 2341 26
4 2530 2544 15
1 1014 1025 6
10 1733 1750 11
11 1283 1294 11
14 2524 2538 17
8 2392 2404 9
7 542 559 13
13 1847 1864 15
17 1491 1513 28
11 2972 2988 14
10 336 350 12
