400
8 10 22 12
4 0 8 7
13 7 20 16
1 33 36 2
8 48 71 11
8 16 25 9
4 12 18 10
7 25 36 10
1 39 45 4
12 83 100 20
13 79 96 16
3 24 28 5
6 67 74 12
18 39 61 22
18 141 161 20
15 101 119 17
6 106 121 13
4 132 143 15
13 184 200 16
1 28 30 11
13 5 18 22
11 43 56 16
2 192 197 4
17 45 62 20
2 30 37 3
8 62 80 16
4 216 226 11
7 48 57 12
4 277 296 17
18 228 254 28
10 213 228 13
3 301 315 9
16 137 153 22
12 29 41 12
10 218 233 16
2 159 161 7
4 43 51 8
16 24 45 24
6 17 28 7
6 187 194 7
12 149 165 16
20 93 113 24
14 99 120 18
10 219 229 10
15 235 251 25
11 317 333 15
18 362 388 29
13 430 451 23
7 66 89 14
2 79 83 2
4 22 29 9
14 47 62 16
20 346 370 35
7 155 163 16
7 250 261 8
15 464 487 18
19 347 377 28
16 59 76 24
13 465 479 16
13 371 387 13
8 367 383 18
16 443 469 26
20 591 616 30
6 594 600 7
11 81 96 19
16 449 466 16
18 456 474 18
2 172 174 2
12 570 583 12
15 385 402 22
10 407 419 10
15 144 160 15
17 271 298 27
7 335 343 9
5 82 94 21
15 696 716 20
11 626 645 17
10 165 179 11
14 1 21 17
13 271 287 15
8 35 51 16
12 772 792 20
13 153 171 14
13 598 611 13
3 197 203 4
13 261 276 18
20 355 378 23
20 565 599 34
5 640 652 6
13 630 647 16
1 691 705 14
19 345 365 28
12 108 122 18
20 333 353 27
18 586 608 20
8 111 119 9
1 457 459 4
4 706 712 5
3 309 312 4
16 407 424 27
5 361 375 12
12 1001 1018 20
6 566 572 6
2 92 94 2
5 176 184 8
7 975 989 13
6 46 64 7
18 13 39 28
14 715 732 18
17 332 350 19
13 546 559 20
19 776 799 23
4 102 112 4
12 523 542 15
17 889 917 33
7 54 61 8
1 87 92 7
10 184 196 11
8 10 26 11
17 337 356 18
1 637 640 2
16 455 473 16
15 36 52 20
4 164 181 9
1 811 822 1
14 1025 1045 28
6 1090 1105 8
7 875 888 9
13 196 218 17
18 285 307 24
2 670 672 7
8 1298 1309 14
12 1214 1236 20
3 688 691 10
15 1275 1291 15
10 134 148 11
11 215 228 11
20 273 293 24
17 2 25 18
8 1263 1283 11
20 65 95 26
17 723 752 24
3 1045 1050 5
4 1176 1190 11
16 921 938 16
12 379 400 14
6 1188 1198 6
16 1285 1302 20
18 331 356 26
15 466 481 20
11 212 230 12
19 255 276 23
15 250 266 16
11 125 136 26
4 715 723 23
11 7 18 15
7 904 923 11
8 198 213 26
11 72 86 20
5 1373 1394 5
1 1590 1602 8
15 1601 1631 25
8 671 680 17
7 189 213 15
1 1583 1584 4
17 816 841 22
16 560 580 25
14 233 252 26
12 197 213 23
11 426 439 16
5 1692 1702 10
2 250 255 12
18 1156 1175 18
6 1048 1054 6
14 1124 1139 16
16 884 914 33
16 818 837 16
9 1503 1516 9
3 943 952 11
4 475 495 18
13 1645 1659 16
3 1354 1357 3
11 1568 1587 16
11 1042 1062 12
14 369 384 14
12 433 454 18
12 568 585 15
15 171 195 21
3 1697 1702 13
18 1066 1091 24
8 1379 1393 10
5 1743 1750 5
5 1230 1245 15
15 1890 1910 17
2 73 85 7
9 1619 1635 17
4 1437 1446 8
8 792 801 9
20 1051 1075 20
4 46 51 6
12 165 189 12
17 484 501 18
14 770 787 19
2 479 487 6
15 1032 1047 25
16 1987 2005 21
13 1024 1039 14
10 1683 1697 12
8 2085 2094 8
14 219 239 15
1 1130 1141 4
1 372 383 11
18 201 220 20
18 1337 1356 21
9 677 696 16
2 1955 1963 13
6 1785 1797 10
18 902 929 31
13 1194 1210 16
18 445 467 24
15 1912 1928 16
16 618 638 17
15 594 615 22
8 2033 2056 14
18 1088 1107 23
19 87 115 29
8 1623 1632 13
9 596 608 9
9 425 435 11
17 903 928 22
14 604 620 18
19 1829 1856 27
13 222 235 21
9 167 188 10
7 800 811 8
15 1104 1126 27
3 1983 1993 8
16 531 547 17
15 1695 1715 16
8 713 727 16
8 24 38 8
14 636 662 30
10 698 711 18
15 689 718 20
13 46 59 15
16 828 860 31
15 578 606 24
12 63 79 17
19 1085 1108 20
18 245 264 18
14 516 530 14
19 1597 1618 22
16 231 261 22
20 2407 2436 20
8 188 199 9
1 1007 1020 6
8 14 29 8
14 2428 2455 33
2 112 116 8
14 845 863 28
15 1748 1764 15
14 1189 1215 28
7 2527 2544 16
18 1732 1756 21
5 10 22 5
12 199 214 18
20 2109 2133 24
15 1851 1868 21
20 2519 2540 21
6 486 493 7
1 2078 2079 3
7 2536 2544 11
9 1193 1203 9
13 1783 1799 20
14 2143 2159 15
16 2358 2376 25
11 239 261 23
19 474 501 31
2 1304 1315 3
11 2410 2421 12
15 2700 2721 24
3 283 301 17
8 866 881 8
9 1002 1028 17
12 1171 1193 20
4 2440 2447 7
8 498 507 10
18 1877 1895 27
9 2759 2771 14
18 79 100 28
16 2097 2113 20
11 576 589 16
11 2321 2344 25
19 2393 2430 28
1 2037 2040 12
8 1521 1538 12
6 2619 2629 13
16 93 116 30
6 1388 1401 8
19 584 605 23
9 998 1016 21
4 2760 2768 10
5 2023 2037 12
4 2180 2185 8
19 2723 2748 26
1 2201 2220 6
1 2562 2576 2
9 311 337 27
9 2257 2266 11
8 553 565 16
6 1398 1406 19
11 2588 2603 13
3 1858 1866 6
11 2041 2052 16
11 1516 1527 13
15 294 312 17
12 478 493 21
10 1995 2015 19
7 797 812 14
15 2094 2110 22
14 1881 1898 19
4 3157 3168 14
7 3223 3233 9
7 2128 2135 15
10 2100 2116 18
15 1690 1715 30
8 2907 2918 8
20 69 92 21
20 794 814 20
5 250 264 12
5 908 923 6
1 2488 2491 4
8 3191 3200 9
15 436 453 15
20 2625 2645 20
4 2801 2812 13
19 3203 3223 32
20 3010 3035 26
10 971 984 13
14 2232 2256 21
17 640 659 17
12 2734 2753 23
11 2653 2670 11
5 2943 2948 11
11 326 348 13
12 2172 2190 24
12 909 927 15
13 1626 1642 13
15 745 773 28
15 916 939 17
8 670 692 21
11 47 58 22
5 2662 2677 10
20 1254 1276 27
4 2965 2975 7
10 2407 2419 11
6 3283 3299 18
16 2950 2968 19
16 334 353 24
8 763 775 11
17 257 274 18
1 68 69 3
9 986 1000 11
19 1721 1747 22
19 3473 3494 21
17 2144 2171 34
4 747 753 8
2 3595 3600 2
14 3642 3657 16
2 1505 1511 7
4 2570 2574 6
20 3162 3186 24
5 763 772 5
8 3653 3663 13
1 3741 3744 5
17 2491 2510 18
16 2560 2576 17
4 3340 3346 4
18 2885 2906 22
3 450 453 4
19 2230 2249 23
16 2194 2216 18
19 2116 2139 23
13 2434 2449 15
3 2176 2184 17
13 579 602 17
7 2183 2194 10
3 961 968 6
12 3559 3578 19
20 550 572 30
11 647 665 11
19 3791 3812 26
8 3255 3269 18
18 35 58 19
12 549 563 12
18 891 918 20
1 1646 1662 9
17 1500 1524 27
15 2204 2222 26
6 2460 2472 12
