50
18 4 22 20
14 0 14 16
2 7 9 4
4 7 14 6
18 24 42 19
7 50 60 9
13 54 76 13
18 58 79 25
13 68 84 16
18 39 58 18
11 0 13 11
10 8 26 16
1 87 93 1
13 96 109 14
18 8 31 23
9 2 19 13
15 136 154 20
8 139 157 21
7 148 158 11
13 174 191 13
18 87 106 18
11 193 210 19
9 30 43 10
12 215 234 15
5 110 117 17
1 63 73 5
8 162 173 20
19 194 219 19
10 133 148 18
15 290 312 20
9 1 13 16
12 198 212 18
19 95 114 24
16 271 294 27
7 321 331 8
13 108 122 13
12 235 248 12
10 182 209 16
1 121 126 13
17 55 90 32
10 26 40 15
14 229 247 19
10 278 295 10
5 98 103 8
11 92 107 13
18 59 77 20
19 11 31 29
20 355 380 21
19 439 458 20
15 299 314 17
