500
19 4 41 21
7 12 20 13
8 23 31 13
20 35 62 22
18 40 58 23
19 57 88 35
6 67 76 10
16 69 88 24
17 64 82 28
13 54 78 13
10 20 36 16
2 83 86 3
5 85 109 15
14 123 143 27
1 105 106 1
7 16 27 11
20 61 85 22
7 158 180 22
13 84 97 13
14 58 74 21
17 153 179 18
6 78 85 17
1 155 156 3
13 158 178 13
15 163 182 30
2 182 184 2
3 261 276 3
1 199 204 1
18 205 223 26
15 284 301 17
6 267 277 8
4 21 31 6
18 15 39 23
1 193 202 8
4 157 170 4
15 167 192 21
8 262 272 11
13 138 164 27
8 338 352 16
6 33 43 8
9 168 178 9
14 271 296 23
16 124 143 28
18 19 40 24
15 46 61 15
7 38 45 17
2 118 124 6
8 292 306 15
9 400 418 18
18 143 161 20
12 164 182 13
1 127 133 10
20 149 173 23
15 404 421 33
13 184 199 19
19 154 173 19
18 381 399 18
5 344 349 5
4 94 98 17
16 268 284 16
11 128 142 14
8 247 257 12
13 576 590 15
8 281 290 9
18 158 176 24
7 9 16 14
6 603 610 23
7 158 175 14
19 689 717 25
9 268 285 22
13 408 425 19
13 627 641 13
10 127 139 12
8 5 20 14
16 676 692 19
17 531 557 17
7 45 52 7
19 44 68 24
14 453 471 15
2 757 760 3
9 559 578 11
6 294 300 22
4 582 586 6
13 643 663 16
15 143 169 24
9 278 287 9
20 318 343 24
3 815 831 4
1 614 624 6
13 76 92 18
20 801 827 30
19 21 52 20
20 712 733 21
7 22 31 7
17 19 39 20
10 551 576 25
4 76 95 11
2 715 720 10
19 293 317 30
10 739 749 10
9 459 472 13
14 49 64 30
17 26 45 19
7 35 42 8
14 275 303 14
5 392 404 7
14 17 33 15
14 920 953 21
4 639 643 11
8 669 679 10
7 684 697 22
19 829 854 20
2 366 369 2
17 137 157 17
2 1077 1088 13
16 760 776 18
4 92 104 7
2 798 803 3
16 483 506 21
4 27 40 6
16 793 814 29
9 965 977 9
16 487 504 20
8 633 642 9
4 954 958 16
1 1082 1096 1
4 1133 1139 4
7 364 384 24
15 537 554 20
5 1083 1092 5
5 81 90 22
14 263 293 26
8 1293 1307 11
3 869 887 5
6 120 132 15
1 126 129 7
2 93 95 13
4 641 654 12
20 274 306 33
15 388 416 30
2 658 663 6
10 952 967 15
14 523 538 15
4 1072 1090 9
7 559 566 20
7 1039 1048 10
7 826 838 7
14 85 106 26
18 202 222 28
4 233 250 6
7 1402 1410 9
6 10 17 6
2 934 936 2
10 893 912 10
16 759 789 23
16 1184 1211 27
18 838 868 23
17 495 528 28
19 403 422 20
2 1126 1143 7
17 233 252 18
19 240 261 29
15 982 1001 17
17 519 543 22
2 1555 1560 4
13 1502 1517 15
1 1188 1193 11
9 1228 1240 19
3 619 630 8
10 227 237 10
7 1707 1714 20
4 351 359 8
13 1643 1658 13
11 945 968 14
5 506 518 16
6 1584 1590 9
12 1724 1738 28
10 1031 1053 10
8 1303 1322 14
17 1392 1415 23
2 301 304 5
3 1403 1410 17
8 492 504 9
16 1355 1374 16
3 87 90 3
2 404 409 16
20 334 356 26
15 1019 1042 22
7 440 451 10
1 449 463 2
17 4 25 31
17 131 148 21
9 991 1005 12
13 281 308 17
1 1679 1686 5
20 586 609 35
11 1783 1794 15
14 920 948 26
18 1887 1905 18
1 703 706 1
10 1322 1334 10
16 1753 1771 16
18 459 482 22
6 1731 1749 20
20 299 333 24
17 753 771 17
6 1110 1128 15
17 730 747 34
16 790 806 24
6 912 924 24
10 1205 1216 11
8 761 770 9
18 781 805 22
18 864 889 27
20 708 729 25
1 241 243 3
12 1146 1177 31
14 39 55 17
15 522 538 16
7 133 143 23
10 2019 2037 11
5 1884 1903 16
1 976 977 2
5 399 408 7
7 1676 1687 15
6 864 873 14
3 291 295 4
1 1144 1150 6
2 2181 2183 9
12 1527 1540 17
19 1923 1957 34
3 1220 1226 4
10 587 606 16
12 498 518 18
16 917 942 25
11 515 533 27
4 1313 1318 6
2 1680 1690 16
13 1063 1087 30
4 352 357 19
11 476 501 26
1 878 879 2
18 386 406 21
8 1676 1691 11
17 2120 2143 22
14 1547 1562 17
20 1170 1194 21
19 2407 2426 19
20 801 823 21
4 1198 1205 6
14 2475 2492 15
19 124 152 24
11 480 491 11
10 910 924 15
4 145 165 11
3 212 216 6
1 407 410 3
17 1060 1077 18
20 1960 1987 20
5 43 48 6
8 1803 1818 14
16 120 137 25
11 1648 1662 14
3 2155 2160 3
17 23 44 17
15 2349 2373 16
5 2589 2594 10
7 2562 2576 17
14 1106 1120 14
8 2611 2620 9
8 582 594 11
13 1678 1691 18
2 696 698 2
9 2400 2410 11
9 2321 2335 11
6 2105 2116 20
17 2321 2340 19
16 99 116 19
1 2081 2082 3
9 371 392 17
3 2031 2045 6
5 2771 2776 7
3 1996 2000 9
14 2516 2530 19
10 1168 1180 10
1 1187 1188 5
7 1809 1834 26
13 1400 1413 15
13 2110 2123 16
8 1767 1776 11
10 1914 1931 17
19 2174 2196 24
14 1280 1312 28
14 2485 2501 16
3 2904 2909 4
11 669 684 15
15 778 801 25
5 2455 2471 15
15 2875 2890 17
5 2938 2945 12
5 458 472 14
18 81 103 22
8 1503 1514 11
17 339 358 25
13 1244 1258 15
11 1770 1782 13
19 460 489 28
20 2217 2237 35
19 932 964 29
19 1945 1969 21
16 444 472 31
20 436 459 21
2 2097 2099 4
4 621 627 4
15 1138 1154 15
4 2293 2312 5
14 393 407 15
11 684 695 22
14 1112 1134 18
13 1541 1555 14
9 2542 2554 16
7 1789 1802 9
4 1604 1614 9
16 2654 2682 22
13 3080 3101 18
3 642 655 20
8 574 590 9
17 917 942 26
7 414 422 9
15 2442 2459 17
2 2486 2489 4
20 1091 1112 20
8 2025 2041 16
8 1193 1213 8
18 3235 3255 20
13 2979 2997 28
16 923 941 17
5 1861 1872 21
9 1411 1421 24
19 2685 2705 19
20 1901 1922 25
5 33 39 5
11 1898 1909 17
15 2164 2186 18
2 589 596 6
2 1218 1220 8
11 3408 3425 13
17 1025 1058 18
10 503 521 11
13 2338 2351 14
2 1917 1921 3
6 736 749 8
6 655 665 6
2 929 937 9
5 2973 2995 12
2 2472 2478 2
12 3188 3202 13
6 1802 1815 13
11 516 531 14
16 238 254 17
14 977 992 15
12 1269 1288 22
18 2079 2110 19
15 541 559 26
9 723 735 10
8 2823 2836 13
19 781 809 27
3 2574 2577 9
5 2478 2493 13
4 2288 2295 8
4 1219 1226 15
20 934 963 29
13 3720 3733 14
11 3465 3484 21
4 2268 2276 6
15 1077 1095 15
5 3258 3264 11
12 30 42 12
8 2127 2142 18
19 1535 1565 25
2 1897 1899 3
10 3270 3282 12
9 701 710 9
6 312 318 8
16 3086 3112 29
4 123 127 4
1 684 692 4
6 604 610 8
10 2463 2477 14
14 2378 2396 20
17 795 812 27
17 3308 3331 21
11 3767 3787 18
9 711 720 9
10 1286 1297 11
5 2992 3010 9
8 818 826 18
18 3625 3643 18
3 2130 2134 4
20 1083 1109 30
16 87 104 21
5 3001 3021 19
20 3017 3040 20
8 3648 3658 11
20 2519 2539 26
2 129 142 14
7 3744 3754 13
8 2239 2260 10
5 3897 3905 6
20 476 496 26
8 2426 2440 16
8 374 386 11
16 2705 2721 26
16 2763 2790 19
10 1697 1708 17
20 2121 2144 26
6 3722 3729 7
4 529 543 9
9 3478 3490 10
5 2464 2470 21
5 3329 3337 18
14 2078 2097 22
4 1487 1497 15
16 2878 2907 21
9 2394 2405 11
1 314 316 4
16 50 67 18
3 1049 1060 9
10 3359 3375 19
12 3394 3407 12
16 1986 2004 16
17 3024 3051 30
6 4313 4319 8
7 2997 3021 8
17 2945 2963 17
15 2330 2346 21
20 2566 2590 21
9 1456 1466 13
16 3624 3652 22
10 2573 2588 10
18 1076 1096 18
6 1210 1223 8
19 4049 4074 21
6 1012 1022 11
13 252 271 13
1 2901 2902 12
5 3924 3930 5
19 3218 3242 23
4 990 994 13
6 3614 3621 13
11 3011 3039 13
1 642 650 11
1 284 288 5
5 3960 3973 12
11 2557 2572 14
6 2712 2718 8
4 3853 3868 19
19 3661 3686 26
11 3878 3909 30
12 364 380 13
11 3935 3949 17
11 817 843 23
20 1574 1601 27
20 2921 2958 25
18 3909 3933 22
20 567 588 24
20 3000 3027 21
4 1500 1509 8
12 3309 3322 22
6 1312 1333 10
11 2711 2736 16
17 406 423 19
12 4350 4365 17
20 2564 2586 26
3 1576 1582 5
8 3674 3683 11
4 2801 2818 14
9 620 637 11
3 3729 3737 5
7 4419 4429 13
16 341 362 23
9 454 465 19
19 171 193 21
15 1389 1416 25
8 2641 2649 9
9 814 823 13
2 4663 4668 3
19 1232 1256 24
15 4032 4055 18
20 2909 2940 32
7 1643 1652 9
17 1971 2006 36
17 2048 2072 25
12 704 725 22
5 575 590 16
20 2212 2245 30
15 2686 2704 19
5 3395 3405 9
7 4354 4365 7
17 1734 1752 18
