350
10 2 15 22
9 0 28 11
12 28 49 22
6 27 38 7
15 43 63 17
20 47 67 20
18 4 27 20
16 68 84 16
5 14 22 16
19 4 25 21
4 105 119 9
14 92 106 16
18 32 56 24
12 5 19 16
12 21 35 14
7 114 121 8
18 31 55 18
8 5 17 12
15 157 187 22
10 30 42 14
14 114 129 19
1 177 182 1
2 69 84 5
18 207 226 18
19 2 27 31
2 85 88 3
11 159 174 11
6 271 277 19
19 251 272 21
14 64 82 21
8 231 252 8
18 165 191 18
8 117 129 8
1 143 154 9
13 45 76 27
20 215 237 25
4 298 314 5
20 267 288 22
8 231 239 23
1 322 333 12
18 243 272 18
6 80 99 7
5 91 96 20
4 280 299 10
7 278 292 19
2 253 256 5
15 365 384 17
10 284 294 11
19 101 133 24
5 403 413 17
14 471 486 17
17 160 183 17
11 399 419 21
17 144 168 21
17 420 437 18
5 126 135 6
3 249 261 13
19 291 311 20
9 488 502 18
19 152 174 20
7 189 197 9
9 209 220 13
11 357 378 19
14 139 155 18
6 65 73 7
8 68 89 9
16 62 80 16
3 336 339 13
2 617 620 7
8 231 245 16
19 366 389 21
6 138 156 17
17 603 631 23
18 209 229 34
13 582 603 20
16 351 369 17
3 90 93 3
20 82 104 25
3 17 22 4
12 735 755 18
2 747 750 3
19 354 389 28
14 635 656 16
3 517 521 3
8 68 76 10
13 726 748 23
12 123 148 23
10 410 420 16
11 92 109 24
19 106 126 29
12 599 619 12
11 730 750 16
17 774 795 22
15 12 32 15
6 342 362 10
18 465 485 20
16 734 757 25
19 532 559 25
3 777 788 15
9 11 21 19
13 486 502 13
13 147 169 13
15 80 95 26
7 143 165 21
11 761 772 12
5 689 694 20
7 115 122 9
4 842 849 4
12 44 62 19
4 362 368 7
9 979 989 21
2 753 757 5
8 602 628 13
15 1047 1068 26
20 136 165 26
13 701 729 31
17 219 241 26
18 545 565 21
17 851 876 22
19 1027 1050 20
20 1053 1076 26
9 1010 1020 10
18 879 912 24
9 69 86 25
15 428 453 33
14 1095 1117 22
16 674 700 28
5 1009 1017 9
17 70 91 25
19 330 362 37
14 1179 1194 17
12 1118 1134 16
14 489 505 17
1 921 928 9
8 497 510 13
7 1094 1105 18
5 191 204 14
14 855 870 14
19 761 796 33
16 496 517 25
16 1054 1071 18
1 369 372 4
15 226 247 16
2 45 48 6
10 417 427 14
17 512 530 17
4 1457 1462 5
17 1432 1453 18
10 103 117 14
14 200 222 15
14 134 149 14
3 93 100 12
10 1021 1034 10
7 1180 1193 11
11 111 125 14
13 1429 1456 25
7 936 949 8
8 743 752 8
13 113 146 13
6 553 559 11
16 661 679 21
11 876 892 13
6 911 921 8
6 1354 1361 7
19 1276 1296 36
10 559 569 14
17 968 995 17
4 1659 1676 19
18 256 277 25
7 1011 1018 11
17 847 864 32
4 1330 1335 6
1 879 887 3
19 844 880 29
16 1634 1653 17
15 149 164 15
14 1290 1320 20
3 1334 1338 5
2 115 118 3
9 1329 1338 10
11 543 558 13
15 1765 1791 16
19 1403 1423 27
14 835 852 22
20 227 248 20
4 1676 1681 4
1 551 558 19
15 340 355 18
9 969 979 20
17 85 107 25
4 900 905 4
3 1147 1151 4
5 581 595 10
4 1811 1819 11
17 1871 1895 20
19 1420 1443 33
1 1717 1727 3
14 1562 1590 28
12 1790 1804 21
4 525 535 13
10 989 1004 13
16 537 553 21
5 1224 1237 13
3 1262 1266 3
14 982 999 19
20 1409 1434 31
9 227 239 12
8 1440 1453 18
12 127 141 17
3 16 26 11
19 762 781 24
16 1331 1348 17
13 675 688 13
16 1907 1923 26
2 513 519 9
18 1443 1469 27
17 1647 1674 25
19 1136 1156 21
5 1217 1235 13
12 1240 1253 12
12 1599 1618 17
20 118 142 21
20 1272 1301 30
14 103 125 19
12 1299 1313 17
10 1003 1013 10
1 310 320 7
8 420 435 8
11 1246 1260 12
13 1919 1941 17
12 1258 1277 12
11 475 489 11
3 2308 2311 3
8 2102 2117 15
9 2304 2318 17
20 1929 1950 20
17 1183 1205 19
8 960 970 15
14 1850 1872 19
20 670 692 21
19 440 464 24
9 1194 1211 23
17 2121 2138 19
7 1866 1883 7
1 1784 1787 8
12 190 202 16
9 2268 2294 14
8 28 45 18
1 722 727 2
8 569 579 11
7 68 84 7
18 1799 1818 31
14 737 753 14
15 2444 2460 17
7 1137 1144 7
15 530 545 15
3 2318 2327 6
3 820 829 8
5 325 336 13
5 1108 1125 10
11 1872 1886 13
12 1807 1824 19
10 1220 1237 13
2 2131 2134 3
5 2317 2330 7
6 2064 2083 7
19 1527 1551 24
2 960 965 4
16 1470 1495 29
14 2087 2103 17
6 2442 2453 9
13 1933 1947 14
15 1890 1906 19
19 2067 2089 28
8 1678 1692 9
6 1149 1163 11
6 2558 2581 24
13 1843 1861 27
20 1469 1489 20
13 1352 1367 13
19 1977 1999 20
3 2179 2188 5
9 1420 1430 9
10 163 173 21
20 109 137 25
20 1382 1413 24
20 2784 2804 20
11 88 106 13
11 1729 1741 11
8 1625 1636 12
4 497 504 9
1 1528 1542 11
18 1522 1542 18
3 2178 2188 9
6 2062 2069 16
4 1791 1806 16
12 2569 2582 15
12 1024 1039 16
7 714 724 8
5 1218 1224 7
5 2623 2635 15
16 2742 2760 16
12 557 584 14
11 2009 2021 11
3 3007 3014 19
10 380 390 11
5 588 599 11
6 2445 2453 6
2 2483 2497 9
14 485 500 16
10 3005 3015 10
3 868 872 9
9 2904 2922 9
7 933 948 8
17 1498 1517 20
18 849 885 33
5 1841 1855 5
16 2747 2770 17
19 846 866 21
10 2629 2644 17
20 1678 1711 40
18 252 280 21
14 772 791 14
11 319 330 19
17 1316 1336 20
2 2160 2166 2
20 1967 1992 22
2 86 89 4
2 887 890 7
6 2507 2514 6
20 2323 2346 24
5 2247 2252 6
20 146 170 22
17 142 163 18
1 2077 2093 15
15 685 707 19
2 1832 1841 9
11 1555 1574 13
3 3064 3076 10
8 1382 1394 9
18 2269 2289 26
18 1786 1813 23
20 2884 2904 22
5 2191 2199 18
17 2385 2404 36
9 1080 1093 9
2 942 955 20
8 2719 2729 18
11 1844 1856 14
17 2609 2629 20
