300
30 5 17 715 14
4 13 13 730 20
28 8 21 662 19
15 26 6 619 20
2 27 3 446 12
30 29 7 529 14
25 10 29 892 12
26 23 5 929 15
16 29 6 879 8
29 23 6 729 13
11 22 8 571 12
12 27 19 747 11
10 18 20 541 15
5 8 27 762 14
22 21 17 866 11
24 10 8 710 17
24 21 10 453 15
30 27 13 960 20
20 5 12 712 3
27 29 30 441 14
12 27 24 627 19
1 2 3 469 13
9 11 6 725 13
19 7 24 397 17
2 30 4 397 15
17 7 3 599 3
23 27 2 603 10
7 22 7 588 2
14 16 7 609 15
9 22 19 753 13
30 8 6 911 8
26 1 12 545 3
17 13 14 848 4
11 27 13 643 20
2 11 24 847 15
20 22 15 616 13
29 28 23 608 2
30 12 5 714 3
25 1 20 473 9
17 10 24 675 10
28 10 20 727 14
27 8 7 754 8
12 23 19 860 8
3 23 25 671 18
27 6 7 589 3
27 26 28 490 1
23 1 6 909 16
5 11 18 860 16
1 23 27 683 16
18 24 7 573 19
27 24 23 856 17
3 28 23 745 17
10 10 13 370 12
11 15 9 474 4
1 18 9 788 16
21 16 28 645 8
19 15 30 776 18
22 9 28 414 12
5 30 30 942 11
24 22 21 397 12
15 8 7 765 1
18 18 18 453 7
17 26 28 566 1
6 12 30 927 6
27 6 23 723 12
11 21 20 490 18
19 23 18 695 13
5 9 21 916 14
7 29 2 591 16
18 29 1 491 13
1 2 12 342 9
15 23 24 432 6
21 4 5 832 18
22 19 24 394 17
13 11 17 721 8
9 11 29 723 12
26 5 2 405 4
10 21 25 720 19
11 8 15 496 14
19 30 8 387 1
27 1 2 572 12
7 19 24 549 13
22 20 28 908 3
20 4 14 777 18
2 16 1 707 15
17 30 27 551 11
30 25 6 728 16
26 6 29 841 18
4 14 26 560 17
7 24 22 447 2
3 12 16 689 1
7 11 24 867 5
4 16 21 741 18
26 24 26 487 6
27 3 15 350 14
27 2 17 645 18
13 7 5 386 6
22 11 10 885 14
13 29 28 474 16
20 16 25 786 12
17 22 26 814 18
19 30 2 647 6
19 14 8 884 19
4 17 14 448 4
2 27 26 765 17
28 28 27 496 20
22 16 15 919 18
21 7 5 377 6
4 14 11 653 6
6 28 14 934 20
12 18 23 395 10
17 28 21 466 4
28 22 27 578 8
29 10 12 532 18
30 27 5 774 13
4 14 27 533 6
9 18 20 554 17
16 26 13 629 10
1 20 17 831 11
13 3 23 701 11
7 11 14 402 13
12 1 2 734 4
9 18 21 483 16
1 19 20 786 6
10 23 16 913 6
21 11 22 389 5
11 30 24 776 5
17 9 25 466 18
1 22 27 804 1
6 2 26 474 15
8 30 4 898 6
29 17 3 536 7
17 25 9 844 11
25 24 9 388 4
22 22 22 629 20
7 6 26 539 10
8 10 10 730 3
19 22 14 551 6
10 1 7 899 11
25 2 7 619 3
8 6 7 689 17
16 27 16 432 11
27 30 16 884 18
29 5 19 900 18
13 1 30 621 11
16 17 16 389 11
28 4 30 894 3
10 8 10 472 16
16 3 18 340 16
3 3 24 428 17
13 30 23 768 8
10 15 13 837 12
20 27 25 485 5
13 2 15 331 2
29 17 5 925 12
17 29 28 394 3
16 21 2 532 13
17 27 28 710 18
22 7 26 580 20
8 6 17 634 5
16 26 29 969 5
23 20 28 387 1
17 30 22 898 9
15 16 20 502 6
8 29 2 806 9
13 5 27 357 1
11 18 20 765 6
1 30 27 590 14
27 5 17 559 15
8 25 28 827 6
18 5 29 885 6
23 6 11 777 9
26 23 5 914 9
2 22 11 644 6
21 26 25 874 16
6 2 3 456 5
2 28 8 931 6
28 12 12 619 16
27 2 28 739 13
28 20 5 626 5
10 2 30 811 10
12 10 15 620 8
14 19 13 586 7
24 13 25 649 4
13 27 30 784 2
21 29 24 378 17
10 2 24 384 16
3 27 15 772 8
15 3 1 636 7
19 16 22 461 19
29 14 30 895 6
6 8 22 931 18
14 10 5 369 12
3 29 18 828 4
10 6 15 844 17
2 21 3 856 14
2 1 13 437 11
4 12 15 570 15
30 20 30 962 4
30 4 2 501 14
5 19 10 484 1
25 27 13 875 4
9 25 24 888 1
1 28 9 898 12
21 26 23 570 10
19 10 6 866 7
2 24 3 579 15
3 11 13 783 19
28 8 2 644 12
5 15 20 390 19
15 25 30 784 18
2 26 3 518 1
12 21 23 716 1
27 16 25 588 18
8 27 5 697 1
16 12 10 348 18
2 13 1 437 19
18 25 28 459 8
27 15 9 864 14
15 15 6 911 12
8 10 25 665 20
19 8 16 906 2
19 16 7 896 11
27 14 21 428 2
8 30 16 475 11
24 11 19 557 9
18 24 11 818 12
14 30 1 536 10
30 7 18 533 5
9 2 21 846 7
15 18 7 576 14
15 18 23 742 16
12 4 23 804 14
20 24 1 767 5
1 26 28 507 18
23 9 10 913 10
23 13 25 909 12
12 16 22 372 19
14 15 20 700 16
28 9 11 905 7
23 8 18 561 10
22 2 27 895 6
24 30 9 731 7
20 2 26 724 7
3 3 27 549 14
20 9 17 857 13
8 13 16 526 9
14 15 11 612 12
15 11 17 740 1
7 13 14 591 12
8 22 4 458 16
20 19 2 362 15
24 10 2 702 20
6 1 24 911 1
19 21 7 817 4
11 1 29 623 10
24 9 4 725 4
19 13 25 486 20
14 13 24 364 8
18 1 13 886 16
10 18 3 341 19
29 29 7 518 17
3 23 6 906 4
19 19 2 353 11
3 29 28 631 2
1 18 17 909 17
30 14 29 480 18
25 13 14 841 17
6 24 19 606 19
17 20 20 408 14
3 11 25 901 17
4 2 8 910 13
16 13 3 886 16
9 4 9 325 9
16 21 3 395 16
15 22 20 523 16
10 14 30 387 10
2 5 3 814 12
30 7 17 917 19
23 1 3 699 6
1 10 24 854 16
17 27 1 580 4
14 15 25 617 3
18 3 10 763 15
21 3 13 765 3
21 29 24 944 13
24 1 12 866 20
2 6 8 873 19
25 8 24 875 3
16 2 22 609 19
12 28 16 573 11
26 30 26 693 2
29 14 6 882 9
12 18 18 574 9
4 13 27 656 3
4 21 23 532 4
21 5 17 861 4
26 15 11 463 14
1 14 18 563 1
11 14 2 917 9
