250
1 18 21 653 18
8 14 9 617 1
19 11 3 545 3
1 25 1 467 20
14 15 17 651 20
6 24 8 588 19
8 13 2 429 9
28 21 7 773 16
21 12 13 368 15
18 8 1 503 16
30 6 28 414 13
11 20 30 353 5
23 29 16 344 20
22 3 27 492 6
14 15 12 593 13
29 28 27 506 8
26 17 25 723 14
23 27 5 442 2
1 13 24 753 5
7 14 25 631 16
19 19 23 771 19
27 18 1 709 12
6 23 6 603 13
5 19 15 763 8
20 19 24 485 19
29 19 23 678 4
19 18 23 405 4
28 29 16 815 8
6 23 27 599 5
17 15 21 324 6
17 12 10 438 20
24 7 11 386 14
5 3 7 448 12
10 18 9 322 15
21 11 11 539 13
15 2 12 671 11
22 7 12 543 2
10 8 23 520 6
18 21 17 588 20
10 7 16 336 8
12 15 23 626 14
26 13 20 651 17
17 18 30 680 5
20 22 29 441 8
10 7 26 598 1
10 16 27 763 12
20 23 13 699 19
13 24 4 511 4
25 29 16 575 2
26 26 1 367 12
16 3 4 727 11
3 7 13 475 14
22 23 14 496 2
5 11 13 776 9
21 3 20 690 18
14 7 5 334 10
15 20 1 390 14
24 28 22 703 11
13 1 6 283 3
25 6 16 767 14
3 29 14 734 5
25 8 27 762 10
27 30 21 508 14
12 24 5 413 17
7 15 28 508 14
11 27 23 789 14
30 9 16 367 5
19 2 18 649 13
15 5 30 334 3
22 20 12 677 17
30 15 10 685 5
27 25 21 820 14
28 23 4 674 18
13 2 11 704 5
25 25 21 495 13
8 4 13 686 7
11 18 6 767 8
22 11 15 416 15
15 9 3 391 10
17 4 7 352 16
26 5 29 577 20
11 27 9 682 9
12 12 25 756 18
15 6 27 647 16
24 3 30 648 2
25 24 21 638 17
18 6 7 729 7
28 13 7 548 2
16 6 4 583 8
13 22 5 547 17
4 7 7 326 17
15 12 5 712 2
30 18 2 640 14
9 8 24 377 11
27 15 11 646 4
24 29 19 761 19
16 5 24 776 5
17 19 5 337 14
14 10 14 725 16
3 19 10 282 5
29 30 19 761 3
10 24 16 616 11
7 3 6 741 15
10 27 1 602 12
30 16 9 323 19
16 16 4 325 3
30 20 4 376 17
16 4 12 579 1
19 23 8 573 4
3 24 8 645 6
28 4 11 541 15
4 26 7 678 3
3 7 17 427 9
12 27 12 390 9
3 28 12 339 14
24 23 30 689 3
12 2 5 675 18
6 8 14 506 8
29 23 12 736 19
12 23 2 740 14
15 5 2 282 5
1 30 3 563 20
2 23 18 559 11
22 7 19 714 20
23 16 30 372 17
19 21 13 681 20
8 17 15 372 17
29 11 2 580 10
29 10 16 399 5
7 17 15 376 19
20 2 8 464 5
12 13 4 765 3
4 8 2 361 2
24 16 9 721 2
23 23 21 322 2
20 20 27 774 4
18 28 17 321 1
20 14 9 498 3
30 30 11 531 8
14 10 30 327 11
14 26 8 423 12
9 28 28 669 3
9 26 21 686 14
14 13 3 338 11
3 29 25 550 3
29 22 27 776 16
18 30 14 380 14
30 11 3 761 14
6 26 9 701 20
25 2 21 670 20
17 9 12 782 2
6 11 23 454 7
14 23 19 658 10
12 11 27 325 2
1 11 16 374 20
17 5 2 321 15
28 11 19 762 2
25 7 15 645 2
11 24 30 430 11
2 16 28 650 3
30 22 10 444 20
29 11 13 304 9
9 13 9 471 17
2 21 18 455 20
18 7 15 760 11
2 22 6 544 15
14 9 5 734 17
27 5 29 488 7
23 13 20 597 9
10 9 30 727 1
27 22 4 636 14
3 30 4 593 16
25 26 25 762 3
2 15 26 618 15
15 13 23 569 15
16 19 21 581 11
18 23 19 616 13
28 16 25 685 10
29 14 21 730 14
21 4 5 574 10
16 2 5 378 14
12 17 23 419 19
16 9 8 735 11
19 8 3 386 1
6 17 22 301 1
4 9 26 472 17
5 4 14 658 18
2 29 3 353 19
17 1 11 662 5
28 14 23 587 9
13 4 18 324 5
26 23 23 342 10
17 27 12 508 16
13 7 5 683 9
11 5 29 604 3
9 15 9 667 12
24 14 17 349 11
26 26 8 463 5
2 9 7 683 10
17 13 9 671 17
16 16 21 571 2
6 14 13 564 2
9 27 14 433 12
26 2 6 584 17
20 4 10 453 2
7 1 21 431 5
11 21 10 422 18
25 9 20 727 18
8 22 10 710 20
2 2 1 477 12
26 22 13 412 19
9 22 8 327 10
9 19 10 407 17
5 23 16 613 6
17 4 19 307 4
24 19 18 807 20
18 11 11 413 16
9 13 18 486 20
6 7 27 555 17
27 17 8 391 5
6 2 5 607 13
30 29 23 635 4
13 13 7 582 2
13 18 25 769 11
23 28 20 502 12
5 18 4 632 17
20 25 7 524 8
23 28 7 444 13
18 30 5 613 6
18 5 12 611 1
17 10 18 497 16
12 18 17 311 11
2 2 24 649 12
25 10 23 455 20
20 30 4 789 6
30 17 2 398 20
15 13 12 641 8
30 11 4 326 7
12 4 1 375 19
9 12 5 342 5
19 24 21 434 18
23 26 15 723 17
25 3 13 719 17
4 16 17 357 14
22 7 15 381 1
9 30 27 579 16
4 20 12 425 16
21 6 25 316 8
2 15 9 471 15
19 11 22 743 7
