350
5 30 24 790 19
19 30 27 604 5
14 2 8 1045 4
26 25 6 971 17
5 16 16 968 17
30 3 27 688 15
24 29 21 905 8
6 30 5 867 20
27 6 27 593 12
14 17 7 916 14
24 23 20 1036 16
12 20 11 624 14
16 8 14 963 7
3 1 17 689 20
23 11 24 761 14
18 22 27 813 14
19 14 18 781 10
1 3 14 746 14
15 15 4 904 11
13 22 27 680 4
28 28 1 1014 19
1 10 17 814 4
23 4 21 495 11
24 1 10 868 12
8 24 1 1035 11
7 20 13 748 15
28 26 13 496 6
23 22 16 755 9
4 10 2 930 17
13 27 28 782 11
1 1 3 434 18
26 10 21 917 20
19 19 22 704 13
5 13 27 501 6
20 5 17 632 17
1 21 2 632 15
9 7 11 577 5
29 7 25 416 12
7 1 19 485 1
24 24 25 922 10
13 2 1 761 11
4 26 24 947 16
17 13 30 428 2
12 28 29 548 1
15 12 22 868 2
6 5 8 379 17
11 20 23 729 19
2 30 5 1017 16
29 17 28 735 19
17 5 14 925 20
17 5 4 1010 9
28 29 12 546 12
3 6 11 608 17
8 24 30 428 15
11 28 18 504 4
21 24 14 490 15
18 6 14 805 17
27 15 7 1079 19
14 25 28 504 6
7 9 16 467 20
21 11 25 737 8
10 1 4 789 9
14 3 19 571 7
9 26 25 480 4
3 24 21 1033 11
20 30 30 989 9
23 2 8 823 2
1 19 7 912 20
17 15 20 567 9
2 16 11 739 17
8 4 15 427 17
17 18 11 833 7
10 10 21 798 9
10 28 27 675 15
5 2 17 409 15
13 12 30 495 16
20 11 19 1016 18
8 18 17 828 15
14 12 17 774 4
6 6 25 548 14
23 2 19 797 19
3 8 2 565 19
6 17 7 459 7
5 3 19 806 13
16 5 3 434 20
13 6 7 803 3
10 20 19 920 4
13 6 23 1057 3
4 23 5 392 20
1 13 29 579 20
17 2 26 578 13
24 20 3 1083 11
22 23 14 1052 14
2 20 9 660 2
12 23 23 1023 18
24 1 19 427 17
8 6 5 477 6
21 8 3 832 16
7 23 3 907 13
28 25 2 725 6
13 13 6 568 5
28 27 7 847 17
26 13 14 1076 1
23 19 7 507 7
21 9 8 549 4
27 15 3 418 1
28 4 15 816 3
1 25 28 1073 2
12 29 5 708 19
14 25 6 676 16
18 10 18 755 6
15 29 2 881 20
21 25 17 623 2
20 5 22 419 6
29 30 11 828 8
23 17 30 503 11
3 10 23 503 5
13 4 17 639 16
9 8 20 536 9
4 22 24 912 4
11 10 30 571 18
24 13 11 770 12
23 29 11 792 13
7 25 23 901 16
19 29 3 973 14
1 17 7 872 10
9 12 28 409 4
21 10 5 929 1
3 12 18 1056 6
15 11 21 820 2
29 23 3 599 17
26 19 30 1037 19
17 28 28 670 8
9 15 9 969 13
18 2 16 564 4
14 2 20 541 9
16 26 15 1055 18
5 2 25 940 11
22 13 24 729 12
29 24 1 511 11
9 13 3 906 16
16 22 10 522 10
9 23 24 847 9
1 1 6 841 14
6 22 3 584 17
25 30 4 486 15
18 26 3 529 4
17 21 17 730 8
9 1 14 1066 11
10 3 10 966 19
29 29 28 929 12
7 20 6 400 13
6 25 11 1085 16
14 22 2 959 2
12 17 30 689 6
15 23 12 464 6
30 14 14 717 1
11 13 16 769 15
21 10 9 752 16
1 28 9 945 1
27 27 26 609 20
11 21 1 916 7
14 16 18 891 19
8 26 19 928 18
27 15 26 839 10
3 30 10 506 8
19 1 7 1010 20
5 21 5 508 6
20 11 16 893 14
30 26 5 985 13
9 10 22 628 12
20 3 22 859 7
11 20 26 698 1
4 26 17 1081 9
21 20 26 726 4
22 3 16 1004 3
22 27 29 642 6
13 24 2 596 17
17 9 19 846 4
9 25 29 840 14
7 13 29 401 3
20 24 24 620 11
19 10 10 601 17
10 25 21 422 7
22 6 28 797 14
6 12 29 671 13
11 4 1 939 10
5 1 25 524 1
1 28 12 616 19
29 17 27 898 7
14 12 13 505 20
27 13 3 771 8
3 21 18 868 10
19 5 16 995 18
3 24 29 716 10
8 9 18 582 11
3 15 20 416 12
12 29 7 854 10
20 3 18 933 7
1 11 9 686 6
15 8 29 927 15
29 4 4 536 11
11 19 26 902 10
9 11 21 619 2
20 25 18 977 4
1 13 25 1042 4
30 11 18 661 1
30 27 3 783 8
16 9 22 676 6
23 20 12 422 11
9 19 17 625 19
28 11 8 474 7
28 25 12 778 1
5 9 13 378 5
16 8 9 1014 20
9 26 2 677 1
20 4 18 460 20
17 24 12 881 14
1 8 29 946 3
23 14 8 403 18
19 10 15 527 19
14 21 2 877 2
23 25 23 495 6
11 25 7 955 8
26 21 12 615 17
14 28 20 1102 8
29 13 17 1045 1
26 17 3 1018 14
16 19 15 1024 2
22 4 12 555 8
11 25 6 741 6
9 28 29 431 8
6 22 16 826 19
4 20 17 902 16
1 3 16 787 11
7 16 23 562 20
23 7 8 744 10
19 27 11 874 7
12 5 5 994 14
1 1 2 1029 9
19 2 7 536 14
9 10 6 1037 3
17 8 8 796 5
7 30 30 919 1
9 22 19 1007 4
25 16 18 1030 8
25 12 17 619 12
10 11 18 966 16
17 5 13 730 15
6 6 6 931 2
8 26 4 1064 12
13 9 16 1022 15
18 16 10 679 9
22 18 4 1062 11
20 3 6 448 11
8 14 22 763 14
15 17 28 706 18
9 16 6 662 6
11 2 6 869 15
9 7 20 838 16
25 11 6 1020 19
23 13 22 918 5
17 26 12 599 1
15 18 25 1027 17
13 15 7 664 1
12 14 12 579 2
11 30 2 589 1
16 28 27 853 18
27 29 26 533 5
1 15 15 524 15
14 23 13 679 4
22 21 10 648 1
10 14 20 774 8
2 24 27 1087 11
19 27 28 1030 6
21 4 4 654 3
26 29 23 477 12
17 30 21 790 17
21 26 21 804 19
20 3 28 840 8
6 18 29 463 1
26 6 18 832 19
24 2 10 820 13
27 28 12 417 2
18 14 10 444 14
4 12 9 1064 6
26 23 9 688 7
17 27 6 868 6
25 9 3 817 19
28 1 29 741 10
27 24 20 834 5
12 5 27 475 15
4 16 22 537 4
26 25 14 788 2
1 25 25 869 8
29 8 22 541 13
15 13 28 702 13
9 11 14 482 16
23 10 24 825 18
9 10 23 464 19
11 14 18 952 13
4 13 17 579 7
24 23 15 1110 18
8 1 20 560 13
2 17 1 745 6
20 21 23 850 20
21 29 24 784 15
5 27 25 463 5
28 18 7 792 6
15 1 12 426 6
13 7 4 895 19
25 22 27 1048 16
3 27 29 740 11
14 20 22 511 6
6 18 11 534 19
6 30 21 466 2
15 25 21 462 1
6 15 27 536 12
12 30 5 742 17
15 18 20 961 3
20 15 7 468 6
10 13 13 837 9
2 16 21 652 5
16 9 23 825 9
29 9 27 485 12
19 20 27 884 6
21 14 15 477 18
19 14 10 858 3
17 24 3 912 19
18 2 20 626 5
23 9 7 1000 2
13 16 3 929 3
24 26 16 739 17
21 16 21 864 3
17 14 27 465 14
27 30 3 1068 1
16 5 12 868 18
11 4 22 1015 18
24 30 2 894 15
19 10 5 393 3
26 2 25 548 2
1 5 12 947 14
1 5 21 493 12
27 8 20 427 13
3 30 10 450 14
26 16 28 731 19
16 2 20 692 17
16 15 2 386 14
26 28 17 1086 12
26 28 19 552 13
