50
8 29 12 143 5
12 10 23 169 12
4 5 26 131 17
10 26 19 114 12
8 14 9 160 17
9 12 28 101 10
7 4 24 172 18
25 26 13 130 8
7 20 16 182 10
9 28 13 138 10
24 3 21 114 10
15 4 2 105 6
23 23 16 174 3
23 3 5 86 6
1 25 28 172 13
13 14 13 140 4
1 22 14 163 16
21 23 24 169 19
8 6 14 170 16
26 8 11 165 7
30 28 12 174 20
23 20 22 148 10
7 24 1 105 18
16 26 23 207 20
20 15 5 108 12
14 11 17 103 6
8 21 18 192 14
2 23 30 122 15
5 29 27 132 7
28 19 25 177 10
29 10 9 159 18
29 13 9 184 13
3 8 1 131 1
22 9 5 89 15
23 29 5 134 13
2 5 2 67 14
30 29 9 141 12
5 22 16 93 1
27 25 16 216 7
22 1 23 110 15
3 26 25 142 1
29 1 27 132 7
4 13 27 105 11
21 7 13 180 14
1 1 26 94 13
13 6 13 165 14
1 22 2 139 20
27 25 11 137 8
25 13 21 208 3
22 28 6 200 1
