200
23 23 13 490 9
4 14 21 589 1
5 21 20 356 9
13 10 9 452 16
19 3 26 304 19
20 24 24 594 1
2 29 14 483 2
3 20 7 341 20
28 25 21 361 1
11 25 1 477 19
14 5 23 250 6
14 17 2 494 11
8 27 30 364 1
18 5 30 274 17
1 27 2 504 12
24 1 11 396 4
15 26 8 484 15
3 14 16 596 3
3 29 24 395 8
8 2 12 607 7
4 3 4 311 7
14 29 27 452 7
1 18 2 328 2
8 2 14 245 10
26 24 1 516 18
9 3 13 269 5
11 6 11 489 17
26 8 13 581 17
13 14 22 391 16
26 9 14 266 2
7 18 10 404 2
13 9 6 594 19
8 22 24 497 16
6 10 16 266 10
14 23 29 435 18
16 12 19 406 1
24 1 4 503 10
30 2 9 478 4
20 11 7 502 4
24 20 26 365 14
13 16 5 575 10
29 18 3 392 18
1 6 7 336 9
17 13 27 537 4
17 21 27 544 6
14 3 7 422 13
26 12 16 522 10
13 27 21 289 2
3 24 22 365 18
22 7 30 535 4
3 15 21 559 19
1 6 24 630 10
2 19 24 276 17
21 11 24 262 4
10 14 17 309 11
4 12 27 560 3
9 17 27 333 4
2 24 2 334 16
4 11 29 468 8
27 14 8 355 16
19 30 12 429 18
12 9 10 452 4
30 8 5 589 14
4 9 13 251 4
6 26 13 568 11
12 24 15 609 20
19 6 6 415 12
1 30 6 386 15
19 25 8 564 11
9 29 7 496 20
9 8 9 243 13
22 6 2 418 14
12 4 20 395 3
2 17 13 361 2
1 13 18 631 6
22 15 14 550 15
22 8 4 281 15
10 7 7 354 3
6 3 8 478 12
27 27 23 632 15
20 15 22 564 18
19 27 14 604 15
5 8 26 440 10
8 10 27 334 5
13 3 27 604 6
27 11 8 636 20
8 21 30 305 14
23 3 14 588 15
3 14 4 419 5
13 11 17 615 2
14 8 7 550 16
23 8 30 421 20
7 14 17 423 14
25 22 11 433 7
2 15 5 587 16
3 10 10 391 2
25 9 30 578 5
1 9 6 421 17
12 27 18 382 4
2 6 12 317 15
15 5 15 521 5
30 10 17 308 17
25 22 6 538 3
21 15 8 334 16
3 11 8 327 12
8 21 5 423 7
27 5 21 282 13
21 29 3 637 5
16 5 17 271 14
11 23 27 514 19
5 29 2 382 20
28 10 21 298 11
28 27 15 409 4
30 2 25 553 4
26 7 3 615 13
11 21 21 416 11
7 30 17 274 3
28 6 15 260 3
4 9 18 308 3
11 13 20 521 11
11 7 27 451 12
30 17 6 419 3
15 16 10 380 16
21 1 25 361 5
5 14 26 361 2
29 23 14 387 5
30 12 20 300 14
2 26 27 397 1
23 5 11 507 19
7 6 15 448 15
20 27 18 549 6
27 28 29 370 12
6 13 26 621 18
15 15 30 381 14
13 6 24 307 4
26 29 20 399 3
25 7 3 403 10
10 22 12 409 9
3 4 7 412 20
2 8 28 586 1
3 25 18 533 12
14 15 14 271 12
14 20 6 632 17
19 5 4 272 2
16 10 14 529 6
21 11 23 426 15
3 6 16 506 14
15 29 6 395 8
20 14 9 616 12
20 30 9 619 8
21 5 8 255 5
21 20 28 314 4
9 14 10 534 1
11 7 4 282 8
21 12 6 387 13
19 29 7 500 17
25 9 28 325 19
26 19 16 390 14
1 23 1 362 14
12 5 30 439 5
15 25 10 280 4
17 18 10 476 13
25 11 26 625 1
7 1 18 508 3
3 8 10 582 4
28 9 19 417 4
25 2 27 284 13
2 8 9 386 13
11 30 1 434 3
23 11 14 582 16
23 15 30 426 20
18 8 7 301 3
1 3 30 425 20
25 22 14 583 19
4 18 13 357 18
11 5 23 310 20
19 20 24 511 14
29 6 28 507 16
26 16 26 644 16
7 20 4 479 17
17 21 21 340 20
22 9 23 367 16
30 19 2 422 14
30 3 6 294 4
3 16 8 393 20
26 14 11 376 3
12 24 15 633 3
21 12 17 600 18
30 24 30 488 12
11 22 10 461 15
18 18 18 345 6
16 22 18 625 14
4 19 27 349 20
12 24 29 475 6
9 25 14 308 6
18 25 19 326 10
11 12 2 552 12
30 6 5 321 3
4 24 16 368 3
11 29 10 648 17
