450
30 18 1 1176 6
19 12 13 1280 7
21 20 16 1031 8
4 11 9 744 12
19 25 9 1237 13
1 10 29 736 15
23 2 14 602 19
26 15 6 688 20
23 23 14 1221 10
23 24 5 1134 3
4 13 13 1189 19
28 19 8 972 20
9 11 15 754 15
20 27 8 940 20
17 10 30 531 12
29 6 25 674 10
9 11 5 626 5
10 7 30 1300 6
8 16 19 740 17
4 22 24 857 2
27 29 19 530 5
1 27 18 1291 11
25 23 9 611 3
20 12 8 1250 4
13 10 22 973 9
8 15 27 644 10
6 14 26 1329 18
5 1 3 547 16
30 20 24 1357 3
16 27 29 677 8
13 8 1 1053 13
21 5 13 595 17
7 30 4 1015 5
27 15 22 1327 10
13 21 14 1370 11
5 30 15 636 15
19 16 3 698 3
20 28 23 917 8
20 18 18 832 8
29 13 14 984 3
19 4 24 526 4
27 25 15 907 14
7 18 7 1141 2
10 8 8 956 20
7 1 25 501 1
9 24 1 789 17
18 9 16 987 14
25 8 23 1371 20
1 10 26 952 18
25 27 23 1315 4
28 17 23 750 15
18 26 12 656 1
18 18 27 741 4
18 27 11 1130 13
24 2 1 920 8
18 26 4 661 11
11 8 25 1137 20
19 20 13 711 4
10 9 19 880 2
19 23 9 980 16
18 22 13 836 5
30 7 16 627 3
3 19 29 659 17
11 5 30 507 4
18 4 7 506 20
21 18 12 826 13
21 16 11 720 13
15 9 23 850 10
16 8 30 694 16
19 3 30 1143 20
22 28 9 878 10
29 19 27 600 3
28 18 21 648 9
23 22 24 722 1
20 25 18 666 1
16 16 14 990 2
8 16 11 1204 11
3 24 11 581 15
18 16 6 833 14
18 18 5 1373 5
10 3 25 489 1
7 24 25 1043 16
19 27 17 1174 2
5 12 14 753 11
17 11 29 1348 13
23 16 26 670 14
9 1 1 1280 13
13 30 14 606 6
16 5 15 580 19
20 15 11 726 12
27 16 18 524 9
28 30 2 1075 12
4 28 30 740 20
29 23 29 994 10
9 10 1 843 14
3 29 26 1353 19
21 22 25 1278 16
6 22 28 681 11
18 29 14 658 18
19 11 20 1366 11
19 9 12 767 13
9 25 5 1123 9
30 12 29 892 6
8 23 2 1065 5
24 1 13 1128 19
11 19 26 732 4
13 8 12 496 4
22 5 20 1098 13
16 3 13 678 6
23 16 27 837 11
15 28 19 777 8
20 17 3 808 11
3 9 15 1090 19
1 19 11 1159 9
7 19 28 505 18
20 16 17 807 15
26 29 23 723 10
20 15 21 1281 16
22 11 16 1091 13
27 16 2 1354 16
6 4 29 1020 17
19 30 29 1156 4
18 21 25 760 13
26 30 18 1229 12
10 11 17 921 2
22 8 15 1132 3
9 20 4 589 7
3 1 3 753 6
16 28 7 1325 16
19 11 12 602 12
23 18 17 649 18
10 29 10 765 8
29 26 27 596 4
11 11 1 664 18
8 9 1 995 12
4 28 11 1140 8
14 2 23 719 19
24 6 4 947 8
21 27 6 813 19
29 1 2 854 14
22 12 25 1307 1
22 4 7 1097 16
17 3 19 490 13
20 26 24 817 4
14 16 3 1153 3
11 8 4 748 12
29 20 2 567 15
1 24 7 955 15
7 13 27 832 1
26 13 28 911 4
4 2 28 685 5
2 8 2 988 9
8 15 8 1111 4
10 5 25 1288 14
20 12 20 1247 8
8 4 10 1248 16
8 1 13 1309 15
2 21 28 919 8
6 26 19 889 1
20 11 18 527 6
16 4 22 843 2
24 6 7 669 14
13 14 18 1101 1
15 1 18 1293 3
28 6 19 1137 7
9 2 10 611 15
3 16 10 530 19
17 28 14 708 16
9 25 2 809 1
30 22 10 635 17
24 29 24 1299 2
13 15 29 903 6
10 1 4 1142 7
12 21 8 687 1
26 8 25 607 13
7 9 25 902 4
13 7 19 717 19
23 26 27 1378 1
29 22 7 1292 17
25 29 19 795 13
27 2 13 552 17
6 14 13 1337 7
29 9 7 1122 16
21 10 15 1314 6
19 5 21 630 6
19 30 28 1235 7
9 20 3 607 8
26 9 9 504 20
27 10 15 609 17
12 6 5 1359 8
6 15 16 1319 8
14 22 29 956 10
20 14 3 556 12
3 27 18 1161 11
9 17 8 1248 3
20 7 11 924 10
30 24 6 517 10
4 7 4 1066 5
29 21 21 553 4
29 30 16 605 6
23 8 17 1111 5
19 20 25 1199 3
11 14 4 1036 5
10 12 6 1118 15
24 10 13 1229 15
28 27 21 1017 16
4 8 23 659 3
17 16 9 1264 2
18 23 24 1150 13
8 13 14 780 11
30 28 28 541 12
5 6 10 788 18
4 6 11 562 19
8 13 8 703 20
16 2 29 1279 7
4 12 19 1131 10
7 19 25 662 12
30 29 14 954 2
1 13 11 893 19
27 9 15 970 11
8 29 19 1205 14
27 19 14 547 15
24 30 27 1376 14
3 30 1 766 19
14 19 9 934 19
13 4 17 514 15
18 11 23 1263 13
12 17 9 815 18
17 4 10 1117 11
17 21 9 1150 18
1 25 7 800 6
29 9 17 720 6
26 8 19 1125 18
10 30 6 517 17
28 24 28 965 20
9 18 10 520 2
26 21 14 598 6
9 3 29 1389 4
2 14 24 1376 12
25 9 20 1360 14
28 10 12 1338 6
8 25 10 743 7
16 15 28 823 8
15 25 29 1002 3
27 21 23 1148 18
15 20 11 851 7
19 11 20 541 6
22 1 18 1253 2
15 30 18 1379 10
28 16 1 553 8
15 27 5 1369 19
19 20 23 888 7
21 24 4 705 13
29 28 13 854 1
12 3 21 558 10
9 18 26 880 16
12 2 25 1278 7
20 17 26 899 20
1 13 5 1069 9
24 30 19 832 4
4 24 7 837 4
8 25 19 1391 8
13 15 15 1369 17
13 11 3 853 11
29 18 3 835 5
7 28 21 1066 12
30 5 20 628 11
6 30 8 1188 19
13 3 4 1228 10
1 23 27 927 18
4 1 15 859 7
13 25 15 650 17
23 30 18 1260 18
5 20 30 585 1
22 1 17 662 5
12 20 1 505 2
4 3 1 682 18
22 29 15 837 8
7 27 2 875 8
4 13 2 991 9
2 11 29 629 19
9 21 21 1014 1
16 4 14 839 14
17 5 2 1231 14
14 5 29 894 3
2 7 15 960 6
2 27 1 1193 14
22 13 28 1346 1
27 7 6 858 8
27 20 6 571 8
17 16 3 1324 16
28 3 24 824 2
9 14 1 549 4
28 26 25 1166 9
18 2 8 1376 19
21 14 5 1146 9
27 17 10 608 14
16 11 19 896 19
26 21 8 1163 14
10 14 24 762 14
2 7 19 1072 2
7 4 21 1289 4
23 13 14 1132 17
26 15 17 753 18
11 14 4 912 12
30 4 11 633 8
21 5 23 761 19
19 4 10 1310 4
11 29 17 590 19
20 25 26 1193 15
17 16 14 699 17
17 18 16 1314 11
24 10 15 1000 1
9 12 16 683 8
11 16 21 510 14
22 3 12 687 6
22 7 20 754 19
3 3 14 811 3
11 25 12 1257 6
15 24 22 593 19
14 3 21 922 5
10 1 27 1150 3
4 30 2 1227 6
1 23 16 1226 20
14 30 22 1218 12
2 14 23 1086 11
17 17 9 1175 1
23 18 23 971 16
8 11 21 839 5
22 30 11 1048 4
25 10 10 1140 1
7 14 18 1071 11
29 9 25 1112 19
16 11 12 1142 19
27 21 7 1248 17
14 15 12 561 14
14 24 7 1334 10
13 7 4 1301 1
20 12 15 765 11
21 14 6 893 9
9 27 29 526 5
11 2 10 678 13
11 25 26 1031 14
4 24 20 1179 17
15 27 1 936 2
9 13 5 945 2
22 26 13 1324 5
24 4 4 769 1
6 10 4 743 1
1 14 20 756 10
5 13 26 821 11
13 4 26 597 2
18 6 9 857 16
15 2 30 703 15
11 26 22 1256 3
15 6 20 732 12
26 12 25 1326 10
3 24 19 1128 9
16 5 18 786 14
7 2 27 587 13
17 17 23 681 10
29 23 28 691 16
18 3 8 537 16
11 26 13 725 5
5 19 11 789 11
27 17 22 716 8
21 26 1 1159 12
30 27 12 905 20
7 14 26 996 6
4 25 3 965 20
26 14 7 603 3
13 18 24 603 20
3 25 4 558 1
27 28 27 1156 1
13 22 5 1111 11
29 28 2 1054 10
2 25 29 950 7
3 23 10 1150 15
10 20 4 740 9
10 29 19 1375 16
2 22 21 961 5
3 16 9 757 13
7 3 29 1090 5
16 2 22 1062 4
15 21 27 1378 11
21 9 20 827 6
22 14 7 815 16
9 18 7 1130 1
6 2 24 760 8
5 18 29 1365 15
1 7 19 672 15
8 23 8 915 20
2 18 10 494 4
13 9 27 751 14
14 22 22 1319 11
7 12 19 1128 2
24 13 25 853 16
26 9 23 611 18
21 27 29 770 5
15 8 30 592 8
12 2 30 1377 9
2 12 3 577 16
6 11 16 1275 16
14 5 20 640 15
25 14 22 1370 10
10 30 29 1320 2
9 4 6 676 7
29 25 17 590 11
28 25 19 1304 12
2 27 4 739 10
1 4 15 986 12
17 8 30 1079 7
4 23 7 485 12
8 30 15 1197 19
2 18 24 910 19
3 4 28 821 11
25 27 23 877 10
28 26 21 871 20
28 29 30 925 3
5 23 17 1225 11
3 17 4 526 2
26 11 18 999 14
16 19 9 725 7
14 23 14 527 12
12 24 11 724 4
15 21 23 935 12
12 21 2 1316 10
19 2 16 1075 20
14 15 20 1282 9
3 10 23 1253 1
25 11 17 788 5
18 26 9 1142 3
19 24 8 813 2
15 12 1 799 6
29 21 18 1129 10
15 6 8 562 5
11 6 2 1241 17
1 7 9 1098 18
29 24 1 559 18
8 25 23 743 7
1 28 20 1065 20
8 7 22 1192 20
2 12 26 939 1
20 29 21 1352 10
16 13 6 903 4
4 14 4 996 12
12 20 28 1267 6
29 4 23 787 19
17 11 14 633 7
18 29 10 704 14
