500
23 3 30 1452 17
8 25 9 911 5
2 23 5 1066 2
10 1 30 1506 4
19 10 2 1373 16
19 6 19 655 5
30 12 24 693 6
25 15 4 1306 15
9 4 26 1045 18
22 24 4 1522 1
26 16 8 1383 3
28 29 6 1271 17
3 25 10 1292 3
20 17 29 1470 8
13 2 25 1326 19
1 29 22 1326 2
26 22 5 1218 2
30 3 4 592 9
28 11 24 952 1
14 22 19 1042 16
23 4 7 1221 1
22 11 28 1522 14
20 15 13 1508 4
7 2 5 1048 1
1 28 11 1127 8
24 14 5 735 17
21 20 18 1493 12
30 13 2 1254 20
1 10 21 976 9
28 21 6 774 19
24 14 8 1383 12
1 12 17 1248 4
10 9 15 1240 3
19 8 18 1113 17
15 28 22 649 14
30 5 20 999 3
6 25 21 752 6
3 27 9 1274 11
28 1 2 1131 18
1 28 19 1461 10
2 5 5 841 9
8 30 16 947 19
4 21 5 1357 13
24 25 5 1176 11
27 10 10 934 12
3 13 8 1364 8
17 2 8 1192 10
4 11 5 816 7
20 7 26 989 18
18 29 3 927 9
26 27 7 713 14
17 2 23 1259 5
25 5 8 1073 12
23 5 18 903 1
6 26 23 799 20
7 26 26 662 12
17 13 27 1000 8
1 29 23 1176 20
22 20 9 907 9
29 13 2 688 12
25 27 19 1515 16
27 16 4 1305 11
9 8 24 1417 18
21 23 30 1187 14
17 18 25 686 7
16 5 3 598 9
16 3 13 779 17
14 7 17 1096 18
9 11 15 579 18
22 20 1 859 15
23 6 11 1036 7
24 10 27 795 6
30 1 27 1424 16
24 2 23 1172 11
29 11 9 643 19
11 23 20 738 17
3 2 30 747 16
20 28 6 781 18
26 30 10 1343 16
19 1 9 1049 6
18 22 20 1219 16
14 14 22 1047 11
20 23 27 791 16
5 1 15 570 19
21 18 25 604 6
4 19 2 670 7
19 17 25 899 12
10 16 19 565 14
29 29 4 865 11
2 18 27 1123 14
21 6 15 1227 17
19 21 26 589 10
26 27 23 1334 5
19 11 13 789 16
18 25 20 977 9
23 26 14 1335 3
14 10 7 1436 2
24 24 12 1356 6
15 20 4 1337 20
26 8 30 1420 17
19 25 12 1055 11
7 3 23 665 17
1 15 8 1016 2
20 6 1 1520 11
30 8 2 879 11
7 9 16 1301 18
16 12 28 1217 5
19 24 27 1265 17
21 14 17 1416 6
13 22 11 1464 14
21 12 30 889 17
22 14 8 916 2
19 15 23 1543 14
16 6 8 1036 12
6 22 10 1441 15
19 21 29 840 11
13 22 3 648 12
21 4 3 1066 9
7 19 18 925 20
21 8 9 628 3
2 8 7 1394 16
8 9 18 687 9
4 5 12 1469 7
9 5 16 550 8
22 9 6 723 1
30 26 6 770 17
11 14 3 1175 5
10 30 2 879 4
10 9 23 1076 5
2 16 17 953 17
14 13 17 1468 1
1 28 20 947 4
17 3 9 874 10
18 9 9 1065 8
10 14 29 706 7
23 12 26 707 13
12 10 5 981 19
13 7 7 786 18
30 22 6 595 16
25 5 2 1443 9
3 29 7 1087 6
6 25 25 1023 1
1 20 3 632 20
11 2 25 761 1
9 22 5 621 14
23 11 3 1386 12
16 17 16 632 8
28 11 21 650 6
22 30 29 698 1
7 14 2 589 2
17 18 21 655 11
19 27 6 1492 2
14 12 10 584 7
10 22 29 1355 16
16 12 6 1043 3
26 12 24 1214 9
13 19 24 571 7
28 1 10 889 10
5 14 29 646 1
6 23 22 1446 17
3 7 1 1199 6
27 26 6 918 12
26 7 8 1043 6
8 8 17 1177 7
25 18 2 1122 19
18 23 12 1082 12
23 6 23 1145 18
15 25 12 1346 19
15 23 29 1072 14
1 21 25 838 4
12 19 19 735 15
20 23 25 884 11
27 1 10 1270 1
5 5 30 859 2
1 10 16 917 7
29 14 15 1243 8
23 6 25 1042 2
25 27 10 1220 19
15 10 25 1385 18
17 11 2 689 11
5 1 4 1454 10
17 10 7 812 6
2 26 26 1112 18
6 1 18 827 4
7 27 1 1251 8
7 19 12 1525 10
29 22 7 851 10
6 23 10 549 9
7 11 2 1418 12
19 15 21 808 4
12 12 9 922 19
13 28 17 593 5
9 18 22 858 3
24 24 4 968 12
13 28 17 1197 3
26 7 30 977 3
24 25 23 1028 5
2 19 4 1436 10
19 15 30 1117 3
26 5 6 1157 10
21 15 30 606 6
18 10 11 573 19
29 24 2 1008 14
1 29 3 727 7
25 5 25 638 11
30 16 9 722 18
22 22 12 1270 8
4 30 30 1303 10
11 15 15 1437 4
27 14 4 801 5
17 11 23 725 10
20 5 6 1245 2
14 30 16 884 2
18 13 10 911 10
16 25 19 684 13
11 30 9 867 16
20 9 7 1181 11
28 23 8 1533 4
11 27 27 1380 10
16 19 7 714 20
10 21 1 779 15
3 7 1 1249 11
9 27 27 1325 5
19 13 16 1283 17
25 17 15 1253 6
25 5 5 1463 5
14 6 26 549 18
10 20 29 694 2
15 25 13 1251 9
9 11 27 1386 17
1 19 27 767 13
26 24 11 901 9
19 28 14 1438 17
19 4 9 1514 5
6 4 11 559 17
30 21 30 865 7
19 27 27 819 3
22 28 20 639 20
30 4 14 927 4
23 28 5 984 9
4 30 16 1533 18
5 9 7 1400 6
29 12 28 1462 10
9 16 5 593 3
8 1 3 1444 2
3 19 25 1109 9
1 12 17 673 20
5 20 11 867 16
18 25 13 715 12
10 6 14 1522 10
4 25 22 863 10
5 21 7 1377 19
15 19 1 992 18
17 27 12 571 13
9 13 2 1035 15
14 21 30 1510 16
18 30 26 820 17
13 14 9 643 14
11 16 13 611 9
4 10 30 1228 10
26 5 9 1006 6
23 16 2 865 13
25 28 29 990 1
1 12 18 665 13
5 15 25 894 9
25 4 20 896 17
22 18 1 901 1
8 2 4 881 8
29 1 5 1447 9
25 11 4 1346 16
28 2 26 816 18
2 23 2 531 14
4 26 22 611 2
7 15 25 1183 14
8 28 4 1386 4
29 28 7 973 7
3 9 7 884 6
30 20 23 912 16
10 8 4 702 7
25 29 5 1341 9
15 29 13 644 7
25 7 10 547 9
4 16 21 1400 15
5 18 8 1218 12
23 24 4 612 1
29 5 26 673 12
18 25 1 1182 19
7 24 24 1184 3
26 21 29 1241 11
19 7 1 662 13
2 8 20 1281 19
17 6 17 645 2
20 21 2 1036 8
3 29 15 1311 19
1 12 19 1068 19
16 15 26 924 10
4 20 10 1179 20
1 6 29 1468 6
28 4 12 629 1
26 4 23 672 3
21 25 29 606 7
3 24 13 1363 11
1 25 17 1081 4
25 29 26 1515 13
30 26 17 684 2
28 14 17 1001 9
24 24 13 822 16
27 24 10 1142 16
21 29 7 784 13
16 28 9 872 6
14 24 13 702 5
11 3 27 1519 2
23 9 25 1516 12
10 23 11 720 15
11 20 6 773 11
27 27 6 1321 1
26 28 1 817 9
1 18 20 1032 8
11 20 17 1080 19
2 20 27 1322 18
22 14 24 1279 3
26 16 4 943 9
22 16 17 1296 20
19 5 3 632 18
27 16 16 854 17
27 10 6 1377 10
14 25 6 865 19
16 19 22 1103 15
4 23 30 876 16
12 2 14 1198 6
12 2 2 863 18
30 29 5 644 11
4 1 1 1294 18
8 1 3 1082 12
3 27 9 1308 8
14 25 13 970 5
27 17 6 733 8
2 16 15 787 14
17 15 29 1509 20
20 30 3 760 20
22 29 17 1017 11
19 18 12 1248 20
18 14 20 629 19
9 26 11 1043 17
27 3 10 833 15
12 24 8 1221 1
13 17 22 688 1
24 21 29 628 5
17 8 27 1194 5
11 13 22 775 16
22 8 19 723 17
27 21 21 1032 5
10 8 6 974 19
5 14 7 690 9
29 7 6 941 13
25 14 12 1449 18
19 9 5 584 6
29 3 18 952 11
11 17 19 1054 16
14 18 22 757 1
29 9 7 1218 19
6 20 16 1282 15
25 8 30 1313 18
27 2 22 924 11
20 30 22 1346 1
4 22 2 917 16
20 2 17 872 11
11 13 19 1183 11
26 13 4 1319 7
5 18 9 696 7
19 1 12 870 10
19 12 10 872 6
13 24 30 1291 1
21 16 30 1483 16
6 27 18 750 5
28 12 7 1044 11
22 1 22 1245 16
27 12 9 893 10
4 19 17 1358 13
12 11 6 1258 12
7 17 4 1010 18
26 2 15 1118 4
28 19 5 1014 3
19 25 25 815 3
21 15 8 1536 2
21 9 7 750 7
26 15 27 1073 1
18 24 6 1530 2
18 17 13 1186 10
17 29 29 1207 13
23 5 3 905 7
9 22 19 1213 12
24 5 27 1034 19
8 26 20 837 7
8 17 10 904 19
22 21 9 723 9
2 24 23 828 1
8 8 18 560 6
7 5 9 859 17
5 25 23 862 18
18 5 21 948 6
6 25 14 744 2
13 6 11 554 1
8 27 1 1477 1
4 26 17 1363 10
12 12 7 815 17
28 22 25 1299 7
16 29 8 1295 8
25 30 24 843 3
8 28 17 1169 8
4 19 30 1312 3
30 21 29 1259 6
6 30 13 1506 12
20 13 17 1027 13
4 16 9 1386 9
30 6 30 1445 5
24 29 14 1419 15
21 6 10 1144 9
9 18 11 663 4
2 25 17 1482 3
16 15 8 919 14
14 28 7 1525 12
4 20 24 578 5
22 7 16 697 19
10 5 23 757 10
23 26 1 1204 4
2 19 13 1502 20
6 8 24 1280 17
14 6 20 1376 9
26 16 14 1067 18
25 17 22 592 18
13 3 29 1127 11
6 25 25 981 15
14 12 15 1529 4
10 28 14 1124 1
12 5 6 1347 16
28 15 10 778 8
17 8 19 1001 8
25 29 24 1553 12
27 7 26 1338 7
8 26 8 588 8
16 5 25 743 18
27 29 9 959 4
13 20 24 1369 7
21 2 27 739 14
22 24 2 1337 10
2 21 8 541 17
5 2 29 1420 2
20 6 14 1270 12
9 28 2 895 8
12 2 22 626 7
17 4 21 816 20
5 17 10 1132 5
8 6 16 832 5
20 17 18 1216 11
26 4 4 675 19
20 22 2 1506 18
3 15 19 627 11
12 26 4 1454 18
3 22 19 1434 9
15 15 27 918 14
24 24 13 1167 17
27 15 5 954 13
9 5 16 1079 14
29 9 19 1150 17
7 1 4 934 14
4 19 10 1071 15
4 6 13 804 4
13 1 23 547 16
4 22 28 575 12
26 27 20 1337 17
9 9 12 1133 13
26 9 4 1499 15
4 19 1 1473 7
29 12 14 762 11
3 4 13 684 7
8 3 20 1282 17
3 8 25 1266 16
10 2 10 1473 1
6 29 29 1055 7
23 16 29 1087 8
22 11 28 1497 1
15 26 1 1447 9
27 17 17 714 17
25 16 6 1330 16
8 28 17 759 12
14 6 20 780 4
16 19 28 706 16
15 28 30 741 2
21 18 20 586 20
23 5 15 1299 11
29 26 3 1057 7
11 6 8 590 15
10 10 13 1450 7
17 1 11 1360 3
19 3 24 1434 10
26 25 17 1290 20
11 8 12 716 2
5 28 5 1095 2
6 13 15 978 10
