150
29 11 9 268 12
20 11 7 222 19
29 5 30 320 15
15 15 12 365 1
16 10 8 471 13
28 27 21 493 17
8 6 16 209 4
4 1 14 228 8
27 23 9 412 5
2 25 10 461 3
21 2 14 213 17
6 22 6 479 1
16 28 23 409 12
21 22 12 450 10
3 11 10 226 17
19 20 28 453 2
27 6 4 368 13
7 28 17 490 9
27 17 10 493 3
30 16 1 464 20
27 13 8 272 2
2 10 30 268 3
8 10 25 469 15
10 23 9 368 10
13 23 23 415 16
12 10 10 407 7
1 2 3 310 13
17 3 22 488 9
24 2 24 482 5
15 5 13 341 15
28 24 9 272 2
11 25 15 297 19
13 29 13 478 6
4 4 25 273 8
17 6 14 456 10
22 3 21 197 9
14 15 7 257 17
27 8 30 231 16
18 12 22 261 5
15 14 10 205 2
30 7 30 369 6
23 21 20 442 5
20 27 26 387 4
29 19 6 357 5
13 5 23 266 3
1 29 9 478 19
4 25 7 297 4
5 22 21 298 17
25 1 16 412 5
24 29 20 382 19
20 2 23 284 14
2 1 18 348 20
25 28 3 306 19
29 4 28 284 8
6 20 16 283 1
7 26 30 322 7
29 18 21 277 11
9 23 17 460 14
14 18 15 422 9
9 30 29 508 10
15 4 18 306 19
2 28 5 285 13
17 11 11 442 13
9 10 7 467 17
17 26 4 225 18
11 9 27 242 3
19 17 15 374 13
30 10 25 456 11
6 30 16 274 14
2 21 28 263 19
7 7 18 365 2
14 23 23 272 2
23 7 10 372 4
1 27 25 277 11
1 20 12 243 6
13 4 25 420 19
2 24 12 387 19
11 8 29 393 16
24 9 15 431 5
30 19 9 455 16
17 10 28 394 14
8 9 18 252 1
2 19 29 295 5
19 8 22 275 4
8 16 25 291 18
12 17 13 314 14
11 17 9 456 11
27 26 24 372 19
25 23 1 221 7
23 28 23 431 11
13 19 21 302 6
29 29 12 326 8
10 28 13 409 20
21 11 15 264 13
9 5 6 211 17
29 16 3 297 17
14 5 26 378 9
28 14 11 451 17
21 23 26 446 10
9 22 25 450 14
26 21 23 440 17
10 1 7 383 20
29 20 15 398 1
29 17 21 243 20
26 14 18 292 20
25 7 2 432 3
28 3 19 394 8
16 16 6 439 12
28 1 20 260 2
23 27 11 383 13
19 21 28 363 8
29 12 1 400 13
24 5 4 458 16
25 30 9 231 15
1 19 27 233 5
10 1 2 448 20
12 4 8 304 8
23 10 3 233 4
16 18 18 488 8
19 27 5 451 16
19 23 21 430 13
23 17 9 397 9
10 14 27 262 18
15 23 28 397 2
8 24 13 298 5
6 5 28 252 16
21 28 18 327 13
30 30 10 355 17
14 19 20 209 14
27 15 6 251 17
11 26 8 219 14
20 12 7 284 19
30 24 6 467 20
6 15 7 262 9
11 11 3 278 2
11 27 24 432 1
5 21 8 340 16
15 11 19 289 8
22 25 28 367 2
3 1 19 243 16
8 13 3 217 11
28 4 21 306 14
12 12 14 472 18
6 14 29 220 2
14 22 6 351 18
2 7 30 376 10
8 21 13 440 6
5 16 29 326 3
10 21 28 368 10
19 8 5 329 11
