400
18 22 27 646 11
18 16 27 701 18
21 4 28 952 5
1 14 10 1199 3
12 22 24 605 14
14 2 18 649 13
24 6 23 1229 20
20 21 5 845 6
5 2 15 462 16
15 25 29 855 8
30 24 17 584 11
20 2 4 1193 3
28 21 9 511 3
8 22 24 894 14
4 30 4 639 6
25 12 17 1248 8
26 21 12 550 14
15 26 7 1057 12
11 9 10 1035 14
29 13 9 1223 5
10 30 22 462 14
23 18 19 629 14
22 2 24 806 7
19 21 29 1229 18
6 21 6 924 12
29 29 19 912 19
18 1 12 801 8
25 8 7 862 1
22 7 7 1123 11
19 14 1 1165 13
3 9 27 887 8
7 9 13 952 3
19 26 26 728 19
20 23 30 765 18
10 10 30 679 14
9 18 1 1207 4
23 18 26 763 9
6 2 9 834 11
20 26 11 856 7
5 9 6 463 8
30 22 11 607 14
28 17 19 560 8
23 11 20 1099 13
27 29 19 837 20
29 7 30 493 15
19 25 16 797 8
15 21 20 1201 12
24 15 30 755 10
9 27 29 740 11
24 24 11 671 7
18 15 15 1051 8
10 22 5 960 1
22 5 12 823 9
8 6 7 903 20
3 27 12 693 5
21 24 17 1228 8
28 4 23 1081 5
3 7 3 1199 10
9 3 13 787 19
10 3 5 427 10
19 7 7 1100 14
6 6 27 1027 4
20 25 18 829 7
23 5 3 616 8
28 11 1 565 14
25 16 28 1185 1
18 22 21 765 3
25 12 24 543 8
19 30 26 950 8
28 4 27 920 19
11 18 26 522 14
8 22 4 956 19
25 22 28 841 20
20 22 24 551 10
13 30 14 1099 1
10 15 6 850 1
14 18 6 940 13
27 22 9 842 5
19 25 5 983 13
23 2 21 544 19
20 10 5 958 13
24 15 26 694 13
30 9 9 819 18
13 4 17 960 14
8 5 14 1210 18
12 3 11 560 19
20 4 4 938 17
8 8 23 954 20
14 18 21 1062 12
26 14 29 1257 5
24 29 25 1228 1
29 18 10 894 13
17 14 10 649 4
30 2 14 861 12
13 3 28 583 17
16 27 9 517 12
11 17 20 1129 11
24 3 1 1191 12
11 25 15 826 10
2 25 7 1183 7
9 13 19 1128 17
11 4 13 698 1
11 27 28 601 13
4 12 2 707 16
17 19 15 1161 9
1 20 19 848 3
25 5 22 1105 14
19 1 1 835 10
18 6 25 941 14
6 18 25 731 14
19 19 8 851 20
24 30 18 1044 17
4 12 7 940 12
30 17 13 628 11
16 15 18 619 10
24 2 11 725 4
12 29 22 992 11
1 30 3 699 2
3 23 3 929 11
26 25 21 1266 1
23 21 21 1197 5
4 16 19 834 16
26 15 15 840 15
16 28 1 602 17
26 1 6 577 11
24 10 22 1133 18
6 26 26 1222 17
2 5 26 1097 13
18 25 22 476 20
11 20 24 556 14
12 12 22 828 14
14 15 30 638 13
30 14 9 1005 12
25 13 18 482 2
5 10 23 534 15
13 25 7 1089 1
12 20 25 1126 3
24 11 20 705 2
17 30 17 1081 7
12 18 29 859 11
29 26 26 1250 12
27 14 24 1124 1
12 11 2 915 15
19 1 15 753 12
10 16 30 1166 7
8 28 29 1120 1
25 19 2 1120 2
6 29 26 1026 2
23 13 21 883 20
5 20 16 954 1
27 21 1 610 18
17 23 15 958 11
25 27 12 1174 12
19 5 26 1231 5
6 15 12 567 10
26 21 11 1024 20
30 6 30 787 19
17 9 1 960 5
9 1 29 1020 4
13 17 28 509 18
22 6 13 990 7
30 17 4 706 5
13 28 6 1000 10
5 12 7 798 13
24 10 10 487 15
12 21 10 478 1
1 26 9 1061 20
21 22 12 911 2
22 11 22 1148 4
7 7 3 594 4
11 13 11 652 1
1 20 21 711 12
11 13 1 1024 5
27 18 10 1254 12
14 27 17 1218 18
24 17 14 708 11
16 14 5 869 15
20 30 18 516 19
24 21 1 927 5
20 17 13 485 10
23 13 25 748 8
21 20 22 911 12
6 25 27 562 3
19 17 4 742 3
23 26 7 877 13
27 13 20 602 6
29 11 10 1221 5
23 21 10 505 16
27 17 8 1227 14
25 12 20 715 8
23 11 25 693 13
7 15 9 819 20
6 23 7 464 17
12 2 6 992 6
30 23 13 1230 16
25 26 16 1245 17
24 15 30 848 4
26 13 28 912 13
10 10 4 839 1
8 13 21 1177 2
14 17 21 631 13
11 2 20 672 9
4 24 8 695 1
16 29 19 952 5
29 30 25 857 8
30 2 29 894 6
30 7 17 1066 18
12 17 15 650 14
9 28 11 909 8
21 2 21 634 12
4 20 30 1136 2
2 14 6 738 10
11 8 13 644 2
24 13 15 896 12
10 30 15 1173 1
22 20 24 933 12
9 8 12 968 15
8 30 5 507 7
29 27 21 856 7
20 5 11 637 3
5 27 7 1084 14
3 30 25 585 10
18 8 22 1102 13
12 22 18 1157 9
10 26 17 1113 10
17 3 27 1039 16
6 2 23 554 11
25 23 11 1039 19
2 5 28 1136 14
28 30 24 1248 4
12 10 10 1054 18
14 28 1 602 13
11 23 19 1183 5
16 4 30 589 9
26 22 6 464 11
18 18 14 1143 18
8 9 2 927 6
29 13 14 1190 3
28 29 2 1020 3
5 17 7 497 14
6 2 21 936 14
5 13 29 556 17
1 24 7 497 15
1 1 22 1052 8
19 24 9 784 5
3 21 15 1054 11
25 5 5 1162 17
10 16 21 569 2
30 21 3 787 15
27 12 18 546 18
14 16 8 1000 2
12 30 6 1003 3
17 22 16 1222 6
1 16 23 1081 12
5 7 3 981 3
27 2 7 944 1
26 13 1 1001 2
1 6 7 590 9
24 13 10 1162 6
24 11 10 853 4
10 16 21 883 17
15 19 24 1218 5
11 27 16 999 2
19 21 21 487 12
29 19 17 993 10
16 24 5 499 19
19 1 4 955 11
13 22 29 761 10
6 18 5 607 10
19 27 9 1057 7
8 30 29 568 4
18 7 22 753 2
23 28 16 595 4
25 12 25 768 13
8 15 4 981 3
22 23 8 1221 6
29 22 21 1155 18
20 29 16 582 19
13 24 30 889 10
9 22 23 669 18
3 29 19 611 17
13 29 30 804 1
13 22 18 977 16
4 30 28 476 5
7 14 7 1222 15
28 17 19 1196 19
25 23 25 767 12
30 26 20 903 3
1 18 1 667 8
29 5 23 632 6
17 26 17 1083 15
22 5 13 1041 5
13 12 27 649 14
2 26 17 861 13
1 18 9 937 13
8 8 13 723 10
18 8 3 645 14
14 8 24 836 8
6 25 9 1208 5
14 7 24 917 7
11 29 10 509 20
5 26 2 650 7
29 30 21 609 5
2 30 16 622 11
12 12 19 827 4
7 2 4 413 13
9 9 10 1205 10
14 28 13 602 5
27 18 16 1123 19
6 17 5 936 15
18 22 29 661 9
14 18 9 1111 15
21 14 23 768 4
14 8 11 863 20
13 5 9 633 7
21 19 10 551 17
3 14 11 1189 20
17 8 20 704 4
26 17 16 652 7
23 1 18 859 7
24 30 2 1041 1
1 14 20 1012 6
4 23 30 1012 17
7 13 30 766 20
5 12 25 973 12
1 23 11 477 2
20 17 12 743 12
19 27 15 482 15
1 27 3 1092 6
4 5 10 593 11
5 24 19 983 13
28 26 10 1189 11
30 3 19 478 12
15 11 30 790 6
7 16 13 512 3
2 25 14 1027 20
24 12 14 769 16
7 25 6 545 13
15 14 2 1042 20
30 21 5 1066 1
15 22 14 1203 7
10 24 7 903 11
8 14 12 442 5
7 6 25 665 14
3 30 24 829 10
25 23 3 532 9
18 17 25 1095 18
13 22 8 1216 11
4 4 5 830 17
4 22 29 1171 1
28 10 17 851 9
4 10 5 660 2
20 19 25 1021 17
7 25 7 785 3
9 3 17 496 8
23 24 29 848 10
23 17 9 739 11
29 26 27 652 10
14 1 5 1123 7
14 5 15 1039 4
21 22 4 524 18
26 1 8 725 13
3 14 26 885 12
14 4 8 1087 16
1 24 28 824 7
25 20 3 686 19
15 25 1 481 18
27 4 6 1073 9
22 5 8 1011 20
10 5 10 1137 4
30 17 16 1226 12
1 7 8 640 6
8 21 18 1212 2
26 12 30 660 3
27 19 28 1054 19
12 3 15 712 18
29 21 6 646 9
13 3 4 655 10
22 28 20 556 17
7 4 25 662 11
24 28 9 770 14
8 8 18 731 16
5 28 27 1174 5
6 2 21 830 7
29 13 3 1026 16
10 18 23 530 2
14 12 11 1200 16
13 11 19 465 15
11 24 29 1222 16
3 15 12 929 3
21 10 4 1120 17
30 16 25 743 13
10 14 1 779 5
24 15 27 553 18
17 27 1 780 16
3 19 23 1192 4
8 16 25 1067 20
7 26 4 642 20
23 16 7 1048 1
3 23 4 1157 15
