100
14 4 3 202 9
24 7 5 237 20
21 15 15 343 11
9 19 21 297 18
25 7 11 163 17
2 6 28 184 19
16 17 28 286 4
25 16 19 179 7
14 19 6 305 14
13 14 16 231 11
4 9 1 236 15
22 20 11 330 15
18 21 15 185 9
30 14 29 325 6
19 17 2 333 8
2 17 26 250 9
24 3 26 255 4
17 3 16 157 11
15 18 18 267 18
24 29 29 319 20
8 6 6 286 6
18 3 27 213 11
17 4 20 198 20
2 20 15 327 1
8 7 17 157 12
28 14 21 200 7
6 21 1 153 19
7 23 17 199 14
9 15 13 167 1
18 15 29 301 2
8 18 2 166 16
25 6 12 290 3
15 16 8 269 18
15 29 26 236 7
18 19 13 249 13
26 6 2 146 4
11 9 7 280 20
29 4 18 250 17
25 24 29 236 12
6 16 1 252 18
26 3 20 339 19
21 28 2 320 18
28 11 29 192 19
17 23 18 210 14
29 2 14 335 16
14 10 5 319 13
14 22 6 174 3
18 25 11 184 5
25 10 8 156 1
13 22 20 268 4
1 16 24 157 18
14 24 21 328 10
10 2 10 286 13
25 16 27 357 20
16 4 18 214 5
3 19 17 211 18
27 23 18 320 15
28 12 25 232 5
8 3 20 248 19
20 9 1 148 6
19 13 2 181 15
25 27 29 286 17
22 15 6 252 2
21 4 27 294 18
4 14 10 169 15
8 29 22 161 16
15 3 22 214 8
22 24 12 239 14
9 10 26 186 16
21 3 15 192 1
6 9 24 318 2
3 19 15 188 11
29 8 14 189 1
27 1 24 259 20
30 23 11 168 5
30 5 2 250 12
18 17 16 169 15
8 22 7 185 13
19 30 27 274 6
24 5 6 323 15
29 22 1 214 19
13 22 25 252 1
1 23 12 171 8
30 22 18 313 18
28 3 26 157 17
4 2 7 243 16
26 13 4 252 6
29 21 3 280 19
3 23 13 261 1
4 14 2 166 4
18 23 19 225 11
4 12 15 238 2
13 21 19 256 15
16 14 30 316 13
30 30 6 169 3
13 28 30 335 1
14 19 16 161 8
16 23 18 233 14
11 14 6 236 11
20 24 25 303 2
