200
7 148 157 3
1 48 56 10
8 83 98 8
4 131 135 3
8 169 177 5
2 122 124 10
5 26 36 2
1 148 149 5
1 108 109 10
11 133 147 5
1 198 202 3
1 143 158 10
2 161 176 7
1 4 5 3
5 2 17 9
1 160 168 5
4 109 116 4
5 19 27 7
7 131 142 10
2 77 82 10
6 100 108 6
13 160 173 9
2 5 8 1
3 65 68 5
13 179 194 5
2 47 62 6
7 6 13 7
7 98 107 5
4 191 195 4
1 124 126 4
6 113 123 1
11 187 202 7
3 75 78 2
1 52 57 2
1 131 138 1
8 177 192 7
3 92 100 10
3 100 112 5
2 57 60 8
1 145 148 4
4 55 60 2
1 199 206 8
9 158 167 5
13 15 29 3
4 128 142 9
7 131 138 10
13 136 149 5
4 192 197 8
1 180 181 5
2 92 98 3
4 155 159 4
1 128 129 7
2 87 92 10
4 78 83 5
5 76 87 10
1 99 106 5
6 150 162 6
5 174 183 4
9 151 165 5
1 63 64 1
12 6 19 1
5 80 91 5
7 136 149 1
7 159 172 6
4 74 87 10
13 9 23 9
1 172 175 6
3 120 128 8
1 111 116 7
9 30 41 10
2 175 183 1
3 175 180 3
1 10 14 9
3 114 127 3
8 31 44 7
4 96 101 6
1 160 175 7
1 187 188 10
4 119 123 2
9 80 91 8
6 68 74 10
15 197 212 3
13 84 97 1
5 195 210 3
3 51 62 1
1 4 19 10
4 115 124 8
1 181 191 3
3 162 166 6
2 173 176 9
10 48 62 6
5 116 128 2
1 21 22 10
2 172 183 8
1 15 16 9
15 195 210 5
3 114 118 1
2 175 178 7
15 141 156 6
5 128 139 1
2 99 105 5
2 56 60 6
4 31 46 4
7 198 207 2
7 46 56 6
6 30 36 10
1 120 126 1
11 154 167 4
2 175 179 5
6 188 199 1
2 15 22 2
9 113 122 4
3 180 186 8
1 7 9 1
3 158 171 2
10 142 153 3
2 167 169 4
1 91 96 5
2 83 87 2
11 32 47 8
3 54 58 10
6 157 167 9
6 9 24 4
1 114 115 9
7 70 84 9
7 81 94 6
8 31 41 6
2 112 116 10
13 194 207 2
11 37 52 9
2 55 58 8
12 175 188 8
9 159 171 5
5 75 83 4
8 23 31 7
2 45 50 10
12 130 145 6
5 170 185 8
1 10 11 6
3 12 15 6
6 192 200 6
9 53 63 2
8 159 168 6
7 178 190 8
5 52 61 10
2 137 142 1
14 192 207 9
2 123 126 8
1 148 159 6
6 106 114 2
2 11 17 5
2 83 88 5
3 131 142 3
4 69 74 10
3 4 12 6
3 104 110 8
1 166 168 10
1 47 54 8
2 159 165 5
1 197 211 6
6 139 153 7
7 3 10 5
2 33 37 3
9 120 135 8
8 132 145 2
5 55 69 9
2 159 162 5
12 140 153 3
2 95 103 4
1 54 69 3
1 117 121 5
5 110 115 7
4 105 113 10
12 30 44 7
2 151 154 9
11 115 128 10
14 101 115 7
3 187 196 6
2 66 68 5
2 63 69 5
3 41 55 4
10 2 12 4
2 171 177 8
5 103 118 3
11 96 109 9
1 110 115 7
2 6 21 5
1 199 201 10
5 168 178 6
1 108 117 1
4 16 23 7
11 99 114 6
11 156 167 1
3 122 125 2
1 36 38 4
2 121 125 1
6 1 15 4
8 11 24 2
4 160 171 6
6 36 44 7
