100
1 58 71 2
10 34 48 10
4 75 89 9
1 55 57 6
6 65 72 3
2 88 90 2
2 32 35 6
2 53 56 6
1 52 56 2
3 97 107 3
5 67 74 6
1 88 90 9
8 65 73 9
5 46 51 1
1 78 83 10
3 45 56 9
2 99 109 3
1 41 44 10
1 36 39 8
5 67 73 3
6 43 49 2
10 53 63 3
8 51 65 4
5 16 21 7
4 9 15 6
2 54 66 3
6 83 98 4
1 15 16 7
3 91 102 4
1 24 28 4
4 15 24 1
3 38 42 7
3 48 53 8
2 87 102 4
3 22 34 1
3 1 13 5
1 77 78 6
9 5 14 7
5 35 48 1
5 61 68 3
4 31 41 4
5 65 70 4
6 14 20 7
2 45 50 1
10 29 41 9
2 8 21 10
6 97 109 4
4 30 35 3
3 89 97 4
6 91 100 7
7 56 71 7
9 10 25 8
4 51 58 5
9 66 81 3
1 14 18 1
2 100 104 10
7 60 71 8
1 54 61 1
2 34 37 4
6 84 97 6
1 92 93 3
5 99 104 5
13 43 56 3
10 52 63 10
5 3 9 5
2 65 68 3
1 81 85 6
6 44 56 9
7 78 86 4
5 54 63 2
7 22 30 1
9 1 11 7
1 54 62 4
3 61 73 5
9 38 48 4
6 2 10 3
6 14 25 3
1 11 12 8
1 37 39 2
1 100 102 5
2 84 86 6
2 1 13 2
2 79 84 1
10 1 11 4
2 97 101 4
2 52 56 4
8 90 102 6
5 12 24 5
9 19 29 10
6 90 100 10
3 98 103 1
3 78 81 7
15 93 108 6
1 98 107 8
1 67 68 3
2 55 65 6
1 86 99 6
3 24 30 1
12 93 105 3
3 84 91 1
