350
6 45 52 5
6 226 234 10
2 221 226 10
6 272 283 1
7 5 14 5
3 83 98 10
1 97 112 7
2 344 357 10
2 151 165 2
11 58 72 3
1 318 327 5
1 7 8 10
3 75 83 6
8 202 210 2
7 242 253 10
1 281 293 10
4 250 260 2
10 104 114 3
1 224 225 1
1 327 328 9
1 301 302 4
2 67 82 4
1 330 332 5
1 53 60 9
2 34 36 2
11 303 317 6
4 121 136 5
5 337 351 9
9 223 236 5
6 316 324 6
3 164 167 6
1 13 27 1
11 309 323 9
2 321 326 9
6 201 207 2
1 22 25 4
2 319 322 10
5 125 133 10
4 252 257 8
2 217 228 10
5 197 204 8
1 63 70 2
9 204 219 6
8 147 160 6
4 124 131 4
1 225 226 3
7 41 52 1
5 46 61 2
11 130 141 3
4 197 210 1
1 6 7 2
2 142 149 2
2 134 138 5
6 215 223 2
6 133 141 2
3 271 284 7
10 305 315 6
5 331 339 6
1 220 222 1
2 174 183 10
5 88 100 6
2 314 316 5
10 160 175 2
2 281 294 2
4 223 232 6
1 282 284 10
1 310 316 7
13 103 118 4
4 206 212 10
9 66 75 4
1 149 160 6
4 181 185 4
8 156 170 4
9 173 184 3
2 245 247 7
1 170 171 7
1 260 264 4
2 66 77 9
10 32 46 7
12 120 133 7
2 41 50 5
3 15 20 1
4 344 359 8
5 237 249 1
8 122 132 4
3 312 320 6
13 206 219 5
1 243 246 9
2 298 307 2
5 255 264 7
1 285 287 4
1 187 188 8
6 223 229 4
1 311 312 4
2 280 292 10
5 65 76 2
2 216 219 1
5 164 174 9
1 265 269 6
4 36 49 10
5 229 238 9
1 159 163 6
7 124 134 9
7 265 274 10
2 143 147 1
3 217 226 2
8 187 201 5
5 119 127 5
1 133 134 3
11 45 60 10
5 220 226 3
1 310 312 8
3 268 271 7
7 218 229 6
2 17 19 9
1 12 23 6
2 2 4 2
3 204 215 10
7 86 95 1
5 295 306 8
1 213 214 3
3 39 49 1
5 57 69 1
4 134 138 2
1 196 198 2
4 59 74 6
5 176 188 6
9 119 134 10
2 320 322 5
2 29 44 1
8 61 69 6
2 110 113 9
6 154 162 10
3 114 117 2
9 42 52 2
5 321 329 1
5 87 96 6
4 139 144 2
5 313 324 2
6 81 92 1
10 337 349 1
1 75 78 7
3 32 37 4
12 345 360 9
8 128 143 6
3 100 114 1
5 222 236 4
2 346 348 4
1 233 238 2
1 329 333 1
1 287 301 9
5 284 289 5
1 51 52 3
3 108 115 5
3 167 176 5
4 238 248 8
5 40 47 7
7 251 260 4
3 72 75 3
5 187 194 5
7 270 278 5
3 154 162 2
2 298 301 8
9 246 261 2
5 253 263 3
10 67 80 5
5 187 196 7
1 247 249 1
1 39 48 8
2 235 238 1
9 252 265 1
6 313 320 7
6 107 121 5
2 245 258 6
5 217 225 10
3 16 31 10
12 14 26 4
6 130 143 5
7 172 186 9
1 164 165 4
5 160 167 5
1 44 49 7
4 239 251 10
1 181 184 2
1 153 154 5
4 167 175 3
1 140 141 7
1 251 258 7
6 60 70 10
5 341 356 3
7 223 238 2
6 328 335 7
5 214 220 3
6 82 92 7
3 103 108 7
3 237 247 6
5 103 117 9
3 261 270 8
4 68 78 7
1 216 217 5
1 169 170 8
2 318 320 1
1 277 281 6
8 68 79 3
7 328 340 8
2 42 44 2
1 202 208 9
2 240 242 6
3 311 318 9
4 308 316 1
3 54 58 9
3 177 184 3
6 110 124 6
8 149 159 2
2 205 219 3
1 297 307 9
1 102 104 5
4 187 196 10
3 44 52 2
1 284 288 7
1 329 333 6
4 120 130 6
2 101 106 8
1 204 215 7
2 53 56 8
3 74 82 7
1 64 69 6
8 164 179 8
1 142 157 5
9 274 283 10
2 120 125 6
4 209 223 1
6 120 127 5
1 103 109 1
6 206 221 8
3 125 139 10
10 329 339 7
3 135 146 3
1 38 40 6
5 294 301 3
11 230 242 8
1 256 257 4
1 265 267 6
2 300 302 1
13 44 58 4
4 316 320 7
6 321 336 1
14 208 222 7
3 187 195 8
7 168 175 7
1 345 355 7
5 87 97 9
13 145 158 4
1 300 302 8
9 259 273 7
8 193 205 7
2 253 263 6
5 54 60 3
4 152 156 6
2 179 189 7
2 118 127 4
2 344 350 9
2 308 313 9
9 225 235 6
2 156 159 10
3 25 40 4
5 51 64 10
8 63 73 5
4 87 93 8
1 289 293 4
4 252 267 10
3 95 102 9
1 72 73 1
2 245 247 2
10 138 149 9
3 274 280 3
9 10 20 6
7 116 128 1
1 201 202 4
3 225 228 1
9 337 348 8
6 131 138 7
10 310 324 10
2 275 278 10
2 79 84 1
12 28 41 2
2 29 32 8
5 272 284 6
4 287 292 10
1 227 234 5
4 201 209 4
1 27 32 6
7 194 201 2
10 40 50 9
9 322 332 9
4 26 35 6
9 166 175 8
7 331 341 3
3 125 131 5
1 137 139 1
2 79 93 6
3 7 11 1
1 108 115 6
1 161 162 7
2 76 82 4
12 258 273 1
12 116 128 6
1 157 160 1
2 342 344 10
4 243 256 3
14 192 206 2
7 186 195 8
3 139 153 8
2 130 138 8
4 45 51 9
4 204 211 5
1 327 328 8
6 320 330 9
3 26 31 3
2 43 46 9
1 45 49 9
2 157 169 8
7 174 183 1
4 26 39 1
7 290 297 6
10 99 111 5
1 239 240 9
1 52 55 10
1 117 123 9
1 134 135 5
2 240 242 9
1 256 265 5
2 183 190 5
10 294 308 1
7 98 105 5
9 156 165 10
4 20 28 2
4 230 243 4
1 280 284 7
5 334 340 4
1 267 268 10
3 87 92 9
6 71 82 10
5 120 126 3
4 130 136 6
2 290 292 3
6 114 124 7
7 339 349 2
4 64 74 4
10 143 158 10
