150
5 1 5 280 13
2 3 9 19 9
2 2 1 18 3
10 6 2 142 16
10 5 10 63 10
5 6 10 42 17
1 1 6 216 12
9 9 9 76 9
2 2 3 237 19
5 7 1 210 20
5 7 1 239 9
6 7 1 247 13
1 2 10 197 7
4 10 9 120 13
2 10 9 184 19
3 5 7 121 13
8 6 6 263 1
4 1 8 138 11
8 2 5 115 2
2 9 7 61 19
10 6 1 89 17
6 3 2 297 9
4 3 10 299 10
1 5 7 291 4
3 10 4 74 7
9 5 4 241 4
5 7 10 54 9
3 2 5 70 15
2 6 4 31 20
8 7 4 105 5
5 10 9 188 17
5 3 7 297 17
3 1 8 44 17
4 6 4 156 6
4 2 6 55 16
2 9 1 257 18
2 1 4 172 10
8 9 6 113 19
9 5 10 108 12
10 1 10 104 10
10 4 4 108 13
2 5 3 292 16
3 6 1 164 8
6 2 6 148 3
2 1 6 28 16
7 8 3 138 6
9 3 6 234 20
4 4 2 243 18
7 1 10 235 7
1 8 4 294 16
5 4 5 272 9
6 10 6 282 16
9 1 6 144 1
10 1 10 57 17
1 3 5 46 13
1 1 10 235 9
6 6 5 100 17
1 6 4 179 5
2 1 1 258 7
3 6 10 242 20
2 2 6 75 12
3 7 1 237 7
9 3 8 92 4
1 3 9 60 12
9 4 9 65 18
3 3 5 27 14
8 7 6 132 2
9 6 1 248 7
8 8 6 291 3
7 9 6 67 12
7 6 10 170 2
5 7 4 89 19
9 1 5 64 1
3 1 10 231 17
10 1 8 166 4
6 8 3 179 10
2 2 1 130 4
4 10 4 84 5
5 2 1 293 13
2 10 4 185 14
7 9 4 234 15
1 2 8 149 11
7 3 7 168 20
9 2 10 139 14
3 1 1 292 4
6 8 2 226 14
8 6 7 93 1
2 10 10 250 3
4 9 8 232 4
9 1 1 200 14
7 1 10 110 19
9 6 8 213 3
1 8 4 209 11
9 2 10 105 14
3 1 3 67 9
10 9 4 300 13
6 7 5 252 6
2 1 4 119 9
1 6 9 192 4
6 9 1 249 4
3 6 5 56 6
5 9 4 51 18
7 5 2 138 18
1 6 2 247 15
8 4 2 120 19
10 10 2 36 2
10 2 7 155 1
3 2 6 298 9
7 2 8 226 9
8 6 2 17 19
6 6 7 275 12
3 6 4 142 8
9 3 9 37 8
2 3 2 119 3
7 6 6 265 15
7 2 7 60 15
8 1 4 89 11
3 3 8 273 20
1 4 1 99 18
3 7 10 116 5
2 10 7 183 2
5 6 1 285 6
8 8 5 96 2
1 6 3 11 19
4 5 4 73 17
5 3 10 38 5
4 2 10 157 2
4 3 8 207 1
9 8 1 124 15
4 7 10 244 9
8 10 6 161 3
1 3 1 104 4
3 6 4 231 16
2 9 2 227 10
9 7 7 266 1
3 10 2 159 14
5 9 5 36 1
6 1 9 298 6
1 6 6 58 1
5 4 9 47 4
10 9 8 194 12
6 8 2 144 3
8 8 1 273 2
1 3 2 257 10
4 9 10 190 5
4 2 3 139 19
8 10 4 290 6
5 7 8 100 20
4 8 2 83 13
4 4 5 33 13
