400
1 2 3 292 10
8 7 5 291 19
5 9 3 301 9
7 6 8 658 11
1 10 4 760 8
5 3 7 721 2
9 1 6 724 7
3 2 9 575 17
10 7 4 246 16
7 1 4 281 7
9 8 3 524 5
9 8 1 726 18
1 4 4 357 10
9 5 5 141 7
9 5 6 623 14
3 7 6 532 8
6 5 6 198 1
5 9 1 285 9
9 5 3 288 13
4 7 3 693 2
9 9 5 46 9
3 5 8 350 15
10 4 6 208 11
8 6 6 347 12
3 6 5 543 20
1 3 2 72 4
4 6 1 62 19
8 5 3 682 6
3 8 4 284 14
3 10 9 279 13
4 3 10 604 5
9 5 9 594 11
2 10 4 196 9
3 7 8 195 3
3 10 9 326 18
2 1 5 540 18
6 8 4 705 4
3 8 7 131 16
3 3 5 439 14
7 5 1 663 2
7 5 7 341 13
8 10 3 252 12
3 1 6 273 6
6 9 6 216 18
2 1 9 301 5
4 7 4 371 12
7 9 8 182 12
3 8 9 293 8
3 2 5 600 18
4 6 2 403 1
10 2 8 387 14
1 3 9 457 13
9 4 6 304 8
2 9 10 60 5
5 8 5 639 7
2 6 7 380 8
7 3 4 172 1
8 5 7 702 1
2 3 7 485 1
8 9 6 538 1
2 1 7 575 12
7 9 9 283 12
9 5 4 761 15
6 6 10 328 19
4 7 10 759 11
5 8 6 385 8
8 8 3 492 9
5 9 5 638 1
2 9 3 95 8
3 9 9 355 9
4 5 7 426 12
6 6 4 794 14
2 8 9 434 18
9 9 1 167 18
10 7 5 600 16
2 4 5 757 10
3 5 10 728 13
7 2 9 580 12
1 6 10 208 13
3 6 9 705 18
9 8 5 380 9
4 9 5 721 15
3 3 5 423 18
3 4 2 749 12
4 10 5 465 8
5 9 2 667 1
5 2 10 162 12
10 2 9 563 13
4 2 7 599 6
5 5 2 716 7
4 10 10 276 1
4 4 9 129 15
8 7 9 299 19
9 7 8 370 2
5 9 3 207 5
10 5 4 280 6
6 2 6 287 9
3 1 4 775 12
2 2 8 284 9
7 9 2 521 2
5 4 3 312 3
7 7 1 768 15
4 2 3 165 12
8 7 8 115 3
3 7 7 791 14
5 7 6 758 5
5 8 9 150 10
4 1 3 209 8
2 10 3 771 1
1 6 4 46 6
7 2 10 396 1
4 8 9 786 4
1 1 4 422 3
8 8 9 774 11
8 9 10 521 1
5 10 10 567 3
5 4 5 745 3
10 5 8 64 14
4 5 4 645 9
4 1 6 576 12
10 9 6 533 20
2 5 2 614 2
8 6 8 247 11
5 1 9 131 10
5 10 10 49 2
10 9 1 535 13
1 2 4 615 3
1 6 5 249 4
7 5 10 746 18
9 3 1 188 20
5 7 6 414 9
4 9 4 440 2
7 10 6 718 10
10 9 3 211 2
1 1 4 668 6
8 3 4 553 7
5 3 4 231 10
6 5 7 784 2
8 2 8 63 20
6 2 2 95 20
4 3 10 509 5
6 1 4 692 18
9 2 6 778 20
4 9 2 498 13
4 1 5 51 3
1 1 1 402 17
8 3 1 302 8
3 5 7 749 1
5 5 2 280 18
5 7 6 570 12
10 6 5 601 8
7 3 9 338 18
3 6 1 273 8
3 5 5 627 19
4 3 4 631 7
4 3 9 573 9
2 10 2 631 16
1 8 7 323 5
2 8 10 456 14
1 4 8 31 20
8 7 7 400 4
4 7 2 646 19
3 5 2 83 2
3 1 9 696 19
4 10 5 525 2
9 3 5 708 20
4 4 6 127 12
7 1 8 473 1
1 4 3 613 11
3 10 4 289 5
4 2 3 661 20
3 3 9 530 15
10 9 9 417 7
6 10 8 373 6
3 7 9 800 7
2 1 2 122 10
8 6 2 723 8
1 5 4 633 10
8 8 10 545 18
5 10 8 741 11
5 2 7 710 19
9 7 7 30 11
1 2 3 472 5
7 1 4 579 14
2 4 4 476 14
4 9 1 658 10
8 1 8 548 11
1 9 10 620 12
2 4 10 331 5
5 6 7 30 1
3 10 6 510 3
3 6 2 137 5
7 2 7 108 9
9 7 7 89 5
9 2 4 67 15
10 8 2 188 2
6 2 9 433 4
4 2 8 287 10
8 4 6 643 20
2 2 8 595 16
10 6 10 452 5
6 8 4 689 18
5 1 4 43 9
6 8 6 47 14
6 4 10 540 6
10 4 8 294 16
4 3 6 544 15
3 4 2 149 8
9 2 7 743 19
10 4 3 154 9
8 3 10 223 8
9 1 2 758 3
1 3 10 98 18
3 9 7 544 1
1 9 7 720 9
6 5 1 384 17
2 7 10 733 1
7 6 4 425 19
6 2 2 262 8
1 3 8 502 13
4 2 8 725 2
2 10 10 297 13
6 2 7 748 16
5 7 5 706 5
7 7 6 346 16
8 9 2 416 6
5 5 6 577 7
10 7 6 67 4
7 6 1 18 16
5 7 1 56 4
8 5 7 779 9
2 10 7 615 18
6 5 6 517 18
1 2 3 479 6
6 2 2 401 16
9 8 8 196 9
9 10 4 124 6
8 6 5 411 7
10 8 4 580 14
7 4 1 223 16
5 6 4 330 11
2 7 5 569 5
6 4 10 84 12
9 3 5 477 20
4 3 9 491 1
2 8 2 229 19
2 3 3 195 7
5 2 2 525 9
1 3 9 250 3
5 9 2 447 9
3 2 4 203 14
8 4 9 760 13
10 3 7 729 12
5 10 6 204 4
4 9 2 183 18
4 3 1 462 7
3 6 7 741 16
4 2 10 502 19
4 4 2 356 17
6 2 4 651 5
3 9 5 576 14
9 9 9 44 13
10 4 9 764 11
9 8 8 790 1
3 10 10 270 3
8 1 5 630 10
8 9 8 467 9
9 4 9 631 16
2 7 8 401 18
4 3 5 717 3
7 2 8 56 6
8 1 10 789 2
1 3 1 651 17
2 5 5 725 2
9 9 3 747 1
1 2 4 351 5
6 9 4 285 15
4 8 8 700 13
9 9 8 786 5
9 5 7 82 1
2 2 4 443 6
9 4 2 106 18
4 4 6 573 12
6 8 6 133 9
5 8 8 552 7
3 5 3 643 7
10 5 1 793 2
8 10 7 529 7
7 4 7 308 4
1 5 4 265 9
8 10 2 714 9
5 8 3 444 10
2 2 8 257 18
6 1 4 705 15
1 4 6 37 8
4 3 4 263 17
10 7 4 683 9
6 2 8 104 8
6 6 4 578 20
9 10 8 453 18
3 8 1 291 17
7 7 1 483 2
6 10 4 468 14
1 8 5 377 5
3 3 10 146 3
2 6 7 193 7
6 10 10 373 6
5 5 6 607 10
2 9 2 24 2
6 6 3 574 15
6 10 9 163 19
9 5 10 232 4
3 10 8 702 16
3 8 6 100 14
3 6 7 567 11
2 6 1 309 6
9 7 10 84 3
5 2 8 466 1
2 8 3 444 5
5 4 1 202 4
10 7 2 734 2
10 5 5 152 10
4 9 8 403 1
7 5 10 511 11
5 5 10 64 3
9 8 2 756 10
6 6 7 647 20
4 9 3 508 2
2 3 5 89 2
3 9 4 85 1
5 8 5 723 5
5 10 6 310 5
8 5 3 731 6
2 4 4 381 10
2 9 5 478 19
8 3 3 346 19
4 4 9 154 13
2 7 2 348 1
3 2 8 730 13
8 2 7 292 17
1 8 2 506 20
1 7 7 82 12
9 8 2 114 20
8 7 10 287 17
3 3 4 364 8
8 9 4 661 17
4 5 1 555 12
9 3 4 426 18
2 2 6 590 5
1 10 2 277 2
2 8 8 486 5
1 1 5 218 4
3 5 5 391 19
8 1 4 457 6
9 3 3 453 20
1 1 2 385 5
5 9 5 693 17
2 7 9 396 16
2 10 2 357 12
6 4 1 35 1
3 2 4 365 8
4 8 9 351 13
9 1 9 554 1
4 7 6 735 2
9 4 8 594 6
3 9 8 317 11
6 2 10 222 9
1 3 1 494 9
3 6 7 363 17
3 1 2 125 3
9 4 1 785 13
9 4 3 489 13
10 2 3 306 18
1 7 4 525 12
1 5 4 108 14
8 8 6 43 17
2 10 7 424 2
2 4 8 92 5
10 6 6 345 7
9 1 4 514 16
3 6 9 462 7
4 9 3 511 16
5 1 9 244 8
7 3 2 471 13
7 10 2 118 2
9 8 5 151 16
3 1 8 760 7
8 3 6 480 5
4 7 10 82 1
6 8 6 349 20
8 2 5 439 4
1 1 9 308 20
7 6 8 308 2
8 4 10 388 1
2 1 8 99 5
3 5 9 523 12
7 10 6 174 3
7 4 1 160 15
8 6 7 642 8
1 3 6 619 6
