300
6 3 1 567 15
2 5 6 129 6
9 10 5 46 13
3 1 3 482 17
6 8 10 146 6
4 8 1 447 12
5 9 3 569 14
6 9 3 338 13
1 1 8 103 17
7 10 6 240 5
1 1 9 215 17
9 1 8 161 3
6 7 9 502 18
2 1 4 291 14
4 2 7 244 19
8 9 7 488 19
2 5 10 91 4
9 9 3 370 1
7 10 10 577 3
7 2 4 350 16
10 5 6 27 18
6 6 1 343 12
4 8 6 373 12
7 2 1 54 5
2 6 7 103 7
8 8 5 60 17
7 6 8 190 11
9 5 10 348 7
2 7 6 268 17
7 6 9 592 12
6 4 1 267 16
7 1 6 557 20
5 9 1 78 1
10 3 6 531 8
6 6 4 403 9
4 6 1 331 16
7 2 3 167 5
9 9 3 378 6
2 7 9 547 19
10 1 3 521 5
8 6 3 209 19
6 1 6 423 8
10 9 6 524 20
7 5 6 176 13
6 1 2 497 15
6 3 7 516 14
1 2 9 245 10
10 4 1 68 20
8 2 9 372 6
8 3 3 103 10
10 10 5 417 8
10 8 8 234 18
1 8 9 557 19
5 1 10 460 12
8 7 4 259 19
10 7 9 468 18
3 1 3 566 2
2 2 3 207 12
6 10 3 158 9
4 6 1 258 10
8 1 3 347 16
3 9 10 500 1
6 5 9 512 16
10 6 2 93 7
5 6 5 541 13
6 4 1 206 15
1 6 9 90 14
3 2 2 217 14
7 4 7 197 15
4 2 9 235 18
1 5 7 268 14
1 8 8 29 1
3 6 5 114 15
10 5 8 106 6
1 2 8 30 11
7 2 1 398 2
3 2 2 488 18
7 3 5 306 20
10 1 3 426 8
9 3 1 287 17
3 2 9 226 7
3 2 6 312 15
4 6 6 390 9
5 1 5 588 1
3 1 5 50 20
3 6 1 580 17
1 4 7 385 2
8 10 7 598 9
3 6 6 295 12
6 8 6 325 13
2 10 3 88 4
7 9 5 172 11
3 1 8 300 1
4 8 4 78 7
6 8 10 401 19
1 3 2 411 8
9 6 6 320 11
2 10 2 296 9
2 9 3 133 11
7 1 4 258 5
5 4 8 244 15
8 7 3 23 4
6 8 10 174 1
7 10 4 52 1
10 2 9 587 5
9 5 6 426 7
8 10 10 139 7
9 2 1 392 3
2 5 10 461 13
3 8 4 325 13
9 4 4 365 2
1 6 3 533 11
2 5 8 195 13
4 5 5 506 4
4 4 7 592 11
2 6 8 312 16
3 1 8 507 10
3 5 8 248 20
1 9 7 174 7
3 5 8 357 12
6 4 7 448 10
8 9 8 419 9
2 4 6 569 12
9 3 1 452 5
6 6 5 498 14
5 2 1 547 11
10 1 3 368 7
4 1 10 290 1
10 7 8 268 5
4 3 10 41 19
6 2 1 451 10
5 10 5 370 16
2 7 8 54 14
4 2 3 51 19
6 2 3 14 18
2 7 6 557 20
8 5 4 128 16
5 10 1 390 15
8 10 3 328 9
7 8 8 154 2
5 5 1 158 12
9 8 7 282 20
6 3 4 386 20
5 10 4 441 4
8 10 5 566 11
10 6 5 484 8
4 8 10 239 10
5 8 2 126 9
2 5 7 128 3
9 5 3 570 11
6 1 6 445 14
3 1 1 30 5
8 3 8 480 3
7 4 5 142 18
1 9 5 55 11
4 6 3 388 11
4 7 5 140 12
6 10 8 110 18
7 2 1 251 3
9 8 10 540 7
10 3 10 521 11
7 6 4 140 5
8 2 8 400 20
7 8 2 454 12
8 10 2 196 8
1 9 9 159 2
10 7 2 548 16
5 5 2 61 16
5 4 3 236 15
1 7 6 199 6
8 10 9 599 13
10 7 7 441 6
10 2 8 149 19
3 3 10 530 2
3 4 1 389 3
10 4 8 138 1
4 2 3 265 8
1 10 3 295 12
3 2 2 399 10
6 4 5 386 5
5 4 8 354 20
4 2 6 139 3
4 7 6 118 17
10 7 8 106 11
10 9 3 120 4
2 8 9 234 2
3 9 5 381 1
8 4 2 163 3
7 4 4 362 16
1 1 7 57 9
7 3 5 311 5
5 4 4 303 20
6 3 5 388 3
5 5 3 325 11
8 10 1 51 4
7 8 3 155 1
10 8 4 477 17
6 2 1 398 18
1 2 1 370 8
2 6 10 485 4
7 4 9 293 13
10 3 2 58 15
1 8 2 469 13
7 1 7 480 5
4 9 2 556 16
9 4 1 226 17
2 9 6 211 4
8 1 2 133 9
2 3 7 551 11
9 9 8 307 14
2 5 6 385 16
6 10 1 25 16
3 7 8 256 9
6 10 6 505 3
6 9 6 245 20
6 7 6 448 2
8 7 9 371 1
8 1 5 304 10
6 3 3 295 2
10 5 8 73 6
1 6 1 52 12
5 2 1 83 8
7 8 9 46 8
6 8 2 125 17
5 5 8 306 12
10 4 6 235 2
6 6 6 468 17
7 9 10 130 1
5 7 2 579 16
7 5 1 283 1
7 4 9 467 20
10 9 5 356 19
2 1 2 384 18
7 7 10 457 1
3 7 7 507 1
7 10 4 486 11
10 4 8 456 7
7 2 1 178 2
7 8 4 498 14
3 6 2 97 16
4 9 4 341 9
9 8 6 497 20
3 8 3 385 17
7 9 5 196 16
10 7 1 343 3
5 6 6 375 20
2 8 1 466 16
8 10 5 79 10
5 5 5 546 9
2 7 7 254 13
5 7 1 65 10
9 9 6 172 10
10 7 10 53 1
5 5 5 255 7
3 5 3 563 12
6 3 7 405 11
10 10 10 121 3
6 2 3 276 9
5 9 6 462 19
1 6 2 215 10
1 2 4 592 18
3 5 6 459 1
4 4 4 170 12
1 1 7 559 12
5 6 10 116 19
5 3 8 305 8
8 8 9 212 3
10 3 1 228 18
8 5 7 529 5
5 7 8 498 1
3 2 3 583 15
5 5 9 375 1
5 9 7 292 8
4 6 6 49 6
2 6 3 206 18
5 7 6 361 18
7 9 8 451 18
1 6 7 253 11
1 7 4 568 1
1 10 4 40 16
10 7 7 344 13
9 10 9 188 18
5 1 1 271 1
5 7 7 403 18
2 10 7 390 14
10 9 6 85 2
9 8 3 377 20
6 10 10 172 14
2 1 1 339 15
10 2 3 135 19
4 4 2 162 2
6 6 7 261 11
4 3 4 537 5
10 10 8 188 1
8 5 5 445 7
1 10 1 13 8
4 9 10 257 12
10 4 2 176 1
8 4 4 397 6
8 6 9 198 11
