500
10 5 1 218 4
7 6 1 336 15
7 10 10 168 8
3 3 2 421 12
7 4 8 652 3
6 5 1 155 3
4 6 1 664 9
1 2 8 797 10
9 10 3 379 15
1 10 4 490 7
2 3 4 357 19
1 8 7 983 5
4 5 8 283 6
8 9 4 875 18
7 8 1 342 4
5 9 1 503 2
2 2 10 75 7
3 5 7 567 20
10 9 2 194 8
6 9 9 69 13
4 3 8 438 15
2 1 4 114 19
10 2 5 777 12
5 9 6 747 18
6 6 2 440 5
8 8 7 195 2
8 9 7 526 13
10 9 5 749 14
2 9 5 235 5
7 2 7 254 15
3 9 8 588 14
7 5 10 211 9
9 7 5 972 7
3 3 4 322 12
1 9 9 468 12
5 2 2 278 1
5 10 3 645 6
3 9 6 209 16
9 3 10 315 14
8 8 1 296 4
10 9 3 890 5
6 8 1 717 13
7 1 2 264 9
1 7 8 292 2
7 5 6 933 7
5 6 2 979 20
3 3 7 981 8
8 8 9 874 5
10 1 3 128 12
5 5 5 951 7
1 6 2 63 17
8 10 6 775 7
10 6 2 191 16
4 3 8 22 17
1 4 8 355 11
10 5 10 341 13
9 2 2 503 7
8 9 3 307 17
6 10 8 178 13
10 1 7 971 13
1 8 6 506 1
8 8 10 357 18
6 1 3 240 18
1 7 7 914 8
3 2 1 909 15
6 3 5 771 16
7 4 10 795 6
7 7 5 216 1
8 2 2 253 7
5 9 2 32 10
4 5 7 712 5
2 10 6 798 16
6 4 7 654 20
9 7 5 447 3
1 8 4 570 17
9 1 1 63 3
1 8 1 660 15
1 4 9 673 9
9 9 1 261 6
10 6 10 620 15
10 5 5 852 8
10 10 3 791 4
7 1 7 436 1
6 6 6 180 19
6 4 10 235 18
6 3 7 418 17
10 2 4 314 10
10 3 2 665 10
1 3 5 348 11
3 4 10 72 9
6 7 10 966 1
4 2 5 325 9
9 9 5 468 5
2 2 6 87 3
4 10 10 739 1
5 7 4 384 14
2 10 9 239 6
2 10 9 378 12
2 1 2 89 6
4 10 6 714 6
7 5 6 992 7
4 8 1 388 9
4 5 6 984 18
2 1 10 924 8
8 5 10 42 20
9 2 2 844 11
9 2 3 921 11
7 5 7 128 10
1 6 8 953 3
2 5 2 686 20
2 3 8 914 10
9 5 6 206 14
8 8 5 22 14
8 1 10 924 7
3 7 1 471 11
10 4 10 264 12
2 1 10 98 18
10 5 10 696 19
9 4 7 770 16
3 7 8 216 9
2 7 3 43 15
2 6 6 828 5
2 10 1 298 2
6 5 3 903 11
6 8 9 217 6
9 8 7 612 10
5 6 8 656 18
7 4 10 865 17
9 6 9 56 9
7 9 9 914 10
8 7 7 436 4
2 10 3 727 12
1 5 2 247 9
7 5 10 925 12
7 8 3 514 2
4 3 9 951 17
3 5 9 553 3
6 6 10 310 18
8 7 3 447 3
9 2 5 394 9
10 8 1 926 16
8 1 3 811 9
4 6 5 39 5
8 6 8 161 20
9 4 8 539 8
7 1 4 806 19
9 3 4 887 6
10 7 1 975 15
9 3 10 438 4
3 5 6 29 4
9 3 1 671 17
4 6 6 961 19
5 4 1 418 4
6 3 8 341 10
2 7 6 789 17
4 10 1 646 11
7 6 10 359 18
4 1 8 639 1
4 7 3 849 14
1 7 2 805 19
8 5 10 758 13
5 4 7 406 7
10 10 1 540 2
10 10 1 442 10
6 4 8 983 12
6 9 6 649 17
5 3 2 912 3
6 3 9 814 12
10 10 8 545 11
7 5 1 310 7
2 10 4 974 19
7 6 2 222 2
6 1 8 343 16
4 5 6 159 18
10 3 4 590 9
9 2 9 206 14
9 1 9 714 18
3 10 3 242 1
6 7 10 242 8
7 7 4 933 12
7 9 9 971 18
6 1 1 263 12
6 2 1 538 15
2 7 8 78 10
7 1 1 102 10
6 5 7 930 9
10 8 2 404 8
9 8 10 886 15
6 8 6 220 2
9 3 10 188 4
1 6 10 487 20
2 5 8 563 18
5 10 8 625 4
2 6 1 589 8
6 10 8 176 19
7 9 1 690 18
9 2 9 499 6
8 10 10 519 17
3 3 5 498 3
2 3 6 985 15
10 10 9 857 18
9 4 5 866 11
3 3 3 969 11
8 7 8 489 4
10 3 7 373 11
9 1 10 22 12
2 4 5 102 8
6 8 1 58 10
1 2 1 939 9
5 4 10 865 1
1 4 9 371 1
9 9 7 121 6
8 1 1 301 3
3 4 10 792 5
9 8 1 762 8
8 10 9 683 10
9 1 2 903 11
9 2 4 951 17
5 10 8 914 6
10 5 3 966 2
3 8 10 752 9
1 2 10 483 4
10 1 7 628 11
5 3 9 384 3
2 5 5 983 7
2 9 8 777 4
10 1 8 61 19
9 6 1 766 8
2 2 6 510 1
3 10 2 762 1
10 5 6 975 16
2 3 6 577 11
9 10 7 552 19
7 9 10 849 18
4 4 1 68 11
3 10 1 208 2
4 8 8 417 7
7 10 6 145 10
5 1 1 67 12
1 4 8 870 16
4 7 10 112 6
3 9 1 477 1
2 4 8 372 10
1 4 1 57 13
6 9 8 25 1
1 7 2 335 17
9 10 4 740 12
3 5 5 460 15
2 3 1 487 13
5 3 10 569 11
5 8 7 660 13
3 9 1 66 9
3 6 8 956 1
9 8 1 118 1
2 2 4 595 12
4 1 8 598 12
2 1 3 149 5
8 9 7 806 17
1 6 8 474 5
9 2 10 498 16
7 9 7 752 6
9 5 3 20 14
7 8 6 569 12
3 4 4 23 6
5 10 8 968 18
4 9 3 805 13
8 10 1 313 1
5 7 2 412 8
5 4 7 776 7
9 1 8 396 7
1 2 7 153 12
6 6 5 926 3
8 6 10 849 8
9 8 3 780 17
3 4 10 538 20
3 5 10 127 15
4 7 9 667 5
2 6 5 158 20
6 8 5 616 9
10 10 5 503 20
10 5 7 222 3
1 6 2 799 18
7 5 6 181 5
4 10 7 365 2
6 6 5 475 20
8 8 1 317 9
7 1 4 577 9
2 6 10 468 10
8 9 9 738 19
4 1 4 652 14
5 10 4 682 7
7 2 7 432 16
1 3 7 276 19
9 9 5 483 13
5 3 6 145 9
2 10 4 676 4
7 10 8 541 13
10 6 8 159 20
9 10 4 884 18
2 7 9 447 20
5 8 9 737 8
9 1 1 232 13
1 6 9 853 4
8 9 3 333 7
5 10 4 803 18
10 7 8 255 12
8 2 10 295 6
1 10 5 692 7
6 10 8 124 4
2 9 2 276 12
7 7 7 228 8
7 4 8 261 11
4 5 6 814 10
7 9 8 522 20
7 4 10 609 13
6 5 6 745 1
10 6 10 76 16
7 9 4 810 2
10 9 9 283 18
6 10 7 67 6
8 1 7 170 6
1 8 3 713 17
1 10 3 90 20
4 6 2 281 10
1 2 10 717 10
3 3 4 444 5
9 6 4 604 16
4 3 7 305 2
5 1 2 146 3
6 3 10 172 16
7 4 9 985 9
8 3 2 190 17
3 1 4 34 12
9 5 8 628 8
4 8 8 619 4
5 2 8 422 18
5 1 10 925 16
8 5 4 318 7
9 5 4 72 6
7 3 3 372 6
9 10 7 126 6
4 4 3 356 11
9 4 1 424 16
3 1 8 302 17
1 10 4 135 12
6 1 4 446 14
4 1 5 352 13
3 6 10 535 16
7 6 3 304 13
6 8 10 509 13
4 3 8 48 16
8 10 5 419 4
5 6 3 864 5
7 8 9 771 4
8 5 1 457 13
10 6 9 878 2
8 6 9 709 3
10 6 3 417 7
4 5 2 762 13
9 9 10 313 11
2 8 3 302 4
7 3 8 548 10
9 8 6 925 5
7 3 2 381 11
1 8 2 273 10
5 3 1 744 8
4 8 6 92 7
1 6 6 676 9
9 8 5 597 9
3 5 5 904 3
2 9 9 500 10
5 1 1 853 5
5 10 6 912 14
10 3 6 583 20
10 4 2 754 5
2 5 2 699 17
8 8 4 307 2
9 7 5 521 4
8 5 4 500 9
3 1 7 325 4
9 6 4 102 4
4 2 8 772 1
4 8 5 672 13
4 2 6 892 20
7 6 7 212 11
5 3 10 226 8
7 10 8 29 6
7 5 8 942 9
2 2 3 67 14
7 6 5 466 18
4 2 7 433 2
7 4 6 971 13
10 10 1 865 19
3 7 2 938 13
8 7 10 34 14
4 10 10 321 6
5 2 5 201 11
8 6 6 278 9
10 8 6 302 13
4 2 10 387 3
5 4 3 233 16
1 9 4 624 4
8 5 2 287 4
5 7 2 173 5
3 5 5 498 6
10 8 9 538 16
1 8 10 430 5
1 10 8 206 5
9 8 5 527 17
9 6 3 770 4
8 9 8 418 19
4 9 8 805 7
4 1 2 192 7
1 9 5 433 13
1 1 5 743 18
4 3 2 423 13
4 5 10 418 5
8 1 7 648 17
1 5 2 846 20
3 6 5 110 19
7 2 9 441 19
10 7 4 62 19
9 7 4 460 6
3 3 9 512 18
9 8 5 697 15
10 7 4 391 3
8 4 4 350 18
6 8 10 784 5
7 2 6 151 13
4 9 3 887 15
4 2 1 744 20
7 9 1 403 15
9 4 5 394 4
7 1 1 934 19
8 7 2 111 3
5 7 9 954 1
4 9 4 313 10
2 5 10 557 20
10 5 9 696 19
7 7 7 92 1
4 9 7 284 12
7 8 8 313 20
1 8 10 438 8
9 9 5 58 4
9 2 1 16 14
8 6 3 832 6
9 4 6 285 20
3 7 3 148 10
1 7 4 934 20
6 10 5 885 7
4 5 7 574 16
4 4 5 923 4
10 8 7 814 5
4 4 5 302 14
7 1 2 441 9
4 5 9 444 8
5 10 1 80 2
9 6 7 628 1
5 1 6 120 5
6 4 9 925 17
6 5 5 992 14
7 6 6 274 7
4 2 4 559 6
10 9 10 668 7
3 7 1 272 17
9 10 3 240 9
2 3 5 730 16
8 10 10 871 10
7 10 9 460 11
5 5 9 900 4
6 1 1 109 10
4 8 1 845 3
6 10 9 212 5
4 8 8 133 12
10 9 8 736 16
6 9 2 556 17
10 4 4 391 10
9 2 2 43 6
5 2 6 626 13
8 1 8 602 18
7 3 5 731 8
3 10 2 805 12
6 6 9 872 16
5 4 3 726 19
4 4 7 893 11
8 3 5 286 8
2 5 1 413 3
3 8 6 89 3
7 1 7 714 4
4 2 5 405 14
6 2 4 605 7
8 4 1 147 5
5 1 6 189 1
1 5 8 898 4
5 3 6 84 4
10 6 8 529 20
6 7 2 792 6
5 4 6 737 17
7 3 3 175 7
9 6 7 485 7
