350
8 5 1 388 4
7 6 7 98 8
1 8 2 387 11
10 9 10 112 1
9 3 6 46 16
3 3 9 305 16
2 1 6 74 12
6 9 7 86 18
5 3 7 154 16
10 10 3 163 8
5 6 8 353 8
10 9 4 697 6
5 9 2 321 12
10 8 4 316 1
9 3 4 671 14
1 6 2 438 11
8 6 10 90 10
1 1 5 670 16
4 5 10 102 6
5 8 7 645 1
9 8 2 91 16
6 2 10 294 9
9 8 8 696 2
10 4 6 575 1
8 4 4 591 7
1 1 6 38 2
4 8 8 416 6
1 3 2 469 18
8 8 5 356 17
9 5 9 503 19
8 3 4 50 10
9 1 10 357 9
7 4 7 457 4
6 4 5 655 5
8 5 1 525 15
7 3 4 368 12
6 8 10 459 17
8 5 2 174 16
5 7 10 37 18
2 3 9 77 5
4 9 9 577 16
5 10 7 141 17
10 1 2 500 14
7 3 6 136 7
2 10 1 691 10
3 4 10 76 12
8 10 4 441 7
8 3 3 245 20
6 3 8 571 12
3 9 9 600 9
4 2 3 519 9
5 6 7 248 6
2 5 10 389 17
2 4 6 571 17
10 8 9 604 11
5 2 2 635 11
4 10 4 629 1
2 8 7 186 14
9 8 5 363 9
2 3 7 291 15
1 3 3 596 13
8 2 7 507 15
7 1 2 459 16
2 2 3 93 3
4 5 4 302 10
3 10 1 526 14
10 1 10 247 3
4 2 2 593 2
9 9 7 213 12
7 5 4 459 19
9 2 10 43 13
4 8 7 650 4
9 8 2 693 17
1 6 1 552 20
7 3 4 201 10
2 4 4 244 12
2 5 3 231 2
6 1 7 515 6
7 7 2 361 5
9 5 2 311 8
5 2 5 231 15
2 5 8 72 6
10 8 7 530 5
4 1 10 656 6
6 7 2 337 8
6 8 8 307 8
5 10 6 59 18
4 4 1 695 20
9 7 7 395 5
10 7 3 543 19
3 3 2 364 13
9 7 9 251 8
7 5 7 506 1
8 1 1 356 7
2 8 1 208 17
10 2 4 159 10
3 2 8 71 11
6 8 4 136 8
5 8 4 410 12
9 4 3 425 16
7 9 8 291 9
2 4 9 669 18
3 3 6 696 17
10 4 10 334 9
4 4 10 637 2
8 5 7 334 4
1 6 1 95 2
4 4 9 69 11
2 7 3 338 13
1 3 3 594 14
10 1 9 324 12
2 5 5 491 4
9 4 3 462 14
1 3 10 404 20
8 5 9 603 10
8 8 3 597 19
9 6 4 115 20
2 2 1 290 5
3 5 10 351 6
4 3 3 147 6
10 6 5 336 15
5 8 7 555 14
6 8 6 241 10
5 9 7 687 12
7 10 4 139 4
4 6 6 450 18
3 7 3 690 12
2 1 3 529 16
6 7 10 679 1
9 5 5 475 17
9 6 10 320 13
9 10 7 653 8
3 6 9 146 12
2 4 5 277 18
9 1 10 409 16
10 4 4 313 4
5 3 1 636 16
9 5 4 219 13
4 9 8 200 8
9 3 3 118 20
9 9 6 224 16
2 2 2 613 14
5 9 1 536 10
2 8 1 549 11
10 8 2 65 11
3 3 4 125 11
2 3 9 550 8
3 5 3 157 13
6 9 3 696 19
1 4 1 686 6
8 6 5 42 6
7 4 3 564 20
10 4 1 18 11
4 2 6 469 4
8 5 3 92 11
10 8 6 276 18
5 4 4 240 13
10 3 8 656 4
3 6 2 478 1
6 3 2 545 17
6 4 3 273 14
5 10 8 457 10
7 10 3 202 2
7 8 8 89 11
6 8 3 699 1
8 1 7 430 18
2 1 8 73 11
2 10 4 274 14
6 1 10 400 18
7 7 10 673 5
8 9 5 406 9
6 3 9 250 17
5 6 2 623 9
6 1 7 446 16
2 1 8 122 10
8 1 10 31 15
1 8 6 162 3
4 6 5 674 2
8 6 8 324 12
9 5 6 167 2
3 3 6 325 5
3 6 8 443 10
5 1 4 369 7
3 2 9 573 15
8 10 5 297 7
9 8 1 87 1
2 5 2 322 7
2 1 7 380 13
8 7 5 667 18
6 7 3 641 8
8 1 10 696 13
2 9 1 92 5
6 7 2 156 3
2 6 3 596 12
8 10 2 67 2
1 10 6 571 2
5 6 1 439 17
1 1 2 435 14
4 10 8 531 12
9 1 6 316 17
2 3 3 605 13
8 5 5 390 14
1 4 4 410 2
7 4 9 263 18
6 8 9 403 10
4 3 7 309 5
5 4 8 211 15
5 10 5 666 11
9 8 4 454 11
7 10 8 122 9
3 1 9 98 14
6 3 8 28 15
1 5 3 556 19
8 4 9 690 5
4 10 3 461 12
4 7 1 307 17
4 1 2 508 8
2 9 4 565 19
8 5 10 476 8
6 1 10 602 19
2 8 8 541 12
3 2 2 511 10
4 6 10 558 6
7 9 2 641 16
7 3 7 391 6
9 8 5 199 5
1 4 9 588 7
5 7 1 143 19
7 5 10 397 1
5 1 9 640 19
6 1 10 275 6
6 8 1 423 7
5 6 7 552 10
4 3 7 231 18
9 5 3 90 12
1 2 5 562 12
8 5 9 379 11
8 5 8 253 13
3 3 10 675 8
7 5 9 247 19
8 4 10 160 4
1 6 2 471 6
4 5 5 281 17
7 2 9 175 15
7 8 5 616 12
5 9 9 648 11
9 2 8 696 10
4 6 2 327 11
3 7 4 220 17
1 10 7 218 19
9 10 10 527 9
2 1 10 401 15
5 5 8 514 16
9 7 8 481 16
2 4 5 218 3
8 6 4 591 4
2 9 5 123 10
4 10 5 444 13
10 1 6 392 14
5 6 2 596 2
9 4 10 211 9
4 1 8 537 20
5 10 2 362 5
1 4 10 326 6
6 10 6 139 11
4 8 10 684 6
2 4 10 469 17
4 1 1 391 6
4 8 6 24 15
5 8 7 46 5
2 5 4 116 3
6 10 4 395 4
7 9 1 637 2
7 6 8 288 15
6 2 3 510 17
2 4 4 509 19
4 6 8 76 1
10 1 7 373 18
9 5 8 496 7
3 7 5 131 19
8 5 2 368 4
7 7 1 244 8
4 2 8 641 17
8 7 2 206 6
3 2 9 339 17
7 2 9 267 7
2 9 5 553 3
10 8 2 30 19
10 6 6 126 9
6 7 5 44 2
3 2 8 317 13
2 6 7 529 4
3 9 3 120 1
3 2 8 222 12
2 8 4 449 18
3 8 7 589 19
8 1 7 118 16
6 8 3 686 15
4 7 3 399 19
9 8 6 532 8
10 8 1 296 9
1 4 8 15 11
6 4 8 117 11
3 3 9 669 8
10 4 1 76 18
1 6 6 328 16
4 2 4 456 20
1 1 1 236 2
3 8 8 23 8
2 10 4 499 8
8 10 6 601 9
7 4 3 578 20
5 3 2 174 19
2 8 4 159 13
9 5 2 579 7
4 8 8 146 19
6 6 10 208 8
8 4 10 658 7
3 10 6 225 17
1 6 1 235 19
8 10 2 565 1
9 4 8 40 3
4 5 1 641 10
6 8 5 627 13
1 7 6 663 18
9 4 7 491 15
10 7 2 532 10
8 6 6 234 17
1 7 5 18 7
3 6 1 243 11
5 8 7 35 3
6 7 9 592 19
10 4 9 62 5
8 5 9 669 11
7 1 8 73 12
6 2 4 414 3
5 4 8 697 19
4 9 10 80 3
9 5 7 143 17
8 1 9 282 15
9 2 5 352 15
9 6 8 536 11
3 1 7 546 15
1 5 9 171 12
9 7 2 229 5
7 8 1 407 17
3 9 2 420 1
1 5 9 316 1
4 4 5 295 3
9 8 7 327 15
