100
1 7 6 162 7
6 7 2 122 4
3 8 6 139 10
10 1 6 163 12
2 7 9 47 1
5 1 6 124 1
6 6 4 94 10
4 9 3 58 8
9 6 2 122 11
8 4 3 199 4
1 8 7 128 9
3 1 1 177 19
1 7 9 141 13
9 5 7 82 7
10 8 5 187 19
3 2 6 126 14
3 9 2 178 2
2 2 7 14 1
5 10 7 56 2
7 7 7 135 18
7 1 8 139 8
10 4 6 132 8
2 3 9 148 3
7 6 2 146 7
4 3 7 15 2
4 3 2 12 17
3 2 10 131 10
5 8 9 173 12
10 2 5 198 11
9 3 9 102 1
8 9 3 69 5
9 2 6 95 12
4 7 10 164 6
9 6 10 46 3
5 6 3 153 4
8 5 8 122 11
4 6 6 145 6
2 10 7 142 20
2 7 2 167 20
4 10 2 66 15
4 7 1 185 14
6 7 5 24 16
2 3 1 64 12
9 5 5 54 4
2 4 4 78 11
7 8 7 95 11
10 5 4 38 16
3 1 8 129 12
3 3 9 81 16
1 6 8 123 18
3 7 7 44 7
10 8 9 87 9
7 8 10 117 1
8 1 8 136 19
1 10 7 178 9
7 5 6 59 1
7 4 7 173 2
2 1 5 194 11
7 10 10 157 20
3 8 5 114 1
3 2 10 75 10
2 6 9 95 13
10 9 7 50 15
4 8 7 52 16
3 6 2 84 18
2 8 7 136 16
8 10 1 33 2
10 2 6 40 17
8 3 7 125 3
5 3 4 186 5
2 7 3 56 19
8 3 8 113 11
7 7 9 148 14
5 4 7 32 13
5 9 6 74 7
7 5 10 90 9
6 1 1 180 4
1 7 7 69 7
6 1 2 20 20
8 7 5 59 19
8 4 9 35 18
6 10 2 174 15
8 9 1 19 4
4 3 1 178 16
4 9 8 88 13
8 7 9 124 19
9 10 8 46 18
7 9 5 42 15
6 5 7 111 14
7 9 3 114 6
1 8 3 105 2
8 9 10 125 9
2 10 6 118 17
1 2 4 115 7
5 3 10 64 9
3 1 6 199 6
5 2 9 84 9
4 5 1 199 13
1 5 7 87 11
4 10 4 187 8
