450
10 4 4 821 8
7 8 9 321 2
5 2 10 408 15
3 10 9 729 20
10 10 3 641 6
1 8 10 135 7
9 10 1 842 1
7 10 10 827 3
2 9 7 760 2
10 10 6 806 15
7 10 7 378 3
2 8 10 395 12
7 2 8 684 15
4 4 1 519 2
7 7 6 356 20
2 2 10 898 11
1 1 9 708 4
8 3 6 278 7
4 7 1 293 11
8 8 1 847 18
8 4 9 697 10
4 2 1 147 2
3 6 10 354 15
10 8 10 355 5
3 10 4 782 3
8 4 7 723 14
7 5 1 152 18
10 10 1 477 5
2 6 3 796 5
7 9 9 495 20
3 2 7 895 1
7 8 9 717 12
6 8 1 157 7
9 2 1 110 14
3 10 7 178 18
8 5 9 838 12
5 5 3 545 15
7 9 9 146 15
1 6 6 824 10
9 9 1 727 10
4 10 2 117 2
3 2 6 597 10
8 9 8 360 6
6 3 8 505 8
8 10 6 745 8
1 7 10 167 17
7 8 8 508 14
9 2 10 224 12
9 2 4 898 6
2 9 9 361 17
8 5 2 345 4
5 3 8 629 19
10 6 10 853 9
3 7 1 332 9
6 6 4 605 1
9 10 1 604 12
10 8 8 315 4
2 8 5 383 12
2 4 8 38 3
9 1 4 868 16
8 4 10 365 9
2 5 2 335 9
2 1 2 819 14
8 6 2 468 2
9 10 1 360 19
4 3 3 503 13
5 1 7 236 18
10 2 8 651 2
3 9 9 180 15
2 10 2 866 20
4 5 4 37 15
6 5 9 696 2
5 2 3 748 9
4 5 5 225 1
8 3 10 185 1
8 9 3 362 7
1 10 9 821 8
9 1 4 194 12
9 1 8 153 15
2 6 7 764 2
3 9 10 259 18
7 7 9 172 3
4 1 2 154 9
10 3 4 467 14
5 9 10 587 14
5 4 8 643 2
8 4 8 112 6
10 1 1 348 19
9 4 3 625 1
4 1 10 368 20
1 2 5 778 6
6 8 2 825 7
5 9 6 840 2
3 1 2 651 19
5 6 8 68 12
3 5 4 529 8
5 4 4 245 10
2 10 10 843 14
9 9 7 613 20
5 5 2 395 16
4 6 3 88 5
1 6 7 715 3
8 7 5 380 13
9 5 5 573 7
2 1 6 793 9
10 8 1 139 6
6 1 2 479 20
6 10 3 22 10
3 3 9 59 8
4 1 5 332 17
1 9 6 159 4
2 10 7 885 18
5 2 1 81 10
1 4 10 766 13
8 5 4 433 5
7 5 5 571 19
10 4 1 213 1
10 1 5 586 19
10 10 1 514 7
7 4 10 241 6
7 3 4 120 2
10 8 3 393 11
2 3 3 845 15
5 1 2 603 9
3 7 9 636 14
5 4 10 620 15
4 2 1 742 1
10 4 2 350 11
3 8 7 159 7
5 9 8 48 1
7 3 9 734 11
8 1 3 887 12
10 2 4 58 7
9 8 7 844 19
6 3 3 719 2
10 2 3 523 2
8 7 2 770 2
9 9 7 417 6
10 10 9 895 12
6 8 5 433 12
10 7 2 183 17
7 8 9 201 18
10 6 5 72 12
8 4 5 118 16
7 9 2 661 20
2 6 9 169 4
2 5 8 213 16
2 6 7 584 17
2 4 6 316 1
6 4 3 512 14
2 4 5 568 11
8 3 1 289 13
8 5 6 799 2
10 9 1 879 6
10 8 4 638 5
3 8 2 452 17
7 5 8 436 9
1 9 10 86 3
9 4 4 646 2
5 1 1 549 7
6 4 9 415 2
8 6 6 758 7
5 6 8 263 1
10 6 10 649 8
1 1 7 168 6
5 9 5 870 10
2 9 7 504 13
8 9 2 880 12
10 2 3 882 14
2 7 3 470 9
4 3 4 287 4
3 3 7 707 7
9 4 10 848 5
9 2 3 888 19
10 2 8 592 7
2 8 7 398 10
1 3 2 262 19
2 2 9 691 8
8 10 2 37 14
3 5 2 144 5
6 2 4 290 7
6 3 7 300 16
6 3 9 278 3
7 10 7 315 18
10 8 10 787 13
5 9 10 861 9
9 4 7 537 9
6 3 5 198 9
6 6 2 826 18
4 2 8 199 15
4 4 5 28 3
10 1 7 610 5
9 10 2 168 18
5 9 10 747 10
5 9 2 561 5
2 5 5 893 16
1 1 5 825 9
6 8 6 193 13
10 4 6 731 3
10 3 1 497 12
9 8 9 515 2
6 2 8 112 12
2 3 1 758 20
9 1 6 268 7
2 3 1 462 4
7 3 8 464 8
7 4 2 468 18
1 8 4 258 11
9 4 7 79 2
3 3 4 688 19
10 10 10 879 5
10 2 3 831 2
6 4 6 831 7
8 10 5 96 1
3 2 3 611 18
1 10 8 753 9
7 10 7 692 13
10 3 6 177 2
9 3 9 462 6
6 4 4 680 4
8 1 8 133 12
6 4 3 115 10
5 1 1 763 14
3 6 5 454 3
3 9 5 387 14
10 2 8 798 5
1 5 10 810 1
1 8 10 692 6
8 6 4 205 15
8 1 4 426 12
8 10 7 50 6
1 5 5 247 9
1 3 2 790 19
10 8 9 242 20
2 3 9 777 8
4 8 7 45 11
1 3 6 77 10
5 5 7 875 18
5 6 7 197 19
7 6 10 453 3
9 6 10 228 19
8 7 7 509 19
6 1 4 342 10
10 3 4 284 14
9 6 4 615 1
7 3 1 780 20
7 6 4 575 5
3 9 4 306 7
7 2 9 462 19
10 2 2 428 20
5 6 8 342 11
6 9 1 462 3
5 7 4 438 3
2 6 9 779 17
5 9 3 67 6
8 6 3 211 13
3 2 6 183 17
6 1 3 546 2
5 2 9 627 10
7 1 6 818 12
4 3 2 133 9
3 10 2 227 16
4 7 5 212 18
3 3 7 597 3
5 1 3 56 3
8 8 9 369 7
1 6 10 619 1
8 4 5 52 5
2 6 1 842 18
5 2 2 395 4
4 2 6 404 20
4 4 3 176 15
4 6 7 361 20
5 9 9 101 17
6 6 3 144 5
5 9 1 245 15
8 7 2 494 13
6 10 4 795 17
4 5 1 525 13
10 9 10 617 14
2 7 9 568 11
3 10 8 340 11
4 10 7 295 4
9 2 2 18 6
1 7 4 617 20
2 8 4 594 18
9 9 3 690 2
8 4 2 697 8
2 2 4 49 13
9 5 7 479 6
1 5 9 56 17
2 7 4 386 12
1 7 4 79 8
2 2 3 47 10
7 8 3 463 8
2 10 10 876 18
8 4 7 766 4
2 4 5 772 6
1 4 4 306 11
5 5 3 247 14
8 9 10 356 7
10 7 7 329 4
7 10 1 429 15
8 4 4 219 20
3 1 2 542 9
3 1 4 378 11
6 4 6 557 12
4 1 2 848 18
3 2 6 715 18
6 3 3 488 2
7 2 9 506 1
10 2 6 198 6
9 8 1 390 1
5 8 6 188 7
5 7 3 159 11
7 5 1 866 9
9 10 10 162 20
1 7 2 151 5
4 8 2 819 7
1 7 2 778 16
8 2 6 693 7
3 7 6 342 14
4 9 10 549 18
4 7 6 696 17
3 6 4 802 11
4 9 1 113 7
9 3 2 540 6
5 8 8 59 8
3 1 4 740 11
6 4 9 675 5
7 8 2 102 18
3 9 8 151 5
7 5 4 691 13
7 7 4 868 15
6 7 6 839 18
8 4 9 850 14
3 8 6 287 6
10 3 4 556 4
3 6 2 745 3
4 3 7 76 15
7 6 8 302 15
9 7 4 56 6
8 1 10 898 16
7 4 8 734 7
7 10 3 889 2
3 2 2 625 10
3 4 3 764 6
9 10 10 564 10
5 3 7 458 7
8 2 3 287 10
8 6 3 93 9
2 6 2 331 4
9 6 2 47 13
3 3 7 899 10
9 1 3 109 16
1 4 1 862 12
2 7 2 173 18
10 9 2 800 2
1 4 1 849 3
2 2 10 824 17
1 6 3 470 13
10 2 9 486 2
5 8 3 172 5
8 6 1 286 6
1 7 9 605 1
1 2 6 707 11
5 2 8 24 7
2 7 8 368 2
1 8 9 497 8
10 10 2 429 6
7 6 1 151 20
3 3 5 673 9
1 6 4 125 12
10 9 2 868 4
2 7 1 128 11
5 9 8 214 16
3 2 7 194 18
6 9 8 286 12
10 8 7 288 7
7 10 2 776 19
2 8 1 662 18
8 6 3 890 19
5 7 8 312 2
7 7 5 775 19
6 7 9 613 3
8 3 10 645 1
10 3 4 619 19
5 5 7 742 16
1 8 6 298 17
10 8 9 312 3
8 5 5 630 20
3 8 10 702 13
3 4 8 664 2
5 4 6 687 20
1 6 5 660 20
5 8 9 677 11
1 7 1 470 17
8 8 8 266 13
9 2 8 434 10
4 5 7 141 17
9 4 2 883 18
4 10 3 145 18
3 5 1 220 20
5 5 4 373 16
6 10 6 183 5
2 10 6 339 5
6 8 9 470 11
7 1 9 223 9
2 4 1 127 19
1 6 5 85 19
6 10 7 234 3
2 2 2 158 1
5 1 9 572 11
7 6 9 708 4
1 4 7 741 5
1 9 7 384 3
3 3 2 647 3
1 7 10 883 7
7 6 2 26 3
3 8 7 434 20
8 5 9 289 15
5 6 3 698 16
10 2 3 93 10
10 10 6 49 13
10 2 5 894 15
3 10 2 119 18
3 7 2 526 14
2 6 2 642 7
8 7 3 518 10
5 2 5 518 7
7 3 5 715 11
3 7 10 187 19
3 4 3 605 13
5 10 3 722 5
10 6 4 676 8
6 10 8 35 7
3 8 8 577 8
4 9 6 574 5
3 1 6 555 10
8 3 8 326 2
3 4 7 523 7
2 3 4 627 15
4 9 7 89 9
2 8 1 238 19
7 3 2 78 11
8 10 2 640 9
6 5 3 620 4
9 5 7 35 15
6 2 10 504 17
10 4 3 499 6
