50
2 2 10 38 8
3 6 7 50 3
9 7 1 43 2
7 3 8 29 17
2 5 5 100 5
5 9 2 78 1
8 5 2 35 5
8 10 3 74 17
3 4 8 73 12
6 9 7 66 13
4 4 8 18 1
3 6 4 69 20
1 4 9 95 8
4 2 4 84 15
9 9 5 38 14
10 6 1 71 10
4 5 4 34 5
7 10 9 49 1
1 3 3 93 18
4 5 5 88 4
7 2 3 61 3
1 5 1 86 13
10 9 10 59 1
1 10 10 38 18
6 2 9 74 20
5 2 6 14 16
10 4 8 87 11
4 5 10 63 18
4 10 7 26 6
10 5 2 81 17
9 7 8 38 16
6 10 1 95 13
1 4 7 38 1
5 6 4 92 14
9 8 7 87 19
9 4 4 53 8
10 9 3 54 3
7 9 4 31 10
1 6 3 28 13
5 5 4 55 19
4 7 4 73 13
5 4 7 34 2
2 4 4 24 6
10 5 7 44 2
5 7 1 86 3
2 5 8 67 9
1 3 3 93 7
1 6 10 86 18
5 10 5 74 10
4 7 6 35 6
