250
7 5 2 87 20
5 6 6 448 10
10 8 6 98 1
3 7 1 199 11
3 3 2 21 2
2 2 8 306 11
6 7 1 500 11
8 4 3 27 11
8 5 7 191 12
8 9 2 199 13
1 6 5 302 18
2 2 4 297 3
3 7 5 164 20
5 10 4 244 14
2 7 5 337 17
4 5 3 312 16
4 10 9 80 10
2 6 4 17 8
7 1 6 84 19
9 8 7 276 1
10 2 10 370 20
1 1 5 253 8
6 10 10 196 12
7 6 1 396 1
9 7 7 274 2
6 9 7 118 11
8 5 6 97 8
2 7 1 290 1
5 1 9 354 20
5 2 9 39 16
6 3 5 195 5
4 9 9 311 17
4 4 6 40 15
1 9 5 167 12
7 3 7 272 5
2 5 8 462 1
4 3 6 72 16
6 7 7 182 4
7 4 7 399 7
7 1 8 487 11
8 7 8 69 20
7 8 6 250 13
6 2 10 366 16
3 8 4 36 1
1 4 1 106 9
4 10 3 400 8
10 8 9 376 8
10 3 2 376 16
6 5 9 218 6
8 1 6 365 2
1 7 2 123 6
1 4 7 317 3
5 5 6 216 12
6 2 1 38 16
2 9 7 357 9
6 8 4 173 12
3 2 8 82 6
4 2 8 325 5
3 2 2 192 20
9 8 7 331 9
5 5 7 71 1
7 9 4 392 16
7 10 3 164 6
8 9 1 196 14
9 10 2 316 15
7 10 10 31 5
3 7 1 349 3
4 9 2 380 1
8 7 6 175 14
4 5 9 127 7
4 10 7 382 18
8 4 6 402 11
10 8 6 133 1
5 1 10 88 16
10 8 3 430 16
7 9 10 318 17
4 1 6 32 11
10 4 5 320 6
2 10 10 224 15
9 5 1 253 2
5 4 4 488 19
1 3 8 472 5
5 9 1 281 3
3 6 3 249 7
10 2 7 81 19
3 9 8 435 2
10 7 9 165 13
3 7 6 201 17
5 1 3 48 19
9 3 1 138 12
5 1 3 111 6
1 8 10 427 3
4 10 10 341 5
4 7 3 24 8
4 4 5 40 18
1 9 2 328 16
2 7 8 45 5
8 1 3 96 18
6 8 5 42 1
8 6 7 42 12
10 5 8 300 6
7 8 9 177 10
7 1 3 90 20
10 10 4 178 16
6 9 1 393 2
2 6 10 309 3
9 7 9 119 5
5 10 9 137 11
7 10 10 134 1
5 2 7 412 15
5 7 4 67 11
3 2 5 323 18
7 2 6 389 15
3 3 8 454 10
1 3 9 484 12
5 1 9 234 15
1 3 5 190 7
9 5 10 90 18
1 1 2 316 5
9 4 5 490 14
6 7 1 202 12
3 5 1 366 8
1 3 4 186 4
4 5 4 16 20
10 8 2 203 13
6 2 7 415 9
4 10 1 481 8
8 2 9 141 20
2 6 7 168 6
5 6 1 365 10
8 4 4 382 16
4 8 7 372 3
2 7 7 289 1
10 8 9 155 5
6 5 5 261 14
10 6 6 69 20
9 3 10 136 20
10 10 1 25 14
6 5 9 390 7
3 5 6 282 16
9 5 5 340 16
4 8 3 365 7
1 5 2 355 15
8 10 4 173 8
9 3 3 17 6
5 4 1 302 4
4 9 6 102 4
5 5 2 85 17
8 1 1 372 16
9 8 2 314 5
6 5 1 424 5
9 1 2 302 4
5 10 5 299 10
4 6 7 418 13
9 6 8 128 18
6 6 3 429 20
5 7 3 327 7
8 1 5 138 11
4 1 6 103 17
4 5 7 458 7
2 9 1 468 4
1 10 4 89 4
3 7 1 414 11
2 8 3 127 13
6 2 1 368 16
7 7 7 226 7
4 7 7 319 1
10 4 6 281 10
8 10 9 433 1
6 2 9 227 11
3 1 2 338 4
9 2 2 29 18
5 7 1 31 19
1 8 1 221 7
10 2 6 287 14
4 2 10 359 4
5 9 6 344 9
2 2 5 201 14
6 5 1 24 4
8 9 3 173 1
5 3 10 368 16
2 6 5 328 14
7 8 9 223 8
2 9 6 243 12
3 10 2 108 20
10 7 7 123 15
10 8 2 293 14
6 5 1 16 9
5 9 2 477 15
10 9 4 196 13
1 7 9 220 19
3 6 6 500 15
9 5 4 431 12
5 9 8 85 16
5 5 7 338 6
10 3 5 406 15
3 1 3 102 11
4 6 5 479 7
3 7 1 455 20
4 10 4 90 6
3 9 3 158 3
4 1 9 251 1
9 7 10 128 13
10 8 5 257 19
5 8 1 486 14
4 10 7 240 10
5 4 5 170 3
1 4 8 213 4
4 7 4 467 13
8 7 1 196 7
3 4 1 374 13
1 2 3 9 7
3 3 6 20 18
7 10 2 93 16
9 2 1 197 5
3 6 4 91 12
1 8 6 283 2
2 3 1 90 6
9 1 4 465 12
8 4 1 500 3
3 8 4 27 12
1 5 4 294 11
4 3 3 14 13
1 10 5 380 7
1 8 9 209 10
2 2 2 172 1
10 2 5 91 17
10 5 10 111 12
1 3 1 13 7
5 8 9 94 13
2 3 9 110 18
8 2 9 338 8
9 5 2 156 3
8 8 10 285 9
9 9 5 293 13
5 1 4 390 14
5 3 8 142 14
3 10 5 340 20
1 10 4 202 20
7 6 4 417 7
5 9 4 411 10
10 2 6 25 19
1 8 6 329 1
3 10 9 286 15
9 2 10 482 3
2 9 4 288 19
8 3 7 303 4
8 1 5 418 15
3 10 4 383 1
5 8 2 167 6
