200
1 6 7 379 15
8 1 3 50 1
1 2 4 328 8
6 4 6 163 8
7 10 5 357 3
4 2 2 71 10
2 6 6 63 1
4 3 1 229 17
3 4 9 207 19
1 9 9 147 9
2 1 9 309 9
1 2 10 126 16
1 5 6 112 11
4 7 5 395 1
4 1 8 287 18
8 6 6 324 12
3 6 5 336 9
9 1 4 260 16
3 10 5 178 13
8 8 5 374 1
1 3 9 372 10
4 6 6 129 12
4 1 3 391 4
1 4 4 51 8
7 10 1 393 15
5 7 1 61 7
5 3 7 207 17
2 8 6 288 4
2 5 4 267 17
10 1 4 191 12
10 4 2 170 14
3 6 7 206 11
9 2 1 369 9
1 2 6 87 18
1 2 8 148 20
5 1 9 194 1
10 10 5 108 6
2 1 2 152 8
10 3 7 237 16
7 4 8 21 2
6 4 8 367 8
7 3 1 291 1
6 10 4 135 11
10 7 5 167 20
1 5 10 140 13
7 4 8 31 2
5 1 3 61 4
3 10 8 61 7
7 9 6 308 10
8 6 5 34 1
5 7 4 116 6
9 3 9 170 14
8 2 8 236 14
1 7 5 329 10
2 9 6 157 5
9 3 10 336 11
7 7 7 400 4
5 5 7 139 17
9 10 10 246 2
10 3 8 75 12
2 8 6 76 13
3 1 4 126 3
6 6 9 103 6
9 9 2 22 15
7 7 4 284 7
7 3 6 370 13
5 6 8 390 4
4 6 2 87 14
9 4 3 35 12
4 3 2 220 14
6 3 4 359 12
2 9 2 289 3
1 5 6 202 14
5 9 3 82 14
8 6 3 236 15
9 1 4 264 19
8 10 7 193 14
1 6 2 230 14
10 10 7 294 13
10 5 7 39 6
4 5 3 181 11
1 8 3 352 17
1 1 5 331 4
1 7 1 288 15
8 10 1 288 3
3 5 2 243 6
10 1 4 33 7
6 4 2 143 18
10 2 7 43 10
7 6 5 248 8
2 8 7 75 9
1 9 6 388 6
9 7 5 302 9
1 7 6 162 17
10 2 4 236 20
9 7 2 185 9
10 9 6 56 18
5 8 9 24 6
9 7 4 392 12
9 5 9 194 3
9 4 2 46 15
1 10 4 281 15
5 5 6 62 18
8 5 7 324 2
7 9 2 164 10
2 4 4 394 10
8 2 5 312 19
3 9 8 210 16
5 3 6 80 3
3 9 10 74 19
3 6 2 181 17
10 8 5 287 10
3 7 5 278 17
8 10 2 30 11
3 2 2 53 18
5 1 7 397 6
10 7 8 67 20
4 9 6 259 5
9 3 1 20 17
1 2 2 343 18
2 3 1 203 13
5 6 10 159 13
9 3 7 200 14
9 1 7 43 5
10 1 4 47 18
4 1 10 132 9
4 6 10 340 20
4 4 4 135 1
5 6 6 309 1
9 4 1 159 16
2 9 6 185 6
8 10 2 386 2
6 10 5 173 10
8 4 5 358 12
1 7 8 238 5
5 5 8 197 9
10 9 3 175 8
9 10 2 255 12
3 1 1 315 1
1 5 7 315 1
4 9 6 236 10
5 2 7 342 19
2 1 2 356 5
4 6 2 185 16
4 10 4 288 13
8 8 3 263 20
7 2 7 326 13
2 5 4 239 8
7 5 9 52 14
2 5 10 255 19
8 7 7 168 14
1 5 10 315 2
4 5 7 64 16
3 10 9 175 14
9 1 5 232 4
2 7 10 285 3
10 6 6 269 19
8 5 2 177 4
9 1 5 209 13
5 8 6 128 3
2 2 7 252 7
4 9 10 119 3
5 7 1 361 5
4 5 10 354 9
1 1 2 341 20
7 2 7 113 18
5 5 6 22 18
7 8 4 297 8
2 8 3 151 13
10 6 1 169 6
10 8 10 40 19
9 4 1 212 17
10 9 4 96 12
2 7 5 317 19
2 1 5 70 9
2 5 10 214 9
9 5 2 325 2
9 6 6 24 10
7 8 5 121 13
9 5 10 240 15
7 9 10 277 12
9 10 9 375 13
1 7 6 37 13
7 1 3 91 17
8 2 9 123 20
8 10 6 308 7
5 10 5 35 5
7 8 5 343 17
8 9 4 359 18
10 4 6 326 10
1 10 9 146 15
5 4 6 262 16
4 5 2 380 17
4 10 9 222 9
2 6 6 208 15
3 4 5 193 3
1 7 3 113 4
8 6 7 242 7
10 8 2 378 18
6 5 2 69 6
