150
5 173 287 13
9 32 178 6
7 339 472 15
3 585 774 7
5 546 848 3
1 138 145 17
7 382 611 9
10 105 152 8
10 50 150 5
9 222 256 2
2 9 75 2
9 223 385 14
10 64 92 12
9 79 238 4
8 516 566 15
7 53 244 3
7 485 567 10
4 380 455 15
1 552 816 7
3 13 248 18
1 236 479 9
1 474 535 18
4 329 347 10
7 328 405 15
8 371 659 9
9 579 860 8
2 538 682 2
1 148 401 1
3 158 265 12
6 239 247 1
8 441 484 3
4 116 314 16
10 153 337 19
8 32 103 20
1 328 409 10
10 497 631 12
9 361 453 10
4 465 674 5
3 223 423 14
10 430 458 16
2 337 591 16
5 221 245 7
1 115 230 18
6 208 343 8
2 310 587 15
1 320 338 16
3 240 266 16
7 19 240 1
7 493 530 10
10 584 867 5
9 20 236 2
8 310 509 11
2 549 658 9
10 59 177 2
8 400 628 14
1 10 122 14
4 26 291 15
6 386 450 9
3 201 252 7
1 49 265 5
10 182 360 7
8 571 828 15
3 335 620 8
6 502 543 8
6 342 586 2
9 236 533 13
6 347 419 8
2 137 171 3
8 492 555 16
2 532 730 17
7 284 536 13
9 450 736 6
10 505 589 16
2 342 524 19
10 162 203 4
10 335 498 20
2 208 290 11
1 192 363 7
1 539 747 9
7 595 888 10
9 281 481 12
2 242 281 3
2 19 238 14
5 258 413 9
9 562 785 1
3 163 401 19
3 540 736 10
5 282 556 4
6 396 600 8
8 238 529 7
5 40 94 16
7 512 582 9
9 485 603 19
3 244 416 18
1 140 221 18
2 141 429 5
5 77 253 6
2 539 828 4
9 475 769 10
1 163 460 15
5 388 623 18
8 430 616 6
3 465 645 11
4 339 427 16
2 297 343 2
8 309 503 12
9 400 426 8
5 317 592 16
8 435 502 9
2 354 451 19
9 83 249 15
2 480 631 12
10 80 230 6
4 138 363 4
10 381 404 16
5 250 510 17
5 161 280 11
8 443 619 15
1 330 603 16
10 392 611 1
10 574 826 10
9 272 535 20
10 314 477 1
5 152 333 6
9 518 552 3
2 60 131 16
10 388 539 13
4 212 502 14
3 154 185 15
4 430 530 3
1 420 502 12
7 59 231 5
8 335 621 12
9 446 545 6
7 196 307 13
5 577 823 2
9 402 500 16
7 509 703 17
2 191 337 6
7 254 382 18
3 400 509 17
4 546 658 18
8 462 618 8
9 117 373 4
2 350 484 11
1 256 378 3
6 509 711 19
1 156 234 1
3 100 257 10
7 203 229 5
