250
4 292 571 12
7 577 817 14
9 805 915 12
5 754 1084 19
2 85 384 9
10 639 777 11
5 533 780 2
1 744 1200 2
9 251 415 13
1 398 792 7
1 288 424 17
9 324 714 13
5 910 1244 9
3 723 796 18
2 647 1051 15
10 534 851 14
2 141 253 10
6 217 304 14
3 919 1395 9
4 975 1056 8
3 347 798 3
9 698 778 9
8 492 776 2
2 366 665 20
10 492 643 1
8 389 631 8
10 213 315 9
5 343 782 16
1 312 705 10
1 969 1263 4
9 895 1289 15
5 265 393 6
10 891 926 19
4 576 921 20
2 794 882 7
9 581 886 2
5 796 1249 6
7 3 126 4
4 390 475 4
7 308 652 20
2 818 908 17
1 870 1264 9
2 157 254 6
7 874 1121 11
4 38 348 6
1 249 513 7
5 977 1278 10
4 462 812 19
1 220 638 8
5 349 786 12
10 883 1353 20
3 368 728 13
9 718 991 13
9 561 770 1
4 945 1447 14
6 224 294 14
6 979 1098 8
1 448 520 19
1 502 774 10
2 153 593 10
10 65 384 19
5 558 618 16
6 764 945 12
3 91 189 12
1 175 405 11
9 874 885 19
5 672 888 19
3 503 980 14
10 660 733 12
9 139 349 10
5 328 576 10
4 364 850 5
2 136 420 8
4 428 859 10
9 866 1019 9
1 381 707 18
6 621 935 2
1 246 661 16
1 401 649 15
3 258 698 4
9 405 561 16
8 740 1088 12
10 569 735 17
10 963 1077 15
7 300 554 5
8 548 931 2
3 372 853 20
2 305 584 13
7 534 745 8
8 786 804 20
5 943 1105 19
7 873 1215 5
6 899 965 8
9 893 1396 17
6 686 832 17
3 602 1007 4
8 111 134 13
9 968 1399 18
3 967 1451 9
9 344 403 20
4 640 890 12
3 269 396 14
9 184 220 18
10 403 555 20
6 730 1216 11
5 40 131 4
10 154 575 7
8 767 930 13
8 386 870 16
3 778 814 8
3 989 1468 9
1 707 811 14
4 461 934 5
9 419 659 9
4 227 686 16
6 742 932 20
6 549 584 12
9 611 903 11
2 348 548 8
10 766 1058 7
4 818 1177 5
10 689 835 5
3 401 714 9
3 63 444 19
1 473 675 5
6 597 659 1
7 80 293 4
2 413 787 5
4 534 723 3
1 986 1053 11
10 765 835 5
6 815 1122 18
2 387 434 17
1 889 1253 4
4 377 793 2
10 735 1229 12
8 466 682 4
8 230 489 14
6 17 508 19
5 808 1033 5
10 121 395 14
5 302 772 18
7 909 1254 9
1 45 466 7
3 101 484 8
1 737 861 1
10 156 527 13
10 419 621 15
2 157 305 9
9 321 689 14
1 335 712 6
10 444 467 8
2 274 309 20
9 189 316 12
5 35 338 10
1 591 778 20
7 538 595 5
10 0 165 6
5 244 405 11
6 698 1193 11
3 495 958 14
10 905 1058 9
9 261 588 8
10 760 1068 14
9 143 652 16
4 603 706 2
8 511 760 4
10 787 1051 2
3 141 278 20
2 64 440 7
4 99 600 15
8 893 1071 10
8 927 1407 8
6 415 837 15
7 993 1048 1
9 627 805 16
2 251 299 2
8 306 685 15
5 615 654 13
5 936 1151 8
4 426 916 6
7 454 905 9
3 496 509 16
5 376 722 1
5 685 713 19
10 145 202 7
9 335 840 2
9 823 1254 5
3 422 430 8
8 129 403 19
10 290 714 9
1 255 426 13
2 492 822 20
7 604 968 7
10 523 644 16
1 789 1287 6
2 149 408 7
1 555 885 5
9 897 1192 14
5 883 1052 3
7 24 377 7
5 700 1143 12
9 485 891 10
9 432 734 4
4 967 1147 14
3 672 989 13
7 891 1062 5
10 958 1123 12
3 535 945 2
1 328 529 14
5 896 970 6
8 258 354 2
10 465 509 6
9 220 597 8
6 1000 1505 6
3 919 1143 7
1 639 1095 7
4 842 1140 9
2 562 1003 6
2 168 454 4
9 664 858 5
4 824 885 16
7 494 611 1
2 899 1332 9
5 123 568 1
4 795 1207 6
8 89 118 10
4 38 177 8
5 466 964 11
1 152 232 16
1 218 285 10
8 354 710 9
2 104 455 1
2 821 1297 4
6 366 385 17
4 234 527 5
4 400 513 15
1 917 1406 15
8 474 554 20
7 741 870 3
1 655 923 20
10 202 682 10
10 944 979 16
8 562 987 9
2 253 269 12
9 196 223 20
5 413 716 3
4 29 334 17
3 65 217 4
9 336 739 19
