500
4 1492 1926 1
9 1950 2100 17
4 208 843 15
10 1692 2419 13
8 1955 2679 8
2 191 1085 15
5 694 1698 7
8 1969 2455 6
8 674 893 14
9 238 304 15
3 1642 2121 6
1 1931 2209 17
2 174 828 6
10 1726 1858 7
6 1288 2196 2
8 1198 2046 11
1 510 886 4
5 109 184 4
4 1013 1422 3
9 579 672 15
8 1984 2152 6
4 1177 1787 14
1 622 969 12
10 1174 1895 9
1 357 1231 10
8 154 1000 14
3 71 629 7
3 315 1196 11
6 1255 2130 4
1 196 337 13
2 940 1347 15
1 1170 1392 1
5 443 1056 9
4 1900 2671 3
7 1066 1575 20
5 817 1285 8
10 1203 1359 19
9 1081 1554 18
6 804 1382 4
8 887 1768 1
1 1132 1175 9
7 1909 2469 6
2 123 524 5
5 1428 1868 17
4 718 1360 16
4 646 806 1
9 1163 1299 14
1 822 1269 15
8 1838 2166 8
5 1674 2168 1
9 659 1386 14
2 1730 2692 9
5 1012 1991 8
6 856 1739 10
10 1815 2119 12
5 1354 1391 14
8 1800 2795 8
4 1035 1456 15
1 455 1207 8
9 995 1293 2
6 1907 2358 4
3 1463 2152 13
4 631 1201 5
1 859 1548 14
1 1227 1431 13
3 1911 2503 19
1 1002 1839 9
6 819 1644 9
9 1767 2374 16
4 723 1712 12
10 1556 2468 16
6 590 1086 20
1 1845 2111 13
4 636 1630 9
4 639 1506 9
10 1865 2158 11
1 1668 2338 8
8 1041 2020 12
4 1883 1935 10
2 816 1472 10
6 863 1257 5
4 1040 1974 8
2 399 725 16
3 1989 2694 3
5 958 1290 11
2 823 888 6
5 810 1243 3
6 780 1304 14
1 487 953 9
8 1794 2056 16
1 869 1109 6
9 928 1269 3
9 1385 1638 6
4 218 1154 3
1 1715 2140 1
7 961 1538 1
7 1150 1622 18
5 1063 1265 18
3 1250 1937 16
8 1845 2247 19
7 352 1287 1
3 447 508 18
1 1878 2592 5
1 533 1313 3
1 946 1389 18
10 534 612 16
9 190 386 14
9 1429 1946 5
7 96 804 7
6 510 965 16
5 1695 1918 14
3 766 818 20
4 1018 1649 10
8 700 1276 20
2 1274 2146 5
4 1249 2214 12
5 884 1392 11
10 1039 1916 9
3 738 792 12
5 1375 2070 7
7 425 1108 13
5 542 1304 1
1 1555 2490 6
1 317 901 2
10 1401 1733 19
8 1620 2056 20
2 1074 1994 16
8 714 806 1
10 1011 1468 13
3 1585 2375 16
7 1364 1601 6
2 531 1043 2
3 1231 1809 2
7 47 912 10
6 1530 2222 19
6 702 1679 20
1 1364 2150 15
5 1744 2749 4
9 1820 1892 13
1 871 1178 20
9 773 1735 3
6 415 1097 17
7 510 760 3
10 794 1111 14
9 1685 2241 16
2 1388 1670 12
3 1530 2075 11
6 646 1005 20
3 1825 1890 9
5 843 1333 6
2 362 1236 12
9 739 1601 14
8 1004 1921 15
4 1919 2887 17
9 1094 1664 3
4 893 1239 17
2 1933 2418 12
10 468 641 3
10 1621 1896 1
8 1681 2600 20
3 301 1094 9
2 983 1678 15
1 475 857 9
2 447 1209 4
6 872 1021 9
4 1616 1970 7
2 1956 1986 13
10 1487 1953 7
4 1105 2097 11
8 195 307 8
2 1973 2466 2
5 577 1301 18
6 1369 2099 20
7 142 206 7
10 1245 1485 6
8 13 364 13
5 187 780 17
10 131 255 7
10 868 1687 15
6 546 1363 7
7 543 691 8
1 851 1525 3
9 527 1448 16
7 1185 1868 9
7 352 1122 14
1 261 600 19
3 1 456 3
8 844 1361 3
6 507 1411 9
3 843 1207 20
5 1831 2325 8
1 1819 2634 15
10 1962 2919 9
6 1856 2831 8
8 736 1130 16
3 403 809 13
6 799 1308 6
3 555 1013 11
5 13 128 17
3 279 854 14
1 1141 1293 5
7 646 1031 17
7 804 1756 10
3 1631 2119 6
5 1374 2091 7
7 1973 2937 19
10 1795 2657 9
8 1973 2681 11
3 210 428 15
9 1120 1671 19
6 266 312 13
2 150 984 7
3 240 930 14
5 1407 1624 14
1 639 684 13
4 1966 1977 3
3 1870 1898 4
4 270 1025 17
6 790 1595 2
1 1743 2077 17
2 648 1512 3
5 851 1674 3
7 1875 2283 9
1 1452 1773 11
6 695 901 9
1 403 927 10
4 1442 1541 19
2 1243 2060 11
4 1403 1934 1
3 797 895 10
7 1008 1992 4
10 1084 1731 17
10 80 707 20
2 423 1183 5
8 433 1285 6
10 969 1124 4
6 1112 1478 14
7 1389 1628 15
4 610 1519 5
10 1463 2398 13
8 1080 1132 16
5 1717 1872 20
3 1402 2153 10
10 721 1310 8
10 1691 2676 19
5 717 1330 10
10 1465 1538 18
10 168 766 15
5 1813 1992 20
4 1531 1760 15
1 111 187 6
4 667 1472 8
7 777 1327 2
9 1446 1609 16
9 1126 1236 3
9 583 1392 20
5 1226 1386 11
9 205 1072 13
8 679 995 5
1 1582 1983 20
1 1908 2695 17
4 484 1227 17
5 654 862 7
3 895 1271 19
10 1965 2690 19
2 1647 1959 3
7 1070 1412 6
3 236 596 2
2 1757 2378 8
6 978 1574 14
3 928 1424 20
5 756 1511 15
5 730 1178 17
5 1115 1156 6
8 211 374 7
2 1525 1969 11
3 1351 1567 11
3 1584 2334 18
2 1432 1804 8
9 1235 1828 5
5 1519 1641 3
4 1629 1857 12
3 1353 1832 15
9 713 988 4
2 24 561 9
2 1021 1862 19
10 1558 1875 19
7 253 445 3
5 1898 2718 9
8 319 535 15
5 1477 2158 9
8 1644 2175 13
2 134 353 20
6 540 1054 8
3 657 1299 15
3 569 1308 18
7 510 647 13
4 1567 1633 17
7 1690 2470 17
5 71 827 14
3 1070 2071 6
7 1052 1405 17
1 225 598 8
8 52 130 13
9 147 638 1
6 1597 2073 9
9 393 1391 7
5 1919 1925 5
6 1878 1937 6
6 145 485 8
3 1611 2035 14
10 710 757 11
3 1455 2365 20
4 1314 2058 2
5 581 1142 18
10 626 1302 20
6 777 1416 17
10 1403 2322 20
2 421 1370 18
8 1905 2100 16
6 453 1051 9
7 595 1596 12
5 969 1401 10
9 238 420 13
6 131 1014 4
7 72 653 10
4 631 1383 1
4 849 1447 10
2 562 925 5
9 674 1536 19
6 616 1151 12
6 1562 1589 15
9 485 874 9
8 989 1274 14
3 1581 2323 9
7 723 1501 4
9 592 1310 15
5 521 1485 2
3 1779 1917 2
4 1957 2628 4
7 906 1706 7
7 139 187 20
10 1631 2028 11
5 390 538 15
8 982 1241 18
9 259 487 15
7 1156 2129 12
7 1687 2185 14
3 1915 2302 15
2 1922 2885 10
1 1478 1783 13
1 1148 2141 16
1 1988 2832 2
4 1431 1450 20
7 1422 2196 16
8 32 223 3
2 637 1488 15
1 1532 1997 10
3 110 339 4
7 600 785 16
10 1657 2344 16
1 1127 1855 12
1 902 1845 1
1 135 252 3
4 1653 1992 17
6 1449 2391 18
8 1074 1295 2
2 360 1304 18
6 1447 2413 7
9 264 1000 19
5 1577 2341 16
6 759 1552 3
3 1529 2482 17
2 191 265 1
1 919 1726 7
5 1068 1516 8
1 183 971 18
2 1989 2529 4
8 1475 2479 9
1 280 879 4
3 1905 1975 13
5 927 1738 13
3 1513 1947 7
5 1084 1513 8
1 1695 1904 14
4 1050 1920 2
7 597 1520 13
1 301 509 1
9 1846 2621 5
7 269 410 18
4 413 566 3
10 375 781 5
4 257 887 14
5 175 549 18
1 1445 1512 11
8 1779 1833 16
8 432 680 3
4 559 1231 10
10 1685 1842 16
5 1775 2384 20
8 423 1189 5
1 1392 1737 3
4 1289 2252 13
2 782 875 5
4 540 545 6
6 1386 2314 11
2 681 1134 1
10 195 239 8
7 114 126 11
9 1688 2263 6
9 731 978 19
4 1044 1177 15
7 547 680 15
1 1212 1822 16
1 1661 1941 3
3 1093 1814 8
8 128 209 7
1 113 289 19
7 564 1203 19
10 1239 1815 2
4 627 1267 12
4 36 323 14
5 1542 2428 17
1 1435 1609 12
8 713 984 10
4 674 850 20
3 233 295 9
3 848 1729 16
2 160 635 15
3 1378 1794 18
8 266 1107 12
8 704 1705 11
8 1660 1957 10
2 246 278 10
3 924 1841 6
6 1130 1195 20
6 1972 2420 4
7 1985 2816 8
8 1575 2156 12
4 844 1160 14
8 1363 1756 15
2 1134 1578 12
3 1532 2309 11
6 45 123 3
9 827 1667 15
1 719 963 17
10 493 687 19
2 1842 2091 10
6 211 285 6
5 1098 2067 9
3 1449 2445 5
2 316 801 4
1 1791 2293 17
9 1479 2330 13
6 255 284 2
9 731 1624 9
6 1920 2827 17
8 520 921 20
9 1503 2129 12
6 401 730 20
5 170 183 7
7 535 719 1
5 266 1072 15
4 402 981 20
10 1069 1642 15
9 1669 2287 11
7 1714 2381 5
5 490 878 6
6 315 966 20
5 1676 1807 6
10 1238 1888 7
5 137 1110 20
4 1848 2625 10
3 633 853 1
2 1199 1382 6
6 1876 2148 15
1 674 1137 5
2 1392 1667 16
10 1385 2264 10
10 457 496 5
6 199 391 18
9 314 1154 19
5 149 659 18
4 1878 2061 1
7 1396 2112 2
9 310 1104 13
6 1648 2569 17
9 1761 1910 19
10 196 970 11
7 1235 2186 3
8 17 675 14
9 1299 1872 18
4 1618 2520 20
5 1952 2925 8
10 1185 1259 10
2 1530 2240 15
8 264 1164 6
8 526 869 1
7 545 1032 9
8 1813 1870 2
