400
7 239 390 7
2 1587 2127 8
9 1161 1290 6
4 576 880 9
7 291 962 7
1 220 791 18
6 470 634 7
1 168 825 16
5 1357 1753 19
6 1264 1866 1
3 379 1003 9
9 918 1636 19
7 637 1140 3
2 1314 2028 1
2 77 739 3
5 977 1016 3
7 786 1312 8
9 71 531 13
7 1359 1593 18
5 824 1453 3
3 485 1049 9
7 1559 1942 20
4 1202 1516 13
6 1283 1762 19
4 1341 1856 6
5 697 963 17
10 281 626 8
7 834 1425 6
9 601 664 14
2 1053 1436 16
9 1061 1415 6
7 1165 1726 20
4 899 1305 12
5 1138 1889 8
10 498 623 13
9 1143 1295 19
8 1080 1554 3
4 1390 2037 5
9 1058 1223 18
8 312 727 5
5 561 605 2
9 1584 2227 16
7 508 677 18
9 1402 1990 4
1 426 735 14
4 710 1100 8
4 460 816 8
3 1434 1792 12
7 869 1268 2
5 11 659 6
6 960 1006 18
5 623 1315 15
3 257 692 7
2 640 1169 12
8 531 859 15
10 184 678 8
10 554 1253 4
6 988 1680 13
3 194 553 14
2 827 1026 10
10 404 589 19
6 727 1230 9
10 43 62 14
4 43 210 12
5 576 782 15
9 311 883 18
10 122 697 16
6 90 554 17
8 598 782 17
5 253 417 19
4 1086 1705 12
5 1196 1271 17
6 1351 1862 7
3 150 694 2
7 1111 1871 4
8 326 562 18
6 655 1303 11
10 1303 1586 10
9 994 1497 5
6 687 1220 11
2 88 195 3
1 956 1442 17
5 588 1245 15
3 1048 1384 18
1 203 906 11
8 1174 1471 7
5 877 1490 1
6 968 1252 18
8 887 1400 15
3 728 1343 7
3 622 760 19
1 426 753 5
1 901 1670 14
3 906 1430 5
7 150 842 7
9 724 861 6
2 1088 1670 11
5 1221 1544 19
4 754 1253 13
6 646 901 2
2 1481 1597 8
5 471 781 5
6 1350 1950 17
3 1233 1969 17
9 1319 2105 1
3 366 916 1
5 257 1017 20
7 981 1600 19
4 82 246 12
3 408 477 1
5 966 1712 3
9 1069 1756 5
7 145 858 6
5 605 772 6
9 1068 1538 17
5 417 926 7
7 127 333 10
2 1045 1377 20
4 1439 2038 16
6 1032 1552 20
9 1499 1992 17
3 1016 1202 15
6 1550 2033 13
5 799 1560 9
1 1588 2024 3
8 1167 1337 19
2 1133 1840 7
10 942 1723 3
4 341 1013 11
8 631 721 5
6 308 916 20
5 709 1470 6
1 1212 1684 3
2 1517 1695 6
5 552 660 1
10 593 1020 2
3 1283 1517 5
2 141 180 19
1 248 815 8
9 1272 1304 2
1 1363 2152 13
9 1063 1202 15
8 1169 1483 7
2 928 1116 15
9 910 1341 1
6 1012 1800 15
3 1112 1630 7
6 250 625 17
7 592 794 11
4 1240 1299 16
8 605 1259 1
6 221 452 15
4 1514 1905 17
2 281 797 12
3 517 871 11
9 176 194 9
1 640 1265 12
5 395 547 2
1 65 587 12
4 699 1489 2
10 783 916 4
7 1241 1681 16
8 144 848 6
2 391 743 13
8 1105 1699 18
9 930 1735 16
9 1246 2054 20
8 929 1535 3
9 835 970 12
1 955 1364 10
1 1134 1709 11
8 640 1128 9
4 569 1072 13
6 565 644 8
2 70 82 16
8 1497 1872 10
7 856 1456 18
10 1444 1855 1
7 185 537 16
9 1128 1656 19
8 278 600 16
9 20 326 5
5 517 818 1
6 202 563 14
3 698 902 17
3 788 1224 7
3 94 645 8
4 831 868 7
3 317 421 4
6 1517 1554 5
1 662 1410 2
2 788 960 1
7 891 1683 1
5 673 1006 19
3 1325 1890 2
2 1376 1526 16
9 834 1329 4
9 420 975 18
3 236 970 7
2 888 1511 16
3 2 588 4
4 756 1115 10
1 329 1032 15
4 567 573 11
8 720 1197 18
5 741 890 12
7 1205 1455 14
8 1126 1618 6
3 1140 1873 6
9 745 886 4
3 1388 1595 7
5 532 1077 16
5 760 1284 11
1 49 555 13
10 335 467 20
2 569 750 19
9 296 1101 6
7 174 387 19
9 875 1456 10
6 152 566 9
9 1397 1487 4
2 1008 1031 6
5 100 434 14
1 1575 2078 20
8 203 583 6
10 1086 1818 12
9 191 988 11
4 13 375 19
10 1076 1711 2
10 828 1351 13
6 1476 1771 10
6 921 1111 20
8 72 272 1
8 762 878 20
4 1195 1688 12
7 1040 1373 20
7 422 802 3
10 1514 1629 14
2 778 927 16
5 544 753 4
8 160 290 20
1 460 877 16
10 174 626 8
2 1554 1717 17
10 629 880 15
7 414 646 11
8 52 299 13
8 1325 1894 3
3 364 714 5
8 1421 1628 8
10 933 1219 15
5 247 1046 20
2 251 496 2
2 487 780 9
5 1319 1784 9
4 26 736 18
3 68 570 13
3 77 282 18
2 219 671 10
6 145 340 14
7 801 1462 11
8 609 987 12
6 378 656 7
7 1209 1482 11
6 858 1507 14
10 97 125 12
2 496 1283 3
8 1028 1584 2
4 169 766 16
9 1586 2203 18
3 762 1508 2
2 1231 1990 14
4 816 853 4
5 1429 1597 20
3 986 1600 5
1 988 1117 15
9 1191 1938 14
4 1533 1792 9
1 859 1022 10
7 1409 1794 12
2 73 262 10
4 51 237 5
5 1344 1773 2
2 795 1244 10
8 246 426 18
4 901 1084 13
8 454 1218 18
2 182 580 10
5 1550 2036 15
5 442 631 1
6 30 174 10
5 1465 2120 15
5 660 872 4
1 167 472 17
4 226 940 1
4 239 642 4
8 1473 2025 2
10 951 1122 9
7 150 461 13
6 1049 1339 7
4 840 1200 17
10 1580 1884 13
9 835 1405 14
10 513 902 15
10 1498 1956 13
6 973 1658 19
6 7 115 11
9 175 959 15
1 1089 1805 20
9 689 1058 4
4 913 1635 8
5 1568 1638 1
10 703 955 11
6 695 775 11
5 1375 1634 4
6 1589 2370 15
7 1299 1332 16
1 1452 1516 6
1 447 925 17
8 1184 1241 1
9 70 234 8
6 300 691 15
8 369 684 16
7 237 585 11
3 343 1052 15
4 1511 1975 19
6 1592 1913 13
9 1198 1834 12
6 1218 1382 8
6 992 1740 19
7 1182 1417 18
9 585 980 20
10 1474 2197 10
5 1468 2220 14
2 304 1098 18
1 192 295 18
3 1529 2127 3
8 12 323 17
8 227 722 6
1 1240 1843 1
9 373 1177 6
4 1326 1689 15
4 1531 1691 8
6 1113 1806 17
4 1006 1394 5
5 1325 1753 20
10 398 551 1
7 1061 1671 8
1 1079 1370 16
3 1103 1657 12
2 915 1539 17
9 349 691 14
1 120 143 18
7 719 1384 19
5 66 324 11
10 779 1436 8
2 333 988 4
1 338 1050 14
9 736 1112 18
7 1305 1800 15
6 1253 1760 13
6 1480 1680 14
1 624 1113 2
6 502 552 12
5 1390 1893 16
3 659 675 19
7 109 784 3
8 462 1205 8
1 1275 2049 12
9 744 970 12
9 1084 1135 16
9 1347 1654 6
3 1018 1651 1
10 1041 1424 4
8 608 1159 17
3 1321 1632 9
7 958 1641 20
5 1399 2170 1
10 1069 1658 17
4 1129 1648 3
10 778 879 19
2 350 598 2
8 732 745 5
6 875 1076 6
6 1297 1905 20
5 643 1412 19
10 943 1022 18
8 834 1431 9
8 459 732 6
1 1197 1436 10
8 932 1304 17
6 1195 1291 20
2 1220 1733 8
3 1595 2258 2
2 1258 2047 12
6 1184 1227 4
2 1303 1615 1
7 990 1562 6
5 48 186 5
5 1149 1719 12
