200
9 761 1004 7
9 597 702 6
3 631 808 19
8 305 383 4
2 317 436 18
3 539 611 10
6 471 531 9
7 152 505 19
3 668 873 20
5 618 998 20
10 246 427 11
9 689 825 7
10 1 72 8
9 272 473 20
10 101 251 1
5 94 189 20
9 32 258 14
6 366 735 7
2 220 277 8
10 372 743 10
1 234 626 15
4 251 422 9
6 7 178 9
8 134 144 15
4 350 392 15
10 790 1002 13
2 49 179 19
8 492 852 14
4 495 721 18
10 124 165 3
3 322 326 1
2 386 647 9
1 253 628 7
2 104 125 2
2 340 587 17
1 680 789 9
5 193 211 11
8 756 972 11
6 756 999 1
7 785 874 5
1 759 907 1
8 533 849 11
6 209 267 10
9 533 880 20
4 514 809 14
9 235 312 20
4 573 843 7
1 159 208 15
7 248 354 3
8 566 684 17
1 87 396 12
4 228 295 5
9 214 456 12
1 214 397 2
8 450 653 14
3 216 413 15
1 685 987 7
4 241 416 15
10 194 443 7
4 551 920 7
5 190 553 12
9 178 343 2
8 603 859 12
1 209 569 1
1 334 489 12
7 135 467 5
2 520 536 12
2 494 862 11
10 439 605 15
1 64 312 11
7 452 499 18
7 383 477 16
8 331 607 5
6 58 331 17
7 471 613 18
6 130 137 2
7 706 882 13
9 252 473 2
2 708 718 8
5 374 446 9
2 305 661 1
1 783 897 5
6 97 217 6
9 799 1040 8
9 218 536 4
5 312 703 9
2 125 384 15
6 763 933 4
1 107 213 20
7 482 829 10
8 398 595 10
1 242 592 7
5 215 414 11
6 399 443 18
1 239 322 9
10 751 963 13
9 319 473 5
1 769 905 7
6 55 283 9
3 144 526 11
5 47 354 5
8 729 945 5
5 343 358 3
2 660 1003 9
10 724 739 11
10 327 524 6
5 302 464 2
1 22 250 9
1 176 503 9
5 486 616 2
7 334 512 20
7 711 734 19
1 542 750 9
5 384 451 3
3 265 499 19
6 120 137 2
9 519 542 5
8 224 532 19
7 191 415 4
5 236 517 10
2 194 454 19
7 417 557 3
6 792 884 4
1 278 637 5
4 216 599 16
3 765 1064 7
10 46 273 14
1 764 1078 1
7 394 569 4
2 198 520 14
6 672 966 5
9 518 753 18
7 279 642 11
9 95 356 10
9 153 167 16
4 588 826 12
9 378 700 5
8 710 724 19
1 668 826 17
1 625 850 13
8 259 343 9
8 433 473 17
2 153 368 6
8 791 1170 2
6 650 659 17
1 455 482 19
8 615 815 5
7 560 725 19
1 21 213 5
9 448 497 19
10 782 797 11
6 586 754 12
9 400 474 6
9 642 670 3
5 113 353 3
8 769 950 1
8 480 836 15
2 569 801 15
6 790 1026 15
10 45 295 9
1 537 842 15
8 754 1109 16
3 90 232 16
2 465 862 2
7 376 418 10
6 185 375 17
6 564 816 18
10 161 398 19
8 33 114 3
3 492 838 2
4 793 1189 19
3 516 783 15
4 744 759 15
8 604 981 5
6 78 388 19
10 300 527 9
3 192 280 6
8 694 977 10
8 291 382 2
8 3 217 1
9 415 473 15
2 262 319 1
6 334 391 19
3 400 555 19
8 705 872 9
7 566 629 18
8 211 422 10
2 132 494 8
4 580 908 14
10 744 901 17
8 192 343 16
1 82 199 5
1 595 843 13
8 211 540 1
8 543 683 12
10 116 267 4
2 193 319 16
4 570 845 3
8 753 1102 12
5 585 754 20
