300
8 861 1099 16
2 1134 1242 20
2 980 1572 3
8 147 245 18
1 633 889 20
9 761 885 18
10 665 906 3
6 859 977 14
2 218 329 6
9 1172 1255 1
8 1125 1615 3
5 721 731 20
2 47 362 14
1 1194 1228 17
3 743 1283 2
6 1092 1526 5
5 459 814 14
5 402 444 13
1 9 602 1
7 656 874 1
9 493 628 9
6 922 1163 16
4 661 1195 15
3 201 382 17
5 1036 1197 20
1 503 604 20
2 1177 1632 19
10 893 1031 9
1 391 605 4
2 683 856 2
5 1038 1634 13
2 134 685 11
1 243 757 10
6 931 1091 15
5 918 1103 3
6 501 608 14
4 761 1136 16
7 672 1197 19
7 695 759 3
6 337 368 19
7 276 719 8
10 565 934 20
6 13 75 6
4 482 629 19
9 188 795 7
3 589 1149 10
6 116 380 17
1 657 954 7
9 35 182 1
3 1019 1434 2
6 743 1004 8
6 583 824 2
7 95 206 16
7 97 309 10
7 924 1320 1
10 2 89 8
3 941 1512 10
10 858 1168 10
9 139 406 9
9 1187 1286 14
7 1093 1408 14
5 261 710 19
7 1152 1573 12
10 575 970 19
8 586 660 13
3 986 1571 10
4 330 667 19
6 815 1062 14
9 1199 1278 17
4 1036 1052 13
10 163 357 11
6 76 459 3
4 175 643 9
8 1031 1492 5
6 40 329 3
3 773 1240 6
2 100 185 14
2 871 1088 14
1 1198 1717 18
7 1013 1544 8
6 338 580 11
2 3 335 16
8 814 971 16
8 509 975 6
7 262 811 3
8 809 1401 12
10 897 1237 10
4 454 491 16
5 765 1360 4
10 340 460 12
2 999 1247 3
7 326 910 15
10 1067 1641 18
3 325 700 8
3 88 252 15
4 555 762 5
8 974 1506 19
3 493 1078 6
3 706 1110 13
7 860 1374 8
2 1099 1665 1
10 753 1113 9
6 387 865 18
3 926 1417 18
6 672 920 19
6 1170 1678 18
6 998 1043 9
8 882 941 13
5 955 1052 20
5 1188 1195 11
9 775 956 4
10 791 1260 15
5 424 537 4
5 849 1191 10
7 282 465 20
10 22 53 5
10 685 820 13
6 293 485 8
5 427 692 14
9 888 1170 3
4 292 495 16
4 490 507 20
3 880 1067 9
8 537 655 19
1 973 1451 19
7 403 612 11
4 466 1003 3
5 927 1473 5
3 248 409 9
2 565 1100 5
5 1032 1247 1
9 256 764 17
7 261 361 9
7 66 282 2
6 180 438 18
2 460 569 16
10 449 654 4
5 396 550 5
6 287 675 7
4 137 236 18
7 745 1051 3
7 1024 1260 9
3 326 485 7
5 197 552 7
7 127 640 16
7 224 442 4
7 547 1140 16
6 734 952 11
3 343 903 16
4 917 1229 10
9 533 649 14
9 759 881 19
6 1118 1399 20
6 599 1086 19
6 642 1178 3
6 488 630 19
1 449 918 2
10 603 710 6
3 854 1453 14
10 126 586 16
9 14 600 3
7 579 969 20
4 628 1006 10
7 53 64 1
7 849 1156 11
7 454 507 14
1 274 862 16
8 810 1417 6
5 732 1169 19
4 722 1281 9
6 154 471 4
1 229 476 6
7 825 950 11
5 937 1063 6
2 540 912 10
1 154 418 5
4 1016 1376 20
2 527 832 3
9 1014 1606 7
9 1057 1281 19
2 926 1060 3
2 58 131 1
3 1028 1465 20
4 93 438 20
1 640 1141 15
5 614 860 15
10 89 193 16
10 428 858 4
4 449 1051 18
9 906 1101 16
6 462 787 9
4 707 992 4
9 542 766 5
3 465 685 1
5 2 335 9
5 696 1044 14
9 1152 1334 2
1 582 860 11
4 575 685 15
8 628 903 13
8 726 983 4
3 1127 1288 12
7 1147 1581 16
10 534 811 16
3 1103 1576 13
6 1086 1401 15
6 336 425 17
6 978 1199 12
5 906 1244 1
1 178 546 4
7 1151 1629 3
6 919 1072 15
2 272 808 11
9 550 1054 5
5 33 106 2
3 191 224 19
1 1082 1568 13
2 296 750 10
1 221 619 5
9 474 806 4
7 700 1067 11
2 794 1113 13
1 130 214 2
8 677 1155 2
10 135 700 5
3 888 1447 20
5 952 1341 15
5 157 340 16
8 961 1420 12
7 673 1149 19
8 496 825 12
2 31 458 7
3 648 1032 10
7 1066 1241 15
10 91 231 6
2 723 1202 11
1 100 262 17
9 936 1302 14
10 732 1222 11
7 275 733 4
4 487 718 1
10 1124 1728 9
10 1192 1578 4
5 687 820 15
8 392 440 11
5 215 517 14
5 698 1301 6
4 395 965 20
8 995 1294 16
2 955 1285 9
1 895 1183 20
3 924 1122 19
5 38 327 20
10 91 293 17
3 283 808 2
3 34 488 13
9 1131 1407 14
7 144 614 17
9 662 701 15
5 341 802 19
8 1178 1409 6
4 690 960 20
9 594 657 8
4 46 146 3
6 937 1536 1
10 453 669 7
3 893 950 13
7 506 740 18
7 944 1384 18
2 971 1213 4
4 275 349 17
1 864 916 2
10 216 632 14
7 805 1272 19
4 1138 1725 7
4 763 947 5
4 36 98 11
3 733 1084 5
8 616 637 2
5 71 128 18
5 307 442 11
5 794 943 17
6 887 1061 20
8 1036 1205 1
3 618 812 2
7 486 697 18
3 721 1155 9
4 891 1217 1
4 299 459 8
5 102 532 20
5 538 1072 14
6 757 1201 1
4 586 1002 18
1 993 1230 8
10 944 1335 14
8 1086 1446 15
8 453 705 16
3 1059 1168 7
2 86 245 3
4 725 1062 13
