50
2 22 70 7
16 164 228 18
5 110 151 19
4 17 36 2
15 13 58 7
3 128 158 17
17 43 88 2
14 180 226 1
19 17 57 20
17 110 174 12
2 93 128 19
12 93 130 6
14 67 97 5
20 167 202 8
11 172 231 10
5 161 208 15
15 161 204 4
8 12 22 4
10 110 128 4
19 151 220 3
7 119 167 16
7 36 76 20
6 151 176 18
3 182 235 9
4 198 212 19
7 187 240 17
8 66 93 15
14 153 174 18
1 56 103 19
19 15 68 9
16 155 184 19
11 122 148 18
1 54 65 13
5 178 224 10
2 20 27 6
6 25 55 10
9 120 149 16
19 49 116 6
2 181 223 15
16 39 105 8
12 126 179 13
9 162 209 4
20 168 212 7
19 187 207 10
6 57 94 5
3 85 104 12
8 19 51 7
17 59 118 18
5 96 124 12
18 151 177 6
