400
7 144 186 3
17 158 210 17
16 44 65 16
2 181 222 2
14 135 159 6
3 26 38 1
16 74 99 12
7 104 113 12
3 166 205 5
3 25 73 9
10 115 126 19
9 41 81 19
11 74 99 18
15 175 226 2
1 148 157 16
16 38 64 15
13 38 81 6
17 118 182 8
12 103 162 10
9 126 158 8
2 27 37 15
3 56 68 11
17 35 90 9
2 39 67 16
8 140 180 18
17 193 255 16
14 13 73 18
17 90 155 15
16 82 125 4
1 64 96 9
5 145 174 7
11 102 115 15
6 22 47 1
15 142 186 1
9 96 146 15
8 95 151 5
7 199 224 18
18 101 136 20
15 38 93 13
4 86 97 1
15 31 68 18
17 30 95 1
16 164 197 18
1 153 198 20
4 106 144 17
1 124 152 12
6 36 73 17
12 139 197 6
4 20 54 10
6 137 165 3
17 37 62 17
12 54 69 6
11 82 132 1
2 38 48 15
3 154 164 15
7 77 122 19
13 140 166 7
19 159 219 13
3 105 153 14
6 53 106 3
18 177 209 6
9 20 66 6
13 159 217 4
19 86 112 4
13 76 90 14
12 123 160 14
15 192 254 20
10 187 241 10
7 91 122 3
13 95 148 16
2 15 39 10
8 3 49 17
12 116 153 15
18 144 212 14
13 72 108 7
13 42 103 4
16 141 204 20
20 77 122 3
19 186 228 16
15 68 111 17
17 72 113 2
13 144 168 12
5 153 194 8
3 56 85 2
7 126 142 5
17 179 204 19
8 128 146 7
16 187 216 15
17 31 74 7
20 49 102 13
1 80 124 20
15 106 151 9
2 3 30 17
8 37 83 13
3 71 105 8
16 156 217 7
5 178 213 19
5 120 137 8
5 11 23 1
5 139 162 10
20 179 249 19
8 158 187 20
15 133 163 2
11 81 117 8
1 156 173 8
14 8 32 1
16 94 152 8
11 92 137 5
2 135 155 10
18 180 226 7
3 115 148 17
15 89 148 9
12 170 195 15
10 60 102 13
9 91 109 17
9 41 51 10
2 60 102 6
11 36 87 20
5 133 161 15
17 128 147 9
10 149 208 1
17 171 201 14
20 141 175 17
19 140 163 6
7 137 172 1
20 67 93 5
8 117 139 19
17 101 122 8
5 30 48 20
6 162 189 7
17 55 103 18
2 89 129 20
2 39 73 3
9 168 204 15
14 123 184 2
14 64 106 10
12 188 244 11
3 108 146 16
17 45 88 17
12 120 135 4
1 159 178 5
9 21 36 14
9 127 168 1
10 22 48 7
9 148 163 12
10 53 85 11
3 28 42 2
13 98 154 9
7 63 84 18
12 120 176 18
7 156 165 13
13 67 97 15
18 132 158 2
4 108 128 11
2 43 69 4
12 28 72 1
11 117 174 12
7 96 140 16
9 49 104 16
6 111 134 17
13 129 177 18
18 15 66 19
9 6 44 17
1 20 25 7
17 179 220 4
18 34 101 10
9 84 135 10
15 104 124 17
16 160 182 6
10 78 89 2
13 99 126 10
4 80 106 2
14 167 203 12
18 58 85 20
1 44 53 14
3 118 150 7
15 18 48 18
20 190 217 11
7 121 161 3
8 163 197 1
4 148 178 3
13 32 51 5
12 51 108 19
3 21 57 1
2 182 216 13
11 179 191 6
10 63 106 8
18 119 166 6
2 98 134 14
10 37 95 2
13 174 218 6
2 180 209 1
20 70 121 16
17 191 209 2
11 136 157 20
16 118 166 10
9 22 33 6
9 187 207 16
3 173 197 2
16 57 98 6
10 91 106 17
13 145 205 15
11 178 194 8
14 120 177 2
4 111 123 17
9 39 78 2
8 160 186 2
15 124 166 14
4 8 16 12
16 91 154 1
16 42 75 8
20 177 224 8
9 57 114 2
14 67 122 4
10 60 80 15
16 189 235 8
12 103 144 19
6 9 55 2
18 179 201 17
7 145 172 16
9 47 61 12
11 78 92 1
19 45 88 7
6 159 199 19
7 174 206 5
11 111 131 9
9 134 146 19
1 160 194 14
8 56 114 8
20 100 164 4
16 72 95 9
3 3 40 8
12 189 226 2
1 20 39 3
17 102 128 17
10 30 47 20
2 186 234 2
4 137 149 16
8 113 133 7
13 190 232 1
6 194 249 8
14 173 229 6
20 91 158 15
9 139 161 18
20 79 126 19
1 85 105 19
2 151 154 14
2 137 170 10
1 52 58 11
9 91 104 9
7 130 154 10
14 191 249 5
2 64 69 16
17 45 102 19
13 172 194 5
20 63 133 13
17 43 92 13
8 33 43 17
11 131 168 4
17 165 204 6
14 84 102 2
10 97 114 14
9 190 243 13
2 152 163 16
13 117 162 10
2 170 177 2
15 2 55 13
5 42 77 19
8 158 184 8
12 91 105 18
18 54 74 10
3 181 226 12
6 24 51 5
4 6 28 18
20 85 137 13
8 42 51 9
4 173 178 12
5 5 17 19
18 152 173 5
14 113 131 2
7 16 63 5
5 16 66 16
8 122 155 18
16 48 80 10
5 96 133 19
13 50 88 20
18 140 163 1
5 152 160 20
9 101 115 9
12 108 154 16
17 186 205 1
11 38 85 1
1 15 59 17
20 132 157 6
18 2 61 17
18 74 108 3
15 182 238 8
1 143 168 17
16 124 167 10
4 123 132 19
9 124 142 10
4 173 202 20
18 173 201 6
19 94 153 9
17 129 155 16
16 69 123 20
6 89 108 11
15 13 31 12
4 23 34 11
13 38 58 7
14 38 86 10
10 61 121 14
20 160 206 17
15 94 119 14
12 23 53 7
17 5 33 13
5 133 153 16
19 47 100 8
7 174 184 17
3 110 124 8
6 139 158 6
19 187 251 1
11 46 80 17
11 17 61 18
9 71 122 3
18 132 175 11
17 38 104 10
4 22 27 13
20 146 178 7
8 48 81 3
9 50 76 17
1 34 64 11
5 156 178 11
7 34 76 6
12 79 123 20
1 101 121 3
14 9 51 2
12 37 88 14
5 34 46 11
14 90 149 17
5 63 81 7
1 77 121 17
18 153 217 1
8 143 193 6
8 63 100 5
19 96 163 4
7 87 126 20
8 120 153 2
1 72 111 6
5 63 74 4
10 133 189 16
19 81 134 14
10 167 220 15
12 122 170 20
16 110 175 14
1 119 155 13
2 59 71 8
15 107 163 17
14 96 160 16
15 107 140 12
18 81 136 1
2 103 109 8
18 106 161 15
4 123 162 11
12 67 100 10
3 143 155 11
17 63 105 13
5 92 111 4
1 16 40 7
11 89 106 11
11 1 58 6
4 133 147 19
15 95 147 18
12 87 102 1
13 41 78 17
1 96 116 5
15 180 232 1
10 68 115 17
13 141 166 20
8 149 168 1
12 24 52 6
6 111 130 18
1 187 232 11
17 177 219 8
17 73 136 13
6 158 179 17
6 117 129 9
14 149 178 18
3 61 83 18
17 2 64 16
3 183 220 15
6 147 172 4
15 34 68 9
6 169 181 8
18 143 180 6
19 197 253 5
18 81 125 14
10 83 108 20
10 11 64 9
20 10 64 6
