500
19 87 143 3
11 198 235 12
5 81 90 15
8 188 208 16
5 118 157 17
9 181 230 12
18 124 145 15
18 111 140 14
17 130 162 3
11 127 143 8
7 51 91 2
1 97 132 8
4 116 161 8
18 93 134 8
14 169 208 7
19 78 139 19
3 101 116 12
4 76 113 9
5 24 69 10
18 71 124 3
12 137 160 11
5 19 65 12
13 176 213 5
9 41 91 18
19 1 35 18
11 164 192 6
15 186 216 18
6 16 29 6
14 75 102 20
7 53 108 10
18 149 168 20
1 99 101 16
15 105 153 12
17 145 212 11
9 72 127 13
10 108 127 20
15 13 59 15
18 174 230 7
3 102 118 1
3 179 192 17
14 195 232 1
6 11 36 16
3 58 68 4
7 98 142 12
2 87 99 14
2 54 60 3
18 141 191 3
20 145 212 16
13 91 143 7
8 86 119 20
4 184 213 5
20 166 227 17
8 38 69 17
17 35 88 13
9 103 125 19
17 39 69 10
13 18 79 3
5 87 112 9
16 154 191 18
1 164 206 14
7 105 156 8
17 184 205 11
4 17 31 8
16 63 110 8
20 59 125 10
11 6 39 10
18 132 176 13
17 150 186 11
11 15 37 12
16 81 104 15
13 162 210 5
3 55 106 19
20 35 79 17
1 51 85 17
2 51 69 12
11 136 181 13
5 182 213 14
10 27 70 8
3 112 126 4
3 29 69 19
2 138 169 6
16 96 154 1
13 5 31 19
4 156 207 15
4 65 114 12
8 138 166 2
9 162 213 14
20 183 247 10
8 81 105 20
12 1 37 1
10 89 146 19
15 87 139 19
1 153 202 10
17 196 251 20
5 108 160 16
4 197 205 5
4 146 161 14
10 142 189 14
18 66 109 8
19 49 95 4
13 100 118 6
13 133 192 19
1 114 142 12
2 101 150 8
19 11 59 18
2 59 108 20
3 137 165 4
1 164 169 9
13 84 146 12
6 140 182 16
7 63 77 12
19 10 43 13
9 66 86 3
5 31 47 9
2 148 151 9
19 137 181 8
11 176 233 18
8 71 125 4
1 109 129 1
14 46 61 18
5 183 199 1
12 63 76 2
7 117 129 16
5 127 142 10
15 130 154 17
7 108 149 20
12 61 75 14
4 99 140 1
2 184 230 6
10 47 58 7
14 66 89 2
1 180 203 14
11 168 216 2
1 28 77 15
12 78 137 14
16 187 218 18
4 193 210 20
10 20 74 6
20 112 155 6
2 71 112 13
20 39 96 12
13 52 115 7
20 112 179 1
16 110 156 6
18 54 100 1
4 15 40 12
14 127 180 9
8 28 85 11
5 8 25 19
20 182 236 4
7 161 215 1
4 70 96 6
17 68 111 12
10 178 206 11
7 47 55 3
1 102 131 3
18 50 76 16
2 72 115 6
18 127 180 6
8 192 202 13
9 3 26 2
5 41 56 5
18 106 161 11
4 92 103 20
19 177 228 14
17 151 186 13
7 60 110 18
15 76 121 17
7 84 94 11
14 114 151 20
19 69 116 8
18 71 134 17
11 16 43 4
1 169 184 7
2 114 149 10
5 190 240 9
16 88 135 15
1 124 148 18
17 181 209 13
3 186 214 8
4 17 28 3
20 182 227 18
7 121 156 2
11 104 139 1
5 115 155 12
7 139 168 5
2 186 194 2
1 33 69 12
6 33 68 12
12 125 139 20
3 26 34 1
19 158 183 8
12 186 216 18
12 29 49 1
2 24 60 1
7 1 28 7
4 177 208 12
10 154 195 10
2 89 103 11
14 17 55 17
12 186 207 2
18 145 183 10
1 174 198 4
2 112 131 15
8 119 172 20
16 43 65 12
17 17 38 18
13 135 194 3
15 151 184 17
6 61 108 5
3 2 24 1
11 88 106 17
3 40 54 4
17 64 101 11
1 131 177 15
16 6 28 10
11 144 160 7
5 58 101 18
5 23 58 6
18 165 186 13
3 12 17 8
13 27 67 4
2 154 180 20
9 84 131 5
11 99 151 16
6 150 160 9
2 158 189 12
9 44 73 9
13 109 172 5
18 165 229 7
7 110 151 3
6 99 152 6
14 169 191 4
5 20 32 20
20 151 186 16
2 160 195 7
6 104 116 19
2 38 52 7
8 120 145 9
5 175 202 6
17 143 186 2
14 124 183 8
4 91 111 4
19 165 188 11
15 79 133 7
6 71 107 16
17 42 96 12
19 146 180 16
6 94 138 13
1 25 40 7
12 70 99 15
6 55 84 20
2 97 114 2
18 130 162 6
18 30 81 9
6 11 22 10
3 139 162 3
4 105 157 16
5 43 82 19
3 117 140 10
9 189 211 4
4 96 121 18
16 100 157 16
19 164 215 17
1 188 226 11
2 92 128 19
2 24 45 10
12 4 45 5
7 152 207 17
11 192 239 19
2 81 131 13
14 73 96 1
6 187 212 8
13 101 148 9
6 57 81 12
4 161 171 5
17 136 181 2
16 20 65 1
7 196 220 18
20 58 117 1
3 117 141 13
3 26 34 14
14 4 55 8
15 167 199 2
16 102 136 17
20 72 100 12
15 164 226 3
13 105 166 13
13 142 198 6
18 75 98 13
3 197 229 1
16 132 155 12
20 32 76 8
17 150 201 7
14 36 78 16
1 15 60 10
15 190 251 11
8 144 193 15
8 23 61 13
6 94 143 2
15 174 208 2
2 38 90 19
1 89 116 9
20 181 228 2
16 54 81 14
3 165 201 2
7 198 233 8
5 153 191 13
14 1 31 16
5 160 180 16
12 67 88 10
6 152 188 14
6 59 99 8
18 120 166 17
2 68 92 9
3 86 108 2
7 5 51 1
6 41 84 19
7 33 46 11
7 190 213 16
18 97 118 17
12 147 170 3
9 174 219 2
15 52 101 4
16 82 144 5
3 55 97 4
13 108 171 7
20 151 182 6
5 26 35 7
18 143 183 18
17 191 213 10
10 133 184 19
16 119 169 1
4 28 54 19
8 153 186 15
9 83 128 19
13 34 83 7
14 72 130 19
5 189 195 7
4 68 90 12
8 24 41 17
20 164 227 20
10 152 198 9
9 113 142 17
10 19 46 19
17 135 158 17
19 57 99 17
17 180 233 8
13 147 182 3
1 30 63 12
10 116 140 6
3 77 126 15
12 45 87 1
9 78 90 15
10 37 83 2
3 155 193 14
9 135 146 6
1 19 63 20
11 192 230 11
20 147 211 1
7 59 102 5
1 79 114 2
16 167 188 9
13 79 114 19
18 154 194 12
4 84 103 5
6 133 173 4
10 48 106 7
17 79 133 20
4 197 210 5
9 185 208 14
15 153 209 16
4 139 160 10
15 68 102 9
4 74 127 20
18 31 76 4
6 172 215 3
3 164 207 6
20 156 192 9
20 49 104 15
4 119 169 19
12 109 128 1
5 64 76 19
13 71 104 9
19 46 104 4
5 69 95 10
13 85 140 13
14 102 151 12
18 76 100 4
15 67 89 19
3 163 183 5
14 59 121 14
4 180 227 12
5 152 184 12
14 159 222 17
6 34 52 16
5 79 87 18
19 64 114 13
1 4 50 13
13 103 139 19
14 144 170 6
16 186 211 4
12 180 202 6
18 155 217 6
17 143 196 3
1 184 199 7
8 26 72 4
3 145 181 18
20 138 185 12
18 91 132 14
19 88 151 10
16 144 194 17
1 133 146 7
4 115 145 5
11 96 148 13
8 98 113 6
19 94 126 5
4 20 70 16
16 132 183 4
19 76 118 11
17 96 123 15
17 127 186 16
19 158 221 6
16 183 212 14
13 169 184 4
15 192 239 5
12 116 169 9
3 76 113 7
15 177 218 8
17 172 209 7
3 21 60 2
3 6 29 11
15 133 177 17
20 50 73 6
9 46 61 14
12 52 109 8
19 45 83 2
5 35 62 7
12 35 63 16
1 194 206 10
11 7 39 6
17 29 69 6
16 61 123 5
5 16 62 4
17 42 99 8
20 198 233 10
11 112 157 20
1 167 174 13
14 177 218 18
4 159 189 4
16 140 167 16
10 39 74 14
3 166 190 9
9 116 149 14
5 53 77 11
2 59 92 4
7 1 12 9
20 149 219 3
19 176 218 7
18 170 218 2
17 151 215 9
13 154 205 1
3 129 161 1
3 154 189 14
1 148 165 2
2 77 108 13
12 117 131 12
19 121 170 9
4 26 59 12
13 175 224 1
6 183 196 9
4 133 161 4
6 119 137 17
11 188 225 17
2 142 192 8
7 148 166 7
3 164 179 18
8 154 211 9
20 170 198 9
18 45 100 1
1 92 123 17
1 193 233 9
9 27 62 9
8 186 223 12
19 13 68 4
2 107 128 7
3 128 135 13
7 73 83 7
19 105 127 13
20 17 46 6
11 45 95 6
1 196 217 11
10 58 113 6
3 11 26 8
6 146 198 1
1 60 94 6
12 142 185 9
2 11 23 18
12 79 115 1
4 127 150 20
