100
8 158 191 7
18 167 199 18
19 95 128 13
1 48 51 1
4 76 116 11
3 131 145 17
4 30 77 12
3 109 124 16
15 160 220 14
6 150 180 12
17 50 73 8
15 4 26 13
5 148 163 8
5 179 197 10
10 44 69 5
1 92 105 9
17 152 185 15
5 130 152 12
9 172 194 20
13 149 188 9
12 129 156 11
9 104 132 9
13 5 33 11
18 17 78 3
9 101 119 14
15 198 253 16
13 11 41 19
9 73 91 17
10 30 62 5
20 133 188 17
19 35 87 20
15 36 100 14
20 123 149 13
14 164 187 19
10 183 222 12
3 9 24 18
1 192 196 5
1 74 110 4
8 34 73 10
18 131 170 1
18 64 123 20
6 134 190 13
10 141 171 14
6 25 68 20
9 12 37 15
14 170 217 3
13 24 55 9
2 127 157 1
18 100 131 5
18 196 239 6
19 150 217 8
7 125 153 20
7 75 106 9
8 1 31 16
13 60 122 14
13 124 176 13
4 42 70 1
18 40 80 12
9 89 107 14
19 90 118 3
13 119 142 19
10 161 191 19
14 3 19 16
20 56 80 15
4 111 123 2
16 117 179 1
14 185 235 3
14 177 238 10
11 187 240 20
10 46 77 11
19 106 168 16
16 25 61 15
10 31 82 14
13 184 218 4
1 192 207 1
9 184 240 16
6 82 109 10
10 161 198 15
10 178 203 14
11 140 178 4
19 44 84 5
14 165 221 13
7 43 68 7
20 67 126 8
1 191 216 14
6 192 243 9
1 19 30 14
14 162 182 8
17 127 167 10
9 45 64 13
16 50 105 1
9 183 239 12
4 84 96 4
20 195 243 4
18 145 211 16
16 87 132 2
6 23 56 16
6 188 239 17
6 96 140 10
10 95 106 8
