200
7 16 56 6
9 78 106 10
20 101 168 10
14 165 217 19
13 128 172 8
11 156 184 14
12 40 95 6
10 2 24 12
17 198 245 5
4 138 161 15
17 97 162 10
8 70 101 4
12 156 180 17
1 75 90 12
6 26 51 2
11 8 27 2
7 144 190 15
13 150 197 11
12 193 213 15
17 89 121 3
12 22 83 6
7 97 137 13
5 5 38 7
2 48 74 10
16 21 59 14
18 80 106 7
12 78 106 6
1 67 103 8
9 29 46 11
7 165 221 5
7 69 122 3
18 188 207 10
10 148 200 7
15 136 160 12
3 198 229 18
6 50 101 10
7 132 158 5
5 87 101 16
20 155 206 17
4 179 228 6
12 8 56 6
19 165 219 15
1 174 201 10
9 100 130 2
11 104 160 18
12 112 126 7
9 115 129 2
13 194 220 12
11 149 194 5
1 186 188 10
3 178 219 6
6 97 151 20
10 94 131 4
15 72 126 2
10 67 84 16
1 95 142 15
10 194 223 14
4 7 45 9
15 32 74 14
10 168 196 18
9 85 107 7
20 18 70 18
18 58 97 6
7 122 173 7
6 140 171 17
7 66 119 18
11 180 213 6
4 5 29 8
11 133 167 7
13 166 190 4
1 128 150 3
17 16 37 17
5 162 216 8
17 88 136 15
5 125 172 9
14 173 221 17
1 168 189 14
3 70 100 9
3 34 87 13
6 198 207 15
8 136 151 19
11 1 41 6
11 108 152 19
3 143 182 19
10 70 99 20
18 103 123 12
19 25 45 19
4 133 164 14
8 140 164 3
1 4 55 6
2 26 71 5
2 53 61 11
2 158 202 3
2 66 103 16
2 80 101 15
20 85 112 1
8 114 123 13
2 180 197 19
14 178 213 8
20 190 259 5
1 133 139 17
7 104 149 16
19 87 109 17
6 173 214 8
3 57 104 12
15 89 131 20
13 17 68 10
13 171 198 10
12 169 220 1
5 181 211 15
6 113 169 15
19 37 66 16
7 67 109 4
2 25 56 13
10 186 219 14
8 54 73 4
1 169 196 3
1 23 44 7
16 41 77 9
3 107 123 4
2 168 197 11
2 70 108 9
9 10 52 2
2 167 175 4
3 108 149 9
18 23 50 18
4 37 74 3
20 47 98 17
4 126 134 13
18 175 234 13
17 110 163 16
7 23 56 15
20 74 110 9
12 88 149 15
6 154 166 7
16 129 194 11
14 18 70 7
11 129 175 3
2 5 53 8
8 147 169 19
20 141 201 5
18 35 103 5
9 169 209 6
2 150 158 1
9 75 117 12
14 33 69 10
17 154 177 7
20 197 252 3
6 29 82 14
5 82 113 17
7 97 127 17
4 196 237 3
5 34 87 3
2 56 103 19
13 166 185 9
15 119 168 7
1 80 110 4
6 107 119 4
16 54 111 2
12 42 82 7
5 186 235 15
8 127 169 13
6 171 200 13
3 1 53 6
1 48 63 2
15 157 209 5
4 174 226 3
16 178 237 10
18 146 185 16
1 102 108 11
20 95 131 8
16 56 118 18
2 186 236 1
16 181 242 19
13 4 25 4
2 93 104 8
10 69 108 10
8 118 146 11
17 114 134 5
5 192 215 6
3 167 182 6
6 136 151 13
6 70 114 19
2 171 208 10
19 59 88 8
10 138 176 18
7 44 95 7
7 195 239 16
15 126 172 7
4 16 42 16
7 71 99 13
20 11 69 12
6 82 106 18
8 175 212 10
15 91 107 20
19 184 204 9
1 18 56 10
14 2 59 4
5 100 145 1
13 80 120 1
