250
11 12 4 868 5
11 2 3 1031 5
4 11 4 1385 9
4 3 9 1299 6
12 1 14 1457 4
5 10 1 1489 5
11 7 9 437 7
14 4 11 471 6
11 15 2 859 3
5 10 14 1893 9
14 12 1 1926 1
7 9 3 125 5
6 11 12 1056 8
12 7 8 1787 10
8 14 15 1866 1
7 12 14 331 7
12 3 4 61 4
3 4 15 487 10
14 11 8 1364 7
14 1 2 515 7
3 2 6 815 8
12 14 6 214 5
1 5 10 219 3
9 1 14 1247 8
3 4 12 143 3
10 9 13 390 6
11 1 3 1850 8
5 11 1 1930 9
13 15 3 1148 5
6 12 8 1815 8
13 13 13 1503 7
12 8 7 1868 10
8 6 14 874 10
12 10 2 853 7
10 13 8 1079 7
2 6 7 67 4
7 12 2 1604 1
4 5 9 1872 1
3 13 4 87 10
12 14 6 1168 8
14 9 11 333 3
13 4 3 1738 4
15 1 13 287 6
3 9 1 1117 3
1 10 14 937 6
5 11 15 659 4
12 3 6 1117 9
12 12 10 310 3
4 15 10 966 4
8 4 7 1386 7
2 15 6 240 1
1 8 14 296 3
4 12 4 637 5
9 1 11 684 5
4 15 15 1987 5
6 3 14 880 10
7 5 2 1354 10
2 9 15 1909 5
10 8 2 434 8
2 6 7 127 9
15 7 3 1595 8
6 12 4 434 1
11 9 11 430 9
11 9 12 1220 4
13 1 1 1188 10
4 9 3 1160 8
13 4 9 1482 10
6 14 2 1175 8
5 10 8 1354 5
3 6 5 1586 4
10 2 4 653 4
8 11 15 337 6
13 11 10 675 8
13 10 4 1989 9
12 5 4 113 5
10 7 2 378 2
6 5 3 1420 6
3 14 7 1956 5
5 1 13 1209 7
11 6 9 956 3
3 10 4 1720 5
10 9 6 1083 4
3 3 3 1270 4
15 8 9 346 3
2 3 2 1711 3
1 10 1 130 7
2 8 5 317 9
4 7 14 592 2
5 8 12 1692 4
13 1 14 1788 7
11 1 15 1791 4
9 14 10 1979 3
1 11 6 1380 6
14 10 10 483 6
14 1 9 1338 6
12 2 15 1396 10
9 13 5 804 2
13 10 8 1489 2
7 4 14 457 10
10 1 8 619 10
13 8 15 64 5
14 14 12 364 1
15 12 5 75 8
6 14 13 1551 9
14 4 5 665 5
10 9 6 1733 6
1 5 8 1259 1
5 13 12 881 7
8 5 8 616 1
1 11 9 1620 1
15 5 14 718 7
9 2 10 251 2
14 7 12 1565 9
4 15 7 207 4
3 7 4 1391 5
14 4 7 493 2
2 5 1 1278 1
1 7 15 1098 2
4 9 10 201 7
2 6 11 1600 5
1 14 8 1759 8
4 14 4 313 1
3 14 8 1804 3
14 4 14 1452 7
12 10 15 871 10
14 7 14 1763 4
1 3 3 798 4
5 9 12 1419 10
12 6 14 1174 4
3 4 14 316 1
7 8 12 577 6
15 15 8 890 8
15 3 5 1935 3
7 8 7 63 1
7 2 1 370 8
3 2 14 1109 2
9 6 9 395 2
11 8 6 1986 7
6 13 2 1764 2
4 11 8 107 1
5 12 3 159 10
10 5 5 1608 8
10 11 10 1859 10
14 12 5 1447 6
6 8 4 1754 1
11 15 2 1763 7
14 8 2 81 1
14 3 12 1324 8
7 2 15 1811 4
11 7 12 844 3
11 6 12 1254 7
2 10 6 267 2
14 1 7 639 6
11 3 10 130 1
1 11 3 1232 3
11 6 8 1775 2
1 4 9 956 3
14 7 15 1206 2
4 5 12 958 9
3 13 9 1326 8
6 3 13 1379 7
15 4 4 747 10
12 10 5 407 6
4 12 6 1489 7
8 13 10 645 2
6 2 5 1817 3
13 7 8 1848 10
10 7 10 1271 2
10 6 14 69 7
4 7 12 769 1
4 8 12 626 10
2 8 6 90 5
5 14 1 352 7
6 7 5 1243 10
10 6 13 679 10
13 7 10 660 5
12 3 14 841 7
3 15 11 292 10
13 7 9 676 6
15 6 12 402 1
12 11 15 1918 2
3 5 12 1022 1
12 14 2 940 5
3 2 14 1381 6
3 2 7 396 2
5 12 14 1143 5
9 13 12 1156 9
13 10 13 43 1
1 15 14 1464 6
11 6 11 80 1
12 14 2 1666 6
2 13 2 1940 3
4 8 14 1209 3
10 4 15 1466 10
4 4 11 1803 1
15 7 9 1765 10
3 13 9 696 3
7 9 2 1315 3
8 9 6 1118 8
12 2 3 1791 9
6 7 10 1023 2
12 11 13 1830 9
9 9 4 234 8
6 3 14 1528 8
5 3 4 1041 5
8 7 4 1159 4
11 8 9 1555 7
4 11 1 636 10
7 3 14 767 5
14 10 8 1090 3
2 12 7 515 1
15 13 6 1977 1
1 10 12 1113 6
8 7 5 383 4
14 6 14 322 10
7 5 10 1639 3
10 15 13 1176 10
2 2 4 945 8
6 9 1 646 5
7 11 14 1580 10
6 10 4 1112 1
8 3 6 729 7
3 8 11 165 9
6 13 1 1027 8
8 9 4 1647 7
5 14 1 1478 9
13 3 4 697 9
3 8 3 216 2
4 12 5 1491 1
3 2 9 373 3
5 7 12 1138 3
4 1 2 1462 4
5 14 9 1979 4
8 12 10 872 1
9 1 2 1145 6
5 15 10 603 3
4 4 4 1471 4
11 4 10 1524 6
9 12 5 518 9
11 15 15 1254 7
1 2 11 1657 9
3 13 8 255 10
6 12 5 596 10
13 1 1 1887 4
9 7 1 719 9
14 12 12 746 3
9 12 6 1910 1
8 14 10 1971 1
4 4 11 66 2
6 13 7 58 7
