350
4 9 2 2291 4
6 6 8 59 4
9 4 1 888 1
2 1 7 1100 5
6 13 5 307 6
2 12 12 179 3
8 1 14 897 7
5 6 4 2761 2
5 6 8 835 9
11 12 6 2546 9
1 15 10 2353 7
7 6 8 1570 2
7 11 8 2660 10
9 14 13 1581 6
4 11 2 812 1
13 2 7 1164 6
3 4 11 965 2
2 2 11 2387 8
3 8 7 2252 10
6 13 13 2684 6
6 1 1 537 4
4 6 14 2104 8
13 11 10 2202 4
6 12 2 508 1
12 11 13 612 7
12 5 4 2724 4
10 5 3 2178 9
6 5 7 108 6
13 7 14 188 8
3 11 8 1556 8
10 5 10 2115 2
15 5 11 2228 6
4 6 12 2010 7
14 7 10 415 2
4 6 5 1304 9
15 3 4 2251 2
2 2 14 1711 5
4 13 14 955 10
11 13 11 1885 7
7 2 2 689 10
4 4 12 2326 1
8 4 2 687 2
8 7 3 2206 8
5 14 1 2143 2
15 11 8 1043 2
14 5 13 1075 6
6 1 7 2312 7
3 8 11 1079 9
12 12 8 1682 9
4 4 13 1396 1
14 13 2 781 3
10 10 5 1699 6
3 1 14 1560 7
10 6 6 113 4
10 2 12 463 5
14 11 12 359 1
9 4 12 450 6
5 4 5 1635 6
6 12 8 1982 2
13 8 13 234 9
10 4 2 210 6
14 15 1 2247 3
11 11 9 2189 3
11 10 3 2752 6
14 6 5 373 7
14 12 7 1369 6
7 11 8 2489 10
14 9 15 2229 6
13 7 9 980 1
2 2 7 1480 4
5 2 15 1809 1
10 5 15 2165 10
4 9 11 1341 7
14 11 14 2046 1
1 7 10 1077 3
9 1 4 597 6
13 13 3 1146 7
1 14 10 2276 4
14 9 9 614 9
15 4 1 1234 7
6 3 15 872 4
9 13 12 1324 5
12 10 6 1581 8
4 11 4 1416 2
14 14 8 1775 10
10 2 12 866 7
3 10 8 1631 7
1 4 5 2026 9
3 3 4 527 1
10 2 8 2400 6
12 14 8 729 5
6 12 7 806 9
2 10 4 2509 7
5 3 5 1641 7
8 4 12 1134 4
8 11 4 1327 5
4 4 7 378 5
9 13 6 1853 3
10 9 2 2188 2
2 6 10 121 1
15 9 1 692 3
8 10 15 2353 8
8 13 14 1212 10
9 5 10 1692 4
10 11 15 853 10
13 9 15 699 1
6 3 3 1410 4
15 1 1 998 5
14 15 5 459 4
14 1 8 2051 3
15 8 10 2767 8
12 14 7 1210 6
8 14 4 431 2
8 11 14 772 2
4 8 7 664 1
11 13 12 2066 7
7 9 13 1998 10
3 1 12 179 1
2 5 8 2675 3
11 7 13 425 4
12 15 4 464 8
4 1 4 1319 2
12 6 13 1578 4
13 9 14 1654 8
9 4 11 219 6
13 7 8 1181 7
12 10 1 1418 2
15 2 13 1731 4
14 6 7 1743 10
2 15 11 2338 1
12 11 5 1251 1
13 3 14 1938 7
8 9 11 2076 8
5 15 10 827 4
15 15 5 2134 5
8 7 14 2241 5
6 11 1 1974 7
12 13 12 754 4
2 12 6 2360 8
8 5 14 2374 4
12 12 9 500 10
13 3 9 1448 7
4 11 9 1912 9
1 6 12 2530 9
5 7 2 547 1
3 7 15 903 9
7 6 3 367 10
4 13 13 1950 1
8 14 7 2686 9
6 2 8 98 5
12 13 12 2168 2
15 11 6 1485 10
12 3 5 390 1
13 5 7 589 9
3 2 3 2673 8
11 13 13 1604 2
1 6 6 2067 8
1 8 4 222 7
2 4 8 806 1
7 10 13 1128 4
5 1 2 791 9
7 13 8 1465 4
9 9 3 2001 8
11 4 9 1965 5
6 5 8 646 6
2 3 10 803 2
14 15 3 672 1
15 3 11 379 7
13 3 5 2067 1
14 9 15 435 2
1 15 3 1488 4
6 1 2 2425 8
8 2 14 2159 5
6 13 6 407 2
10 15 4 131 10
10 6 15 2489 6
14 6 15 844 4
8 14 7 203 8
2 11 1 1500 8
14 1 7 804 10
13 7 9 786 4
4 7 9 1066 7
13 5 15 1603 1
12 10 13 559 2
3 6 4 643 7
6 2 8 2790 10
4 11 8 1941 6
15 2 13 2050 1
13 7 8 1425 3
14 13 6 207 10
1 1 13 1716 8
6 11 8 797 5
2 6 11 1039 3
3 14 8 2387 7
4 10 4 2110 3
11 5 15 1624 1
14 11 15 886 2
2 3 15 1883 8
7 15 10 2675 7
3 10 5 2103 8
15 4 1 1386 7
2 1 2 806 1
8 13 13 2512 8
14 5 8 1723 8
7 13 11 55 7
5 9 8 2305 6
4 4 12 146 1
7 9 9 931 1
10 14 4 1333 5
6 8 4 2170 8
9 15 4 2293 7
6 7 14 1918 1
7 11 11 603 9
11 7 8 2605 10
4 8 10 760 1
10 4 6 535 4
8 1 9 431 3
12 13 12 2355 4
10 4 5 2412 2
10 2 2 124 1
13 1 8 2340 4
7 12 7 712 3
13 12 2 1248 7
2 3 11 1969 1
12 1 1 2326 4
3 13 1 437 1
7 15 11 241 1
2 13 1 1157 3
9 15 13 148 5
10 6 12 894 1
6 12 6 2347 4
4 10 9 2339 9
8 3 2 794 8
11 4 3 2094 10
1 9 11 2062 8
7 3 4 2070 3
5 14 6 115 5
4 9 7 323 6
10 14 1 2055 7
4 14 1 1515 3
3 10 10 1043 6
15 12 12 2256 5
8 9 11 2466 6
15 12 1 1535 3
14 7 1 50 6
3 2 1 119 10
7 5 2 957 3
2 13 5 569 10
5 8 12 564 8
9 14 1 70 4
9 4 15 1659 8
2 10 1 1568 7
12 2 7 2701 8
3 8 15 310 3
15 14 3 374 5
6 4 14 2211 4
2 6 2 2509 6
13 10 1 2566 9
3 12 5 1948 5
11 13 15 1451 5
11 8 2 602 6
6 3 3 264 7
9 4 2 1709 3
2 2 2 690 8
10 15 2 2442 9
13 6 4 1288 7
3 9 8 92 1
2 10 11 2184 8
12 4 9 2457 9
10 3 3 2766 9
5 10 1 1206 5
9 10 13 715 3
1 5 15 2343 4
11 4 12 1290 7
13 9 11 1021 5
3 14 1 2462 4
12 14 8 1882 3
12 2 15 273 10
12 15 13 707 4
10 15 2 1848 2
7 6 8 2585 3
3 5 2 1159 10
4 10 1 76 6
14 4 14 2273 5
12 3 2 1806 8
2 2 10 2668 8
2 6 9 55 5
14 5 2 442 5
11 12 9 1775 10
12 2 2 605 1
15 1 15 459 7
8 2 14 522 9
13 4 7 849 7
12 11 4 2462 6
1 7 9 272 2
2 14 8 2026 6
15 6 13 930 5
13 7 15 191 4
4 10 11 971 4
7 9 13 377 9
8 15 9 2531 8
14 5 7 98 10
14 15 12 725 8
7 1 1 422 2
8 4 4 583 3
10 5 2 29 6
15 15 15 967 2
15 5 8 599 4
12 8 10 2194 4
10 7 8 2032 9
8 14 2 747 5
5 15 7 1568 8
3 3 14 545 2
5 14 10 1026 3
10 4 15 864 9
13 12 13 628 10
2 1 7 80 6
15 7 8 1490 10
6 11 12 2087 8
3 14 8 2129 7
15 10 5 76 8
9 14 12 325 3
3 11 6 752 9
1 4 12 1200 10
11 5 14 1146 2
7 1 10 548 3
1 12 14 1084 2
6 1 14 1780 7
11 5 15 1042 8
14 12 14 550 9
7 2 4 72 10
9 13 2 2513 10
2 12 7 1739 3
5 8 9 339 2
2 2 7 832 1
7 1 8 1899 1
2 5 5 2017 9
1 4 2 667 6
12 6 1 295 10
6 3 7 927 4
2 4 1 1112 9
1 10 5 1219 4
6 14 10 681 5
11 2 8 435 2
7 5 3 2586 3
6 13 9 752 1
5 7 12 73 4
15 15 6 546 5
15 3 12 2253 4
2 3 7 1717 9
