450
1 15 14 1365 3
11 1 15 2390 5
4 4 10 1240 7
1 14 12 2321 3
15 15 9 3231 8
9 15 1 1883 2
1 9 8 655 4
7 9 3 2807 9
3 3 9 1763 2
11 11 10 2884 4
15 9 1 1592 3
5 10 14 38 8
6 5 11 1209 4
4 14 14 114 3
1 6 8 2721 4
11 11 8 1606 4
12 7 15 747 7
3 12 6 1876 5
4 3 9 1645 5
6 1 2 2130 1
13 3 7 2715 4
12 15 14 2920 9
15 11 7 1706 7
3 1 12 3403 4
12 12 2 3595 7
6 10 14 1116 1
1 5 6 1948 3
8 10 14 1637 3
2 10 14 2109 6
3 7 3 1110 5
14 8 2 1138 3
12 3 6 3072 8
9 2 13 3096 1
13 9 9 561 4
7 12 6 1346 3
8 8 12 3132 8
1 7 15 828 10
7 11 10 1014 4
3 4 5 59 10
13 11 4 1961 3
10 12 1 3168 2
14 9 6 482 2
7 5 13 3438 6
14 13 2 3585 9
2 15 5 3262 5
2 7 3 1848 3
7 7 4 145 4
15 3 13 435 6
8 3 10 803 5
7 9 7 1703 2
6 8 11 3388 2
1 13 12 3432 9
11 7 7 3138 5
15 4 14 751 8
15 5 9 3052 6
5 8 6 52 4
11 1 13 2288 2
13 8 2 2472 1
11 7 3 1306 2
7 2 2 646 8
3 11 4 2290 4
8 13 3 2837 1
2 3 6 400 4
2 3 9 1558 7
13 4 10 2553 8
12 11 6 3378 3
2 3 11 2812 4
12 3 14 1249 8
9 7 13 3407 6
1 5 1 2092 7
7 3 15 1970 9
14 2 12 337 7
1 12 6 1215 6
15 11 4 1787 7
6 13 12 3145 7
10 8 4 444 10
13 14 15 222 1
13 13 10 3069 7
15 8 4 3571 5
10 9 12 3267 4
2 3 7 233 6
4 12 13 774 7
14 13 8 1092 8
6 12 13 3384 1
2 12 3 2995 5
15 6 4 2325 3
2 1 14 1988 4
2 2 10 1264 1
10 7 4 1171 3
2 4 6 2653 7
15 15 5 1417 2
11 8 1 2615 6
6 2 3 2350 2
5 9 7 2056 1
12 4 4 1932 7
12 7 5 1501 1
12 8 11 890 4
8 2 12 3164 1
12 7 9 2324 6
13 14 6 2738 6
5 15 8 1445 5
14 9 5 2567 9
3 13 2 83 1
8 2 1 3017 3
15 9 15 3002 9
1 8 7 2440 3
13 2 6 2012 8
5 11 13 1289 6
6 9 12 1772 9
11 7 14 426 4
6 4 2 407 5
12 7 15 1375 7
7 8 6 678 1
15 3 1 1726 2
10 3 13 471 9
5 15 15 707 8
9 12 4 299 7
6 5 10 1393 10
10 9 5 977 7
11 8 2 339 5
9 7 12 2942 4
4 6 9 43 7
15 11 8 225 5
11 3 15 2867 10
7 12 4 516 6
6 10 15 238 1
5 12 8 292 4
3 6 5 1789 2
6 8 6 3547 2
15 13 13 3195 4
7 10 5 3256 8
7 2 2 990 1
1 12 14 3192 1
15 11 7 3314 4
14 3 9 1950 10
9 8 6 795 4
13 12 9 1517 1
4 11 14 3564 10
11 12 11 2362 3
14 6 15 1311 4
1 15 9 376 2
3 7 5 626 3
1 5 12 2734 6
1 4 9 938 6
7 9 7 3198 6
10 15 12 1777 2
3 5 6 591 2
14 2 4 526 5
11 14 15 843 10
6 13 7 2180 10
5 10 14 1074 8
11 2 6 3081 8
6 7 8 68 3
9 15 11 1379 4
10 6 9 2870 3
8 4 4 816 1
10 3 6 2348 9
4 15 15 2517 1
12 10 14 1925 7
3 15 2 1741 3
8 11 3 1825 3
4 4 9 1891 8
10 8 12 2697 9
14 13 4 2036 10
8 14 8 1428 4
4 1 8 3557 5
7 13 15 3501 1
2 10 12 2428 4
1 11 13 2157 9
5 5 12 2793 2
13 11 13 1641 5
9 3 7 1071 1
4 2 1 1771 1
11 8 8 1964 3
14 8 3 3281 10
3 5 3 722 9
11 5 5 3329 8
1 2 7 1748 4
1 14 12 2351 3
12 4 9 349 3
5 14 9 3281 2
4 7 13 405 6
14 10 14 931 10
5 13 6 790 1
7 9 6 1224 8
4 12 6 3379 3
13 9 4 1236 7
13 15 6 1541 7
5 2 11 1460 9
4 10 13 3023 4
11 11 8 2384 9
3 4 15 2558 6
7 13 15 1365 3
6 11 4 2245 1
5 6 4 914 2
8 10 1 1440 3
11 8 3 1688 4
9 12 11 1511 5
11 4 11 2101 5
2 4 5 815 4
10 9 13 1754 8
6 13 2 3268 4
9 10 12 1124 3
7 7 3 1198 1
1 11 12 1493 7
4 11 2 411 9
11 5 11 2348 9
5 1 11 1305 10
11 1 14 2972 3
6 6 5 439 3
5 3 2 774 4
4 7 15 262 4
3 3 7 90 10
8 8 15 3506 5
4 3 15 384 2
2 1 14 2653 5
15 11 14 1685 4
13 8 13 107 7
1 6 3 2349 4
10 6 9 3045 5
14 12 8 2052 8
9 11 5 3137 8
13 10 4 2003 6
12 11 6 3414 2
14 6 13 3254 4
14 12 10 3503 10
12 9 6 918 1
9 4 13 2392 6
1 11 13 1017 2
10 9 2 1729 4
4 14 3 1349 3
7 9 5 28 5
14 8 4 1724 1
14 1 12 2387 5
14 5 15 3595 8
12 15 12 1603 8
10 4 6 2062 8
12 8 2 2494 1
5 5 13 2499 8
3 12 10 489 8
3 14 14 1875 3
8 4 8 2437 9
2 2 14 1808 10
2 11 11 1483 8
14 7 4 1673 8
10 13 12 3161 2
1 13 4 951 9
5 13 15 716 10
7 12 1 2234 6
13 9 5 684 8
6 6 7 1663 8
11 13 14 2067 6
2 14 4 2621 7
2 10 8 265 2
10 13 15 1790 7
6 1 4 2746 7
5 12 4 2380 4
12 15 9 3121 5
10 4 11 869 6
12 13 7 1302 2
12 6 14 992 8
11 1 5 2908 8
8 10 11 2994 6
8 13 14 1408 6
9 10 7 3053 6
8 8 2 3282 8
8 15 10 3564 6
13 4 6 1711 1
10 12 15 2685 5
7 11 5 2840 7
2 13 13 1947 9
2 10 12 533 5
11 5 12 3035 4
2 12 12 3178 7
3 8 4 631 7
9 5 13 1407 2
9 9 8 2313 4
2 14 4 1989 7
15 12 13 1286 8
15 1 11 3140 8
2 15 2 304 8
7 8 12 2490 4
4 6 10 1204 10
14 3 3 397 4
4 2 4 1343 3
7 10 6 2712 4
3 11 1 1194 3
6 14 4 2584 6
10 6 10 1945 6
14 8 15 1548 7
1 13 13 2257 1
9 15 8 662 4
7 4 9 1133 6
12 11 8 977 8
5 7 2 2626 1
7 1 9 1869 1
15 8 13 2131 10
6 4 6 811 8
12 5 3 3350 8
15 7 14 673 5
14 7 6 3126 10
12 6 8 2324 5
13 4 6 2831 3
12 9 14 753 4
6 3 8 2918 1
5 8 12 2570 6
15 6 11 3048 1
5 15 14 2427 8
5 1 5 1132 8
13 14 15 1958 2
11 8 4 241 7
3 2 8 1664 7
3 14 5 1558 10
1 11 2 2016 8
13 12 3 1909 7
7 11 11 3049 4
13 10 12 2385 10
11 15 13 3123 6
13 5 10 195 4
5 2 4 154 6
4 6 14 2962 2
10 9 12 654 5
3 5 2 1140 6
4 6 4 2222 7
13 11 12 2841 4
7 10 1 1264 9
8 5 2 1321 10
3 5 6 1381 5
11 10 6 1155 3
3 13 7 1108 1
13 14 15 1974 2
4 1 9 892 5
10 5 6 2966 2
2 1 11 1756 9
11 8 2 1671 5
12 6 14 3521 9
10 5 7 2895 10
15 5 11 1914 5
2 7 12 2576 8
11 12 10 193 9
5 15 5 1072 5
14 13 3 2743 8
5 15 9 1308 1
8 13 4 1389 2
11 1 10 112 3
2 5 2 2789 8
3 8 8 1387 10
10 11 10 3039 10
9 4 14 1971 9
8 10 13 822 7
9 6 1 2705 10
12 9 4 684 3
4 9 8 2050 9
11 2 13 1726 1
3 11 8 214 7
9 12 2 484 7
1 8 15 111 10
4 6 12 1898 7
4 9 1 1927 8
15 7 4 2340 8
15 6 2 3564 5
13 10 3 611 8
13 7 7 1984 8
6 7 12 614 10
10 8 8 2866 1
14 3 3 1666 9
12 10 8 1286 2
8 7 13 1910 2
9 5 9 3192 10
5 10 10 2356 8
1 4 1 1888 10
7 11 10 1821 6
2 5 10 3385 7
3 9 2 2035 9
3 2 12 2636 3
8 12 7 3471 8
1 1 4 3438 9
5 3 4 3098 6
4 13 4 2231 9
15 11 15 3122 6
6 3 11 298 1
13 12 15 983 10
2 7 12 2739 2
11 13 2 3556 4
1 10 1 1800 2
3 15 15 2487 3
14 2 14 793 3
8 1 8 3341 4
10 15 4 1843 6
4 13 1 2617 5
5 7 10 1432 5
15 5 6 861 4
8 2 8 3428 6
13 5 11 386 4
14 11 7 463 10
14 11 15 612 6
1 15 7 619 3
7 9 14 1721 4
2 14 1 2661 1
12 2 11 1570 9
8 4 8 3410 5
10 4 13 579 8
4 7 13 813 3
3 7 13 1514 5
12 5 6 1969 1
1 7 3 2088 7
13 6 11 2966 7
7 1 12 3414 4
9 5 7 2093 10
8 12 12 2665 7
8 2 7 2956 7
3 4 1 221 9
3 13 1 1715 6
14 14 9 448 6
8 3 6 685 9
15 10 3 960 10
15 7 12 3120 1
15 6 11 1464 2
14 5 13 1522 9
8 6 2 297 6
14 2 11 1369 10
15 5 9 1593 9
9 8 2 3541 4
3 4 12 3203 5
1 15 4 1269 5
8 15 15 495 2
7 10 15 1021 2
14 15 11 366 5
4 12 6 158 2
5 7 13 3563 3
8 9 6 1447 8
4 4 5 1410 4
1 6 14 2962 9
14 1 10 1339 6
12 4 4 277 4
12 3 12 190 9
10 11 9 697 3
10 5 12 2727 1
15 4 15 3224 2
10 3 2 1543 10
15 13 1 1062 9
2 9 4 912 8
12 12 14 2867 8
1 8 6 114 7
4 10 14 850 10
7 12 1 423 2
11 15 11 2236 7
4 2 3 2907 9
8 8 5 410 8
12 1 7 1610 2
