100
15 1 8 600 3
4 7 5 236 10
10 6 7 487 8
13 5 2 141 5
11 7 14 536 8
9 1 8 722 7
5 9 11 85 10
6 3 8 34 8
4 13 9 370 5
3 1 10 358 6
13 7 5 614 9
15 11 1 237 9
4 6 7 31 9
6 6 12 70 3
14 6 8 488 7
14 8 2 209 9
4 4 11 200 7
6 10 6 438 1
3 14 3 405 2
13 14 9 40 8
4 14 11 70 10
5 8 13 772 10
5 13 15 152 7
1 1 7 282 9
3 6 7 742 9
14 12 7 315 2
3 13 1 474 7
13 5 1 136 9
10 4 5 137 1
5 8 10 490 10
3 9 9 499 7
11 11 3 55 2
10 11 6 156 10
14 5 4 26 3
14 3 12 541 5
10 3 2 487 8
15 12 2 786 8
11 15 13 432 1
1 12 2 549 9
2 10 4 697 6
13 8 15 603 5
2 15 7 550 3
13 9 9 594 7
11 3 11 570 10
13 11 8 74 1
11 5 15 448 7
3 12 7 730 10
1 15 4 280 6
8 12 4 461 5
13 6 6 512 3
11 2 14 708 6
8 7 8 204 1
6 9 12 495 2
1 2 7 172 8
11 3 11 142 4
10 7 7 536 1
8 7 1 43 2
12 12 4 671 4
7 12 14 51 3
7 2 4 451 7
8 5 10 532 8
11 10 6 155 1
7 2 11 719 8
2 6 6 70 7
15 4 2 743 1
8 10 5 744 2
5 8 8 541 9
1 8 12 582 10
7 9 12 261 7
6 14 7 594 3
5 1 2 796 7
11 13 7 413 3
7 15 14 334 3
7 3 9 367 7
1 10 13 316 7
14 5 9 134 10
2 7 15 360 5
15 4 6 432 1
1 3 6 400 8
2 13 4 509 8
1 4 11 118 2
7 10 8 799 4
13 14 10 303 1
12 15 4 181 10
11 10 12 800 6
6 2 10 245 10
8 8 9 528 2
1 9 2 336 3
12 14 13 45 3
1 9 2 396 4
5 12 5 390 2
10 3 12 375 1
9 15 4 683 6
13 10 5 402 3
2 2 3 320 2
6 7 7 592 6
15 11 9 481 8
1 7 2 628 3
15 10 12 364 10
5 13 11 85 1
