50
5 4 9 175 6
4 10 10 232 4
11 5 2 35 6
15 8 9 295 2
5 8 4 345 6
14 15 12 188 1
9 4 13 351 1
14 8 12 235 7
5 15 13 151 6
2 11 5 113 5
10 1 14 327 3
13 13 1 173 5
9 6 13 398 6
15 11 4 325 6
6 13 11 332 6
4 6 8 51 8
4 1 3 223 10
14 9 2 324 3
11 8 9 84 1
9 13 4 380 2
10 3 8 327 1
2 13 6 213 5
11 8 10 32 5
4 14 15 152 7
12 14 1 317 6
6 11 1 331 7
15 2 9 83 10
13 10 12 77 6
6 5 2 281 10
4 4 10 51 9
2 11 9 120 6
10 3 8 215 7
15 1 4 313 7
12 4 7 241 6
9 5 10 297 1
14 9 14 287 9
8 15 15 210 1
12 7 4 321 3
6 6 10 41 5
8 1 13 205 8
6 1 2 41 6
8 3 12 302 3
7 11 8 334 7
15 7 1 129 4
9 15 5 83 7
14 7 9 93 9
4 13 7 145 3
3 10 10 187 7
13 12 15 178 9
8 4 3 113 10
