500
4 14 4 3431 10
3 11 3 3197 1
2 12 10 1393 6
14 3 1 40 9
6 14 8 905 6
13 5 7 1476 10
5 5 2 954 1
4 9 1 646 8
9 13 3 2878 4
1 6 10 2212 7
7 6 7 683 8
14 13 5 3251 9
13 4 15 1910 2
6 4 5 3312 9
7 1 13 3619 4
10 11 9 1426 10
8 2 2 1452 1
14 7 11 3095 4
1 5 10 2551 5
9 1 12 2559 2
9 10 14 913 4
2 15 2 2346 3
2 1 6 3076 7
13 3 2 3744 1
9 15 5 3691 8
10 8 14 570 1
8 6 15 495 6
3 15 10 1654 8
1 7 7 3750 3
15 13 4 136 6
13 10 12 704 6
8 2 12 2501 6
9 2 3 1134 1
15 10 6 2002 8
2 4 14 982 3
14 14 14 3855 9
13 11 5 884 3
10 6 6 1233 5
13 14 15 781 3
11 10 5 1738 8
4 1 6 3772 3
15 11 8 2602 5
10 13 15 1784 9
10 4 14 1787 5
12 8 8 2164 10
6 1 13 909 2
12 5 15 1357 1
11 1 3 727 10
2 9 15 3037 4
4 10 9 2328 5
10 7 14 3184 10
9 12 13 2088 9
10 6 3 2535 8
1 11 2 2178 7
7 4 8 2157 7
14 7 6 2013 8
7 7 1 3447 5
7 11 9 461 2
9 13 11 3352 2
4 8 1 2708 1
4 13 3 3248 5
14 12 7 3999 2
1 7 12 2995 10
7 3 15 3416 8
4 8 10 3969 7
4 13 12 854 3
14 2 14 2021 2
3 3 11 3461 8
9 3 4 2379 1
15 15 13 2867 9
6 1 10 950 4
7 13 15 1582 2
4 15 3 1468 6
3 14 7 3909 7
14 13 7 2402 2
6 8 4 961 9
1 13 2 2947 2
13 11 14 2188 8
15 8 14 1654 7
4 15 11 3636 6
5 3 13 3792 4
14 6 11 2151 2
6 13 9 139 1
5 13 7 1549 3
8 6 2 3793 2
2 7 14 2021 9
4 11 5 3399 8
7 7 3 1127 3
9 1 8 357 5
12 4 12 381 2
3 11 13 932 8
2 2 7 1801 3
10 8 8 186 1
2 12 15 94 10
14 9 6 2827 7
13 4 13 97 8
5 15 12 1162 2
2 10 1 2409 7
8 10 5 34 2
15 13 14 3233 2
11 3 3 2530 6
6 5 10 1678 5
1 4 12 939 6
12 14 10 2918 1
2 15 11 534 8
6 5 13 3642 9
4 5 15 174 1
9 8 4 3835 5
1 4 2 2181 4
13 13 4 2904 2
13 4 5 3636 3
8 7 2 3612 6
12 13 6 2625 3
6 10 2 475 5
7 12 10 801 3
10 4 12 2499 8
13 2 12 1496 9
9 15 5 959 10
9 10 9 95 9
5 5 1 3199 7
11 1 15 259 4
9 8 1 1417 8
8 14 10 135 4
14 9 12 692 7
13 11 3 1060 3
10 5 12 826 10
11 8 10 3382 8
2 13 15 528 2
15 13 6 2220 5
11 9 3 2353 7
3 12 15 207 10
6 11 13 3680 6
8 13 12 3371 10
12 1 10 2947 1
7 3 12 643 3
12 11 5 3754 6
1 8 10 2702 2
4 15 2 205 7
8 2 2 2656 5
3 14 10 1103 8
1 5 14 1983 2
7 11 11 102 7
6 14 11 1770 3
15 13 13 314 10
15 14 12 2036 10
11 9 12 1833 6
14 4 6 1738 5
3 11 3 594 6
12 11 4 1750 9
13 14 6 230 10
11 8 13 154 1
15 13 13 3788 3
13 9 2 2289 10
15 7 3 1728 2
2 12 9 488 10
9 4 3 1656 4
7 12 14 67 1
2 15 10 1680 4
12 2 15 3864 7
13 10 8 1235 10
3 12 14 510 9
2 9 14 536 2
15 3 7 2176 1
7 8 15 1007 8
8 7 8 847 2
13 4 13 608 2
14 14 2 3657 7
15 5 3 3892 2
8 14 1 778 2
13 15 10 3126 10
15 10 10 3193 4
14 5 3 1767 8
8 1 12 1636 6
14 12 1 2968 10
11 4 8 2882 1
15 7 12 3795 8
3 8 14 1360 2
15 2 5 1863 7
10 3 12 832 7
14 10 2 2795 9
1 9 6 374 9
7 1 4 3845 3
13 7 6 1477 6
3 13 6 398 7
5 15 8 2638 7
9 3 12 1399 2
10 14 3 89 7
1 10 3 3691 4
9 7 6 1531 3
6 13 8 3290 10
2 12 10 683 2
2 11 2 2113 9
3 3 13 1929 3
9 6 10 3589 3
6 8 13 2691 3
9 4 12 645 6
2 4 7 665 7
3 13 5 224 2
13 10 5 3539 3
4 10 15 559 3
7 15 10 1593 3
14 2 2 528 6
11 4 14 365 8
3 15 8 861 3
1 1 6 1052 4
13 5 11 3369 8
10 7 5 1388 7
7 10 1 2987 9
1 11 5 687 2
14 14 14 2795 4
9 4 4 3655 9
6 13 13 2013 10
11 5 2 3152 2
13 10 11 1594 2
4 8 15 380 1
13 10 2 113 9
12 11 15 2580 3
12 15 3 1907 5
13 1 14 1130 7
5 5 3 689 4
14 15 12 3690 8
14 2 4 3131 8
13 3 7 307 6
3 12 8 185 6
14 5 7 3130 8
5 6 8 1121 6
1 8 13 3358 5
3 7 8 2051 10
3 6 6 3194 8
7 1 7 1584 3
4 9 15 502 9
8 12 13 1061 5
6 13 7 2715 2
2 4 8 1610 9
7 7 13 2793 3
4 4 8 260 3
14 14 10 317 3
13 11 8 2642 8
8 15 11 483 5
1 4 4 3054 1
9 4 3 1876 5
1 2 4 3279 3
6 5 14 3624 2
8 1 9 1074 7
4 7 9 3328 3
6 12 5 1851 6
4 8 7 1000 1
15 15 14 3362 9
1 1 15 3622 9
3 14 11 2155 9
15 2 13 316 1
4 15 8 2811 6
15 5 13 750 8
6 13 8 702 5
2 10 10 865 5
12 9 11 2049 5
4 15 8 1659 6
3 5 14 1689 5
2 3 11 356 1
6 6 1 3673 1
13 9 14 3890 3
5 7 4 3192 7
11 10 4 2244 2
10 2 13 3651 6
10 11 15 155 8
6 7 15 2079 8
7 8 14 2794 7
11 5 7 1529 1
8 1 5 2422 7
13 5 15 1352 7
2 2 14 2464 9
6 1 1 3515 1
15 14 15 1573 2
11 8 3 901 6
5 11 11 2141 5
7 10 12 1286 5
2 5 5 3560 7
3 2 6 3032 7
10 7 7 3465 3
3 13 15 383 1
4 9 5 2948 7
8 13 6 510 1
14 6 5 2275 6
8 1 11 3300 1
12 4 4 2272 4
6 15 2 214 1
1 3 7 2326 9
6 2 14 3729 5
4 2 7 952 1
11 13 9 3497 4
6 6 8 1809 2
8 10 2 921 4
15 5 6 1792 10
14 3 12 2382 2
9 6 11 3134 1
9 7 1 381 7
11 1 7 902 9
4 10 3 200 2
10 5 3 2143 10
12 3 13 2148 10
7 1 2 1235 7
14 2 6 304 3
9 9 12 340 1
15 12 13 3425 10
10 13 9 2716 4
4 9 4 145 4
11 10 9 1316 8
4 4 13 2464 8
10 10 6 806 3
11 8 6 588 10
8 9 9 2169 1
3 3 2 1713 7
9 13 15 3335 7
15 14 14 897 6
4 3 6 539 4
1 3 15 3033 1
6 1 3 2779 5
11 4 7 192 7
1 1 6 1353 4
13 11 2 1167 9
13 11 5 3482 10
12 2 13 1557 4
4 11 10 1890 10
8 4 6 1364 1
13 12 12 445 1
3 6 4 1733 9
10 9 8 1733 9
2 15 1 2690 5
12 2 15 2053 8
11 12 14 3421 9
2 7 1 1838 7
3 14 9 122 7
4 3 14 1342 3
15 1 2 2263 10
1 15 15 1568 10
5 4 2 273 8
4 15 15 2990 10
7 5 13 835 7
15 4 13 2657 3
5 7 6 1080 6
4 2 12 899 3
15 11 7 3846 7
8 9 8 369 2
6 11 12 3449 2
10 3 8 1118 1
14 6 1 89 2
3 10 7 2714 2
13 15 4 2798 5
13 13 15 3103 6
3 10 11 3739 1
1 12 11 3018 6
15 10 6 1530 1
11 3 2 3585 2
2 9 14 2249 5
11 8 5 1560 9
12 3 3 1256 7
8 6 3 2275 5
2 9 10 2194 10
14 9 12 3938 10
14 8 1 328 9
7 3 13 796 2
3 6 5 106 9
15 4 10 2868 7
13 12 14 1628 1
12 15 3 292 5
8 11 3 1201 5
4 13 10 1178 10
6 5 13 654 8
1 7 15 2257 9
13 11 1 183 7
15 8 7 554 4
9 13 3 1802 10
10 12 6 1980 1
6 1 13 2633 1
9 13 2 641 7
8 5 5 2515 8
2 8 3 3554 8
8 2 15 2130 8
11 8 1 1472 10
6 7 10 77 2
2 13 13 1654 7
2 2 5 786 8
6 14 5 2357 4
8 7 7 2490 1
14 13 12 1866 2
8 8 5 2922 5
11 15 12 3169 7
3 5 14 36 8
1 5 15 3064 7
14 15 14 156 8
4 8 12 1976 3
8 15 4 847 8
1 14 13 1153 1
6 8 2 1792 1
14 13 10 1093 3
10 8 3 3449 4
13 6 5 1610 8
1 14 3 3404 5
14 3 13 831 7
9 7 13 3539 8
12 14 6 1564 4
2 15 8 2394 2
8 5 9 3128 5
9 2 5 593 2
3 3 11 554 4
12 14 3 510 9
10 12 15 1095 8
3 1 1 1634 4
2 11 10 284 5
5 3 8 2233 6
10 14 11 2915 9
8 4 8 982 2
7 5 1 217 10
6 3 1 2016 3
14 4 5 1653 9
3 11 12 2184 10
8 9 8 3304 3
7 8 5 3792 8
10 11 10 187 9
15 3 15 784 8
10 9 6 760 9
9 14 13 2016 9
3 10 6 2842 4
4 12 3 2301 5
4 4 11 1298 1
7 2 14 1554 4
7 2 8 1061 2
11 3 14 1184 2
13 12 11 3277 4
3 6 2 1821 10
10 15 1 2813 6
3 4 6 1391 7
13 9 8 2432 10
4 5 15 3996 8
5 12 12 3710 6
1 10 5 3401 1
13 4 3 1742 4
11 3 15 205 1
7 11 3 2610 9
1 11 1 1659 3
1 11 13 780 6
15 14 10 3576 10
1 6 9 1883 3
8 2 10 875 5
4 4 15 3616 3
11 9 6 1968 1
3 10 15 1595 1
4 15 15 3737 7
10 4 13 3976 7
6 7 10 2515 10
2 5 7 3320 10
5 15 12 1769 5
11 12 14 2879 4
7 9 10 746 1
8 6 6 1596 2
10 15 11 1763 6
2 13 9 2816 3
12 4 6 647 6
5 2 12 3032 5
7 12 15 2774 4
11 15 10 320 1
12 14 7 1104 2
3 6 14 3191 7
4 8 14 37 2
13 3 12 932 1
3 1 3 1937 6
4 9 6 884 3
5 6 4 1479 10
14 8 6 1773 10
7 11 7 2650 3
14 7 2 708 3
11 15 9 1372 1
5 5 4 2186 8
11 15 1 3806 6
4 3 6 1851 1
12 5 8 1701 6
9 11 14 3987 1
12 14 11 913 7
1 2 14 3752 4
15 14 15 867 5
4 14 2 1050 4
8 12 10 2328 10
9 3 14 3309 5
10 5 14 3852 7
2 7 8 2521 1
13 6 4 901 4
8 11 12 3563 5
3 12 11 3783 6
8 14 8 2795 7
12 15 13 1307 9
11 8 15 2982 2
10 11 9 642 1
9 15 8 2724 3
11 1 2 3653 6
2 2 5 2259 3
1 11 8 3204 3
1 13 10 391 7
3 5 12 2252 2
7 11 9 223 10
13 12 4 2138 9
