400
7 5 3 1723 6
4 8 8 1265 5
1 3 8 2477 1
6 2 11 462 7
2 11 9 2813 5
11 15 6 877 10
7 4 13 1367 2
15 14 15 2432 7
3 10 13 1953 1
9 1 1 1077 8
8 14 11 2640 4
8 15 14 118 6
9 1 9 537 6
2 6 3 690 8
9 6 3 1870 2
3 7 10 2539 4
2 9 1 2692 6
5 2 5 2077 3
5 11 2 1255 2
6 3 11 1545 5
15 9 5 1107 2
8 7 2 2021 5
2 3 12 900 7
7 1 1 2361 2
7 11 5 725 5
12 4 10 2937 8
8 6 14 1090 9
8 3 13 987 6
11 1 11 2981 9
2 2 1 2830 10
8 6 2 536 4
8 11 9 2283 8
3 5 1 1250 5
8 9 2 2575 7
14 6 15 1351 10
2 5 6 2868 7
4 1 3 2493 9
12 9 15 2779 2
5 5 3 507 3
14 7 11 3045 7
2 2 15 1367 3
6 1 7 2190 5
9 6 2 2204 8
1 12 14 2726 2
10 14 1 633 6
1 8 5 915 9
15 15 10 654 5
11 11 13 2104 3
12 8 12 2972 5
3 11 14 799 8
8 11 3 1951 8
6 14 13 782 3
10 3 11 1662 6
11 11 3 865 9
4 5 3 537 3
10 4 1 637 6
2 13 8 1981 9
10 1 13 2033 2
15 13 2 915 9
9 7 9 1728 4
5 7 11 107 4
13 14 11 195 8
9 10 2 808 6
5 13 11 2041 3
7 1 3 2549 2
4 3 6 1803 5
6 14 2 2425 5
2 11 13 1658 3
12 7 11 548 5
10 15 10 1447 10
10 4 6 466 7
13 5 9 2161 4
13 12 14 2343 6
1 13 1 999 10
13 14 1 977 1
11 9 4 1398 1
3 12 11 572 5
5 12 3 314 4
13 1 4 2946 8
14 14 11 1309 4
7 9 9 377 5
3 4 5 754 3
6 7 3 1825 2
14 12 8 2915 6
1 12 2 1547 8
9 5 1 2278 1
3 5 13 3124 8
15 2 8 1090 9
14 11 13 552 8
1 13 1 151 4
1 6 13 2958 10
15 13 14 1076 3
9 15 12 2261 1
2 7 5 2645 3
9 2 10 1416 3
15 8 5 2902 8
6 7 10 2782 4
1 5 3 1609 5
11 12 12 881 9
9 12 9 1753 4
8 2 15 1939 10
1 10 14 208 3
5 5 10 1629 3
15 11 7 1568 6
5 2 3 1972 4
11 12 1 1330 3
4 2 9 105 4
7 12 4 2587 1
11 1 11 1557 3
12 9 7 1080 2
7 7 10 1202 4
13 3 1 1068 3
9 6 6 2620 3
7 4 2 2282 9
12 13 4 1188 1
11 6 1 2395 4
11 12 12 1613 10
12 14 7 2048 5
14 14 8 2043 9
4 8 8 2094 9
8 12 11 3192 10
9 5 3 1345 7
14 14 12 2759 2
5 14 15 1796 8
10 9 11 3105 7
5 6 13 1877 3
3 13 7 1302 5
9 12 7 2973 9
2 5 2 2144 2
8 1 10 345 1
15 10 8 2482 9
1 2 7 2944 4
7 2 13 3125 6
14 2 11 2963 6
14 7 9 2319 5
9 6 7 1362 10
14 11 7 650 1
1 8 3 271 4
14 15 6 1226 10
8 14 9 1786 7
10 10 10 1674 1
14 8 2 582 4
10 14 8 1797 3
8 2 6 2994 7
14 11 3 150 3
9 5 14 2327 10
10 6 11 1733 6
14 8 9 1547 5
8 7 15 2615 6
3 14 12 3030 5
6 3 3 2115 7
14 7 8 1246 5
3 6 2 1691 7
12 10 6 2740 9
1 6 4 1644 2
5 5 12 397 6
15 7 6 2387 6
13 1 5 698 8
5 5 4 102 7
15 1 2 1786 6
15 13 14 2821 4
10 6 12 1564 1
13 10 12 2852 10
10 1 2 1631 6
4 2 6 1761 3
1 5 10 2188 8
13 1 7 63 4
11 13 4 94 8
12 7 11 1626 7
14 6 2 2080 4
1 2 13 1414 9
15 7 9 2329 2
8 2 9 2336 2
6 2 11 1609 4
13 15 4 489 8
3 3 10 2750 4
8 12 11 639 2
11 5 5 287 7
7 14 14 783 8
10 9 10 441 10
7 15 3 956 6
12 5 14 2000 8
9 14 9 2524 7
3 14 15 1862 7
9 6 8 1102 3
1 1 3 2970 9
3 13 1 635 3
6 15 1 167 3
15 8 7 1736 4
1 5 10 2088 3
9 2 3 2357 10
12 1 2 1920 1
6 8 7 120 7
7 6 14 2478 10
9 13 3 2094 4
4 1 2 286 7
2 7 15 2760 5
7 4 3 1191 9
2 3 11 2749 8
10 3 15 1698 8
15 7 11 1575 6
4 15 14 1955 3
13 13 13 2058 3
7 5 5 1739 10
5 13 15 1944 7
9 13 3 474 4
12 15 15 1364 6
5 14 9 3086 5
5 14 11 647 7
10 14 11 1203 2
6 15 12 259 2
6 10 3 1647 10
3 5 1 1014 8
15 2 8 2002 2
10 8 7 3041 4
2 15 1 676 10
6 7 12 404 3
12 4 2 3088 5
3 6 3 2492 5
3 2 12 1543 6
7 10 10 228 3
8 1 15 2916 7
13 1 9 2409 8
8 4 10 2370 3
8 13 12 421 6
7 5 4 1914 1
3 9 13 1121 2
9 7 14 199 2
13 10 11 1806 1
13 6 3 2072 4
4 13 8 336 10
13 3 7 1833 4
6 9 11 1941 1
9 11 7 58 2
8 1 6 1777 2
14 5 6 794 7
5 5 4 1799 2
5 5 8 2761 7
15 7 5 975 10
2 14 3 299 2
1 1 9 909 9
4 12 10 2048 9
11 13 2 1684 1
1 12 8 2226 2
2 6 13 129 10
7 3 11 776 2
10 2 13 750 9
11 10 10 2530 6
9 2 10 1418 6
11 6 9 2999 8
12 15 2 2232 7
5 4 10 2137 10
4 8 4 691 10
10 5 10 867 10
7 13 13 94 8
6 15 7 379 2
3 13 14 2967 9
3 13 9 1600 7
1 12 2 2579 8
8 5 1 2441 5
12 15 5 1689 9
10 6 2 2797 4
13 8 11 2334 10
9 14 7 1281 7
2 3 12 1026 7
11 3 11 2764 2
1 13 15 2294 6
7 6 2 194 7
6 1 2 1831 7
5 6 4 391 9
14 10 6 1762 5
11 11 8 1741 10
2 12 8 2807 10
1 4 2 2771 7
10 1 3 324 9
11 1 9 1982 1
14 14 13 2694 8
12 11 11 1356 1
8 10 12 2209 4
7 8 3 1506 8
3 8 14 178 3
3 11 11 516 2
8 9 1 848 5
12 14 3 2189 8
11 11 9 1327 10
9 8 1 2177 5
10 2 1 2319 6
3 9 4 2775 8
2 5 4 3063 6
8 13 5 1327 3
12 4 7 2408 5
7 12 3 2022 5
14 4 9 2122 6
2 3 8 1963 10
4 11 6 1999 4
7 10 6 642 3
7 15 12 2937 7
1 12 12 564 2
8 6 3 1980 3
11 12 9 2555 5
2 3 12 1722 3
4 6 7 653 1
7 4 1 2503 2
2 10 11 2143 1
14 15 2 1247 8
7 9 3 1884 6
1 12 8 2075 5
8 11 2 2802 5
12 4 3 1774 5
5 3 15 312 5
14 11 4 2975 9
15 7 13 369 9
13 3 9 278 3
7 3 14 103 3
6 9 8 2389 7
4 5 2 1414 2
1 9 12 2024 9
1 6 4 1696 8
10 2 5 2086 9
4 14 14 2365 3
15 14 3 1025 8
14 11 2 2090 1
12 1 2 17 1
2 11 9 3083 6
3 4 5 144 8
3 12 11 995 8
2 13 9 2505 10
5 5 3 3171 2
11 5 13 912 5
5 13 6 2297 9
15 15 10 234 2
9 1 2 73 7
4 12 11 3032 2
6 11 15 2369 5
9 11 3 2619 3
13 15 15 540 4
3 7 7 2485 10
12 6 1 3097 8
3 12 6 2554 5
4 2 14 2241 10
3 3 13 2280 1
13 13 15 2325 4
10 15 9 949 4
4 2 1 858 3
3 11 14 2172 3
4 2 15 1014 10
13 10 13 2823 4
6 15 5 554 9
9 3 3 1520 2
6 5 15 1594 1
9 9 14 2471 4
9 8 4 345 2
4 11 10 332 1
15 11 8 1660 3
11 9 7 2991 4
3 5 7 2778 10
5 5 6 2788 6
6 5 1 1886 3
8 7 6 320 4
5 5 1 2936 4
4 1 6 3105 1
14 9 10 3191 10
8 13 1 421 8
1 11 9 2057 6
9 12 14 2493 1
3 2 3 1108 5
9 12 3 1312 2
3 3 15 1427 2
8 6 12 372 5
13 13 10 2037 4
13 11 6 1967 10
7 7 14 3125 3
10 10 13 2329 10
12 8 6 550 1
2 12 15 1667 1
3 3 14 1969 2
11 13 5 2000 7
4 10 3 3106 2
6 13 3 1194 10
2 7 2 389 9
1 5 13 836 2
6 11 13 1838 6
2 7 7 1080 7
7 6 11 2417 4
4 11 10 806 8
5 1 5 303 6
6 8 3 150 2
10 11 4 565 1
11 13 14 1595 3
4 5 13 1429 1
8 13 8 944 7
9 2 12 75 8
9 5 1 2007 8
2 11 14 198 6
3 12 12 2937 4
6 3 15 2122 8
3 12 12 494 9
13 6 10 1158 10
7 7 14 2846 1
1 9 10 271 2
