200
8 7 6 525 4
13 13 3 131 7
10 8 4 577 1
5 1 8 826 5
9 1 7 52 8
13 2 13 30 7
10 4 12 1482 3
13 11 13 262 4
1 8 4 1083 4
3 3 1 962 8
2 3 11 54 1
1 8 13 1192 1
13 2 1 1144 6
13 12 10 350 10
1 1 8 1088 10
2 11 4 588 6
1 7 12 899 6
10 8 9 313 9
4 10 6 637 10
8 4 5 739 3
7 11 12 273 1
1 3 7 1026 3
3 5 9 1279 7
9 10 6 420 1
5 10 12 863 9
7 8 14 1196 3
1 8 12 646 8
3 13 1 467 6
13 14 3 1452 5
7 6 5 876 8
2 1 12 892 6
1 2 8 1477 7
8 13 9 1447 4
6 8 3 360 9
5 6 11 937 10
15 9 8 871 1
2 8 15 250 3
11 6 4 1366 5
6 6 11 769 3
11 7 5 1095 4
3 6 9 1302 6
7 6 12 1160 6
10 1 3 854 4
12 14 11 904 3
4 4 11 616 8
3 5 7 572 2
2 15 1 1289 2
7 2 2 1575 5
2 6 14 908 8
14 4 15 116 7
8 4 1 224 6
10 4 12 139 6
9 15 2 835 4
8 8 6 563 4
2 14 13 224 2
10 7 6 556 10
4 6 8 1158 6
9 14 15 661 3
14 1 15 779 1
1 7 2 158 6
8 14 15 696 3
2 13 1 1188 9
14 13 3 424 3
10 6 3 321 8
14 5 15 1090 1
11 11 14 965 7
12 7 8 523 4
8 2 6 1375 2
2 14 5 1397 1
6 14 15 1000 6
9 12 14 404 10
4 3 3 1474 3
12 1 7 1078 1
13 10 9 369 6
8 15 1 1100 6
10 9 9 1381 8
14 5 14 727 2
5 6 11 1119 7
15 7 4 1139 3
3 6 2 401 1
3 9 5 182 9
3 2 9 935 9
9 8 1 94 7
10 7 8 1508 9
2 8 1 595 5
15 13 9 946 3
2 4 7 105 6
1 5 13 1070 9
15 1 10 167 8
5 1 2 1192 10
8 13 10 1308 8
12 11 12 1411 7
5 13 4 808 9
12 3 4 1131 1
5 2 6 455 4
2 6 3 1406 3
12 10 14 1415 3
11 14 5 1448 5
6 2 6 274 5
2 5 6 388 9
9 8 9 807 8
10 3 5 224 1
14 5 14 1200 8
9 11 2 131 6
13 9 11 981 1
8 1 4 1597 8
14 4 8 151 2
7 6 1 863 1
7 2 4 719 5
15 9 12 1544 5
15 15 12 1048 4
14 14 3 671 10
8 15 8 418 1
1 15 4 82 8
6 13 5 338 9
5 8 12 916 4
13 15 5 760 3
1 12 12 901 5
14 9 11 130 9
13 2 6 735 7
1 2 13 1519 3
4 7 3 1396 3
1 5 3 1307 3
13 6 7 732 9
9 15 10 516 1
15 6 14 496 1
7 8 5 1132 5
8 1 4 1009 7
14 3 2 811 7
14 7 11 1293 10
11 7 14 33 6
14 13 7 610 8
4 13 15 1306 5
4 5 10 404 8
15 8 7 209 4
14 3 7 270 3
15 4 1 1260 5
7 2 13 488 7
13 9 6 1312 9
10 12 13 287 10
13 13 15 580 9
10 4 7 1358 9
7 9 6 1280 2
2 4 3 587 9
10 7 3 277 8
15 5 9 37 2
10 11 14 742 2
6 6 6 1551 3
8 2 15 156 1
4 13 5 437 6
10 5 12 602 2
4 14 7 426 3
5 4 2 1100 5
14 14 11 1437 9
3 8 2 977 6
6 1 2 1083 7
4 7 13 684 2
12 6 8 755 6
5 5 3 696 5
14 9 11 110 4
3 3 11 1181 6
6 3 9 927 8
15 3 15 199 10
3 4 2 1089 4
15 11 1 986 7
7 15 7 664 9
10 14 1 1120 4
8 3 3 1286 3
7 2 14 478 1
3 6 9 608 3
12 14 12 118 8
13 6 4 854 8
1 9 13 610 2
11 1 14 1467 10
6 5 15 650 6
1 5 8 930 2
11 13 5 709 9
7 2 7 922 2
15 5 8 1585 1
8 3 12 1278 7
14 8 13 166 7
1 4 15 1314 10
1 3 12 1169 6
3 4 6 1225 6
7 8 5 1190 3
10 5 2 1217 1
9 13 13 132 1
6 5 8 568 5
12 1 12 284 1
10 12 12 385 8
8 10 12 765 3
13 2 15 659 10
14 11 12 509 8
14 13 14 611 3
13 9 2 1594 10
5 6 12 1097 2
3 1 15 1310 5
11 13 12 389 9
3 10 3 356 9
7 10 1 739 10
