150
4 7 14 1136 4
3 3 14 468 10
14 1 3 1087 5
1 13 7 395 10
5 10 2 466 1
2 15 11 265 1
11 15 5 799 5
2 12 6 895 8
7 14 11 975 8
6 8 7 651 6
13 1 7 1052 5
9 14 13 115 10
15 2 6 1178 1
14 12 2 265 2
5 9 4 516 9
9 4 12 1069 4
1 1 9 1036 6
5 6 3 539 10
12 6 5 844 10
12 10 13 301 7
12 12 5 651 2
11 11 6 1012 2
6 12 7 396 1
12 4 9 1197 6
6 8 10 306 2
5 6 7 475 3
7 9 11 876 10
9 12 7 1013 6
8 7 2 657 7
1 7 9 944 6
5 1 12 457 5
10 5 4 585 3
13 3 14 713 7
1 4 15 249 8
2 10 7 164 4
2 7 7 127 2
10 6 4 802 2
14 12 9 604 2
14 14 13 685 9
13 3 10 168 3
3 5 3 503 8
14 6 2 686 10
5 1 9 698 7
13 10 14 357 4
5 9 4 855 1
12 5 13 1024 3
1 1 14 332 8
8 6 10 790 3
3 11 2 993 8
7 15 11 1197 8
15 9 5 748 9
1 9 4 412 5
1 8 11 617 6
13 3 14 656 5
7 14 6 851 2
8 7 6 1164 1
6 3 11 703 7
13 11 8 1099 10
9 2 13 520 7
2 1 11 471 4
15 3 10 1185 5
7 3 2 512 5
3 1 11 727 8
5 11 14 1130 4
2 2 4 85 2
11 8 14 1170 7
14 13 12 112 8
12 12 3 189 3
13 13 4 825 6
10 12 13 761 7
8 7 12 511 5
6 7 12 1137 3
15 4 9 482 5
15 13 15 376 3
12 2 2 665 1
4 7 10 1057 10
11 9 7 1003 4
6 13 7 114 4
8 6 1 1169 7
5 14 10 336 2
2 13 10 530 4
15 4 5 839 7
7 7 13 848 7
10 2 3 537 10
8 11 9 1148 3
8 10 8 875 6
6 3 3 1053 7
10 13 11 1087 7
12 2 6 1073 10
3 5 5 285 9
4 13 6 1158 4
8 7 13 809 1
9 2 6 618 4
14 14 7 249 7
10 9 8 574 6
5 10 12 470 5
1 1 15 401 9
8 13 1 234 1
10 2 1 237 8
6 12 15 1129 2
13 3 13 1137 5
14 13 9 719 7
8 15 2 531 7
11 3 2 840 4
10 7 14 1113 7
7 10 15 736 7
8 1 5 1035 7
11 2 6 1196 6
6 4 10 825 4
8 8 14 584 5
4 2 10 571 3
14 3 9 459 3
11 2 4 483 10
13 11 15 747 1
3 13 15 460 4
8 8 15 365 8
5 2 15 478 10
3 5 5 492 10
9 2 9 714 1
7 2 15 649 8
7 14 1 1112 8
12 3 7 140 5
3 13 7 25 10
10 2 3 331 3
1 5 3 1194 2
9 7 12 854 3
1 11 6 434 6
12 3 8 1153 4
12 12 5 1066 1
1 6 5 489 10
3 2 13 760 4
10 3 2 81 9
7 3 12 1087 8
7 10 1 467 7
11 8 9 1195 1
14 9 3 422 1
11 15 10 841 3
9 14 13 626 10
3 15 15 311 5
11 5 14 106 3
5 3 15 450 2
15 11 15 660 5
4 10 10 586 7
10 1 13 949 7
11 4 4 160 4
4 14 14 290 2
7 5 15 563 9
6 14 11 1039 7
11 9 12 84 4
9 14 2 80 8
