300
14 3 12 166 2
13 3 5 788 3
6 1 7 463 7
9 6 13 1944 8
7 2 3 225 4
9 9 2 300 4
6 5 1 2377 7
11 15 6 981 8
11 3 13 516 6
6 4 12 2113 7
3 7 7 896 1
10 4 5 586 4
3 3 4 98 5
14 7 15 2003 5
7 4 2 1152 10
6 4 13 2259 2
2 7 5 215 1
1 3 3 850 4
14 7 12 2250 9
15 13 13 2046 3
14 8 5 1477 7
11 14 10 52 10
14 5 9 2131 7
14 10 4 1824 9
9 14 4 1780 5
12 2 8 1622 4
5 14 7 2006 2
13 12 7 738 3
8 4 5 1919 5
8 8 12 575 3
9 9 11 1198 10
1 3 7 244 10
8 8 12 81 5
3 9 7 1440 2
13 8 6 331 4
6 9 15 1760 3
14 11 3 2364 10
6 10 4 1120 8
12 11 14 2045 10
10 3 10 2154 10
14 2 8 1551 10
9 12 2 2122 4
5 9 8 2176 3
5 6 7 871 8
10 9 9 144 6
1 5 3 183 5
11 12 11 1773 2
3 1 5 137 1
1 13 12 948 6
3 11 11 1398 5
11 10 14 2371 1
13 3 8 1633 1
14 5 3 2072 8
2 8 7 1911 6
7 6 1 1612 4
11 5 11 1243 3
14 10 6 1482 8
2 1 2 1125 5
9 11 4 978 8
3 1 13 1389 2
8 2 2 1652 6
15 11 6 2385 4
3 6 3 1372 4
6 4 10 753 5
14 14 6 382 8
6 2 6 877 7
4 10 13 797 6
1 11 7 1599 8
8 3 4 1290 7
14 14 7 314 2
8 1 11 542 2
14 8 4 2046 8
10 3 12 884 5
2 5 5 260 5
12 14 12 1889 10
6 6 12 1698 6
10 7 6 2222 9
7 3 15 783 3
5 9 2 718 10
6 13 13 1722 6
13 2 6 1427 7
11 7 3 1280 4
7 2 1 1492 7
4 15 13 322 5
13 10 6 1033 1
12 13 4 141 4
13 5 9 417 4
11 2 3 499 10
3 12 10 1264 10
7 1 1 1602 6
13 8 7 2027 4
8 5 8 1970 1
9 11 8 414 3
5 12 11 1259 10
3 6 4 769 1
1 12 14 1468 8
12 11 11 563 9
2 13 13 1299 3
12 2 6 474 1
1 9 7 1272 2
6 6 4 94 2
3 6 2 552 10
2 12 13 436 5
14 5 12 1213 3
3 1 7 972 9
14 6 5 1630 5
9 5 15 1191 4
15 6 4 311 7
1 2 14 1822 5
3 15 4 164 8
2 6 3 173 3
9 10 14 1765 6
1 8 15 2262 8
5 10 12 1461 6
11 9 1 171 10
4 7 14 45 4
6 8 5 1262 9
14 12 9 1535 2
5 4 4 2158 6
9 12 11 1493 6
11 15 15 855 10
4 12 8 574 5
2 14 12 1497 5
6 7 1 147 8
12 1 8 108 2
10 12 15 1616 10
13 5 6 892 4
5 3 6 2042 10
8 9 6 932 9
13 15 2 2044 5
6 7 15 730 9
10 6 3 849 1
7 11 11 1731 7
7 9 2 2248 8
6 10 10 1474 1
13 2 15 2378 8
8 7 11 1006 8
1 4 10 1723 1
10 13 14 280 4
12 14 3 676 7
8 14 12 350 2
6 2 6 1105 10
5 10 10 1917 3
14 10 11 220 9
14 1 1 169 9
7 5 3 181 7
13 8 14 2248 4
4 6 8 1909 3
1 11 2 2223 2
15 13 7 1903 5
2 13 12 1737 3
8 10 12 1192 7
10 1 13 715 6
2 13 10 462 4
5 7 10 1670 3
3 6 12 1514 8
9 14 6 2059 9
8 1 10 627 2
5 4 3 1826 7
11 14 14 1431 4
10 9 13 471 2
1 5 10 1891 9
7 9 3 1015 1
5 9 10 1773 7
8 10 9 2219 5
2 8 3 1178 4
9 11 4 2305 5
13 6 9 2343 2
8 4 1 365 2
8 11 11 715 3
1 6 14 2061 9
3 7 1 141 4
11 9 3 1191 4
8 9 3 1419 6
3 8 2 1925 1
6 14 12 1884 9
9 9 14 1518 7
3 11 14 137 4
1 9 10 1276 8
14 2 1 1118 1
8 15 3 294 6
7 2 2 1746 7
13 7 12 1208 9
15 1 8 2326 8
8 7 5 1722 5
7 11 14 2007 1
7 14 7 148 6
4 9 11 1852 10
9 3 3 1278 10
2 13 6 1918 9
11 10 9 1661 4
15 11 6 1098 8
7 9 15 1733 8
3 7 11 2243 10
8 14 10 803 3
5 2 14 1857 3
13 13 15 112 2
14 1 12 1901 2
10 8 9 380 3
3 10 10 2018 9
7 6 12 1917 9
6 3 13 2047 2
14 3 14 946 6
3 13 5 549 9
10 13 11 1075 5
14 10 5 2223 10
3 11 15 853 8
8 11 13 1822 9
5 6 4 1755 6
13 8 12 305 3
9 15 10 309 8
7 8 3 1172 6
12 2 13 546 4
4 2 10 1358 7
1 6 2 1518 1
9 10 3 1549 6
7 7 13 47 3
1 11 4 1299 8
11 2 1 1688 5
13 2 4 842 4
2 1 12 828 4
13 11 3 1081 2
15 6 12 666 8
2 10 2 1758 4
15 10 10 85 10
5 5 11 1650 9
15 7 6 34 4
13 10 11 419 4
9 8 14 2145 4
2 13 10 1940 10
12 13 7 430 2
8 8 15 1908 3
11 4 2 2357 8
9 9 10 1480 4
6 5 3 140 8
9 7 1 1627 3
8 13 11 435 4
11 4 2 639 8
13 11 4 1837 2
8 3 14 1306 9
14 6 15 1272 2
3 12 9 1901 3
1 11 6 2018 7
13 2 4 499 7
4 9 6 131 9
9 12 9 487 2
7 8 9 1088 4
13 5 7 943 9
11 5 7 581 7
1 2 14 466 4
6 2 6 314 5
9 15 3 1812 10
12 2 14 562 3
7 1 2 15 6
2 12 4 1442 6
15 15 8 56 10
11 11 8 374 1
2 15 13 958 7
4 11 1 1223 10
1 9 13 362 2
6 10 7 1190 9
12 15 10 463 5
4 9 13 726 1
15 12 3 1708 4
1 13 3 1705 10
1 14 5 374 7
10 13 7 204 4
5 1 13 59 6
3 5 3 588 2
1 4 2 1905 1
4 13 11 1380 5
8 2 13 722 7
10 2 11 1827 7
2 4 5 1056 6
5 8 12 920 8
7 1 12 138 1
1 12 6 1510 5
9 6 8 551 2
1 14 13 1993 5
6 13 2 1030 7
15 2 11 998 6
14 10 7 767 6
3 5 1 2130 6
7 7 7 1419 1
13 1 10 157 5
13 14 11 1428 7
4 14 1 1798 4
7 2 6 1969 3
6 8 7 1797 1
2 14 15 1444 4
5 4 1 1127 9
6 7 15 2219 9
15 10 2 888 7
9 10 8 2393 4
9 15 12 466 4
12 7 6 37 9
1 15 5 1392 7
3 7 12 1804 1
15 12 7 343 2
1 5 3 1854 8
