350
1.0 1.41 2.62 3.4 4.08
23 17
49 28
13 49
28 72
38 106
44 125
31 162
18 174
38 213
21 227
37 262
25 285
29 292
44 326
44 336
20 361
31 394
7 413
36 444
9 466
13 480
29 511
11 528
10 576
2 582
18 613
7 642
20 666
27 693
29 718
16 731
48 752
14 779
6 814
4 823
15 851
4 865
3 911
27 917
35 951
26 977
23 1007
38 1010
22 1050
23 1076
34 1100
17 1106
19 1144
31 1167
25 1184
42 1204
21 1224
26 1255
33 1284
25 1320
32 1342
15 1349
10 1391
6 1395
30 1431
6 1441
31 1481
48 1499
29 1525
48 1560
50 1575
47 1603
43 1615
31 1635
39 1667
25 1693
14 1722
6 1739
7 1776
43 1783
44 1811
14 1842
33 1855
14 1878
39 1905
2 1925
48 1963
18 1973
32 1995
50 2026
30 2050
27 2078
32 2111
35 2120
31 2149
11 2168
46 2198
50 2220
38 2237
42 2261
33 2280
1 2328
16 2337
36 2367
38 2383
9 2417
37 2439
30 2465
8 2490
29 2497
5 2523
27 2549
31 2569
14 2614
8 2619
19 2656
2 2673
44 2694
50 2720
40 2748
10 2762
36 2790
35 2811
25 2841
14 2856
24 2900
7 2905
34 2940
12 2956
22 2981
50 3014
8 3035
25 3059
34 3092
38 3105
9 3126
22 3159
40 3192
48 3203
38 3226
15 3256
42 3288
14 3295
37 3334
5 3357
48 3381
32 3387
43 3431
4 3443
34 3460
23 3481
49 3524
49 3541
13 3569
22 3582
22 3614
9 3638
18 3656
20 3681
15 3704
16 3731
19 3746
15 3784
1 3815
1 3820
3 3844
1 3878
50 3902
39 3932
24 3947
25 3980
47 4002
44 4023
15 4054
23 4060
18 4087
25 4110
21 4146
36 4157
47 4177
4 4203
11 4230
40 4261
3 4276
22 4320
43 4323
35 4361
5 4388
50 4404
5 4431
17 4447
25 4481
43 4508
15 4528
33 4553
39 4561
40 4592
7 4626
15 4652
21 4675
26 4699
2 4710
27 4748
8 4754
33 4792
1 4813
29 4825
33 4864
50 4885
21 4911
19 4943
17 4958
6 4984
15 5010
12 5030
20 5063
21 5080
42 5094
8 5129
26 5140
6 5182
1 5198
27 5220
34 5243
3 5259
36 5286
38 5317
1 5352
6 5352
4 5392
1 5418
29 5436
45 5450
23 5481
24 5498
2 5533
17 5547
11 5592
18 5616
36 5627
21 5640
49 5665
21 5698
35 5715
17 5746
37 5767
39 5801
19 5810
6 5853
9 5869
12 5903
15 5923
6 5948
41 5965
2 5993
6 6002
16 6048
22 6048
43 6076
31 6112
36 6134
28 6150
39 6187
28 6212
1 6233
9 6244
34 6268
39 6290
43 6320
49 6350
1 6365
8 6408
31 6420
25 6454
20 6478
22 6493
19 6527
24 6529
46 6572
44 6596
9 6604
27 6627
38 6655
27 6678
50 6707
39 6738
35 6751
28 6779
50 6800
5 6839
44 6846
25 6882
6 6894
25 6914
11 6952
18 6981
42 7005
46 7009
16 7035
4 7079
8 7091
43 7112
4 7137
34 7156
48 7187
46 7205
23 7229
16 7255
40 7291
29 7312
42 7334
26 7350
23 7380
6 7410
31 7436
7 7453
2 7467
30 7488
12 7531
26 7538
9 7576
16 7600
18 7616
34 7635
37 7676
44 7701
8 7724
41 7737
28 7775
41 7782
13 7801
28 7830
24 7848
31 7891
11 7909
12 7922
41 7954
11 7981
35 8000
13 8031
11 8055
39 8080
13 8100
35 8126
17 8151
41 8161
6 8196
49 8209
46 8255
33 8257
1 8281
23 8314
43 8340
33 8371
36 8391
