100
1.0 1.63 2.2 3.74 4.25
23 11
10 55
17 64
4 105
38 144
27 158
15 190
50 204
33 246
42 271
34 312
44 344
26 368
34 385
19 428
45 450
36 488
44 508
17 550
39 566
39 586
14 623
36 644
20 670
45 711
48 732
29 771
41 805
34 829
26 865
21 899
30 904
33 945
42 965
38 988
12 1035
14 1066
26 1089
16 1119
18 1139
40 1187
4 1215
36 1220
8 1272
48 1277
20 1333
14 1334
29 1365
36 1400
49 1447
2 1458
31 1495
41 1532
49 1538
44 1580
47 1624
19 1635
38 1669
49 1688
25 1733
44 1761
9 1786
47 1816
17 1827
45 1884
12 1897
16 1929
46 1945
22 2001
43 2016
47 2050
39 2073
46 2105
50 2133
2 2169
35 2203
24 2227
8 2233
7 2282
16 2312
47 2342
47 2374
14 2400
32 2433
43 2458
35 2473
46 2505
13 2538
35 2574
32 2602
11 2628
23 2661
30 2697
5 2716
6 2732
6 2782
26 2796
24 2830
23 2855
38 2875
