200
1.0 1.35 2.5 3.31 4.49
7 5
36 44
28 64
21 91
31 118
20 155
18 176
26 189
31 215
7 258
20 273
9 286
4 334
40 348
36 379
23 403
45 430
33 448
4 483
6 502
26 545
33 552
42 590
45 608
27 638
28 653
29 685
2 714
26 739
43 756
28 804
1 826
29 849
13 884
33 894
39 925
47 936
19 988
9 1009
23 1029
30 1042
44 1087
28 1095
22 1136
28 1154
9 1192
14 1200
15 1239
18 1256
50 1293
38 1308
42 1333
1 1359
47 1400
26 1423
45 1441
22 1467
43 1484
47 1524
29 1554
48 1586
25 1608
4 1632
18 1650
2 1677
40 1711
16 1739
3 1764
8 1768
42 1815
39 1829
11 1849
1 1874
23 1914
10 1943
39 1969
28 1997
17 2012
31 2053
18 2059
5 2093
37 2124
41 2158
25 2184
8 2192
49 2216
39 2241
17 2278
11 2297
24 2338
31 2359
10 2367
35 2392
43 2438
50 2463
48 2476
46 2501
46 2546
16 2560
25 2596
32 2626
41 2632
43 2675
3 2698
3 2727
29 2754
23 2756
47 2783
30 2814
28 2860
45 2883
24 2900
49 2935
16 2961
43 2983
47 3009
49 3017
35 3065
1 3073
42 3117
5 3145
41 3154
15 3176
3 3201
12 3239
50 3271
34 3289
12 3319
16 3341
22 3358
18 3394
4 3409
50 3440
14 3478
7 3486
32 3536
21 3560
11 3568
18 3599
3 3618
19 3664
30 3669
13 3708
25 3736
43 3766
30 3790
4 3806
28 3826
44 3867
30 3876
46 3914
45 3928
1 3968
41 3980
49 4029
39 4049
2 4070
22 4108
5 4112
26 4148
47 4171
34 4191
45 4231
2 4241
47 4275
10 4293
4 4342
8 4363
2 4392
10 4418
15 4432
41 4472
46 4498
43 4503
34 4549
47 4556
14 4584
3 4627
3 4636
40 4678
50 4701
26 4720
22 4741
7 4780
6 4799
25 4834
33 4852
43 4872
29 4903
15 4938
27 4959
48 4968
29 4994
50 5032
15 5057
17 5083
15 5112
36 5124
39 5170
13 5178
