150
1.0 1.64 2.35 3.03 4.32
19 17
3 45
14 67
28 89
8 102
32 133
48 144
19 177
39 212
24 234
12 252
12 266
16 291
50 315
22 357
20 360
10 393
35 427
46 454
16 463
40 495
18 515
34 528
18 568
5 593
4 608
43 632
35 667
31 674
31 704
37 735
35 760
50 782
16 802
12 825
10 861
19 882
29 912
8 930
32 943
29 982
41 989
48 1018
45 1038
37 1077
19 1099
36 1124
25 1133
16 1172
16 1186
16 1216
42 1227
31 1257
37 1296
32 1316
41 1330
31 1354
24 1383
44 1409
44 1439
26 1458
15 1483
45 1491
13 1520
37 1554
12 1582
28 1608
19 1618
36 1643
1 1671
10 1687
19 1709
6 1747
17 1771
11 1781
23 1800
45 1847
3 1868
33 1873
42 1906
1 1930
14 1947
42 1968
10 1993
26 2036
19 2043
45 2087
46 2092
6 2124
23 2147
43 2169
29 2201
20 2211
36 2237
20 2269
5 2281
1 2310
47 2351
26 2373
17 2382
9 2415
7 2428
12 2450
11 2494
23 2501
11 2524
8 2550
9 2580
38 2596
40 2631
10 2658
24 2668
1 2702
23 2720
23 2736
7 2776
32 2808
40 2821
18 2832
29 2876
5 2895
33 2914
15 2934
32 2976
34 2997
40 3016
1 3046
25 3066
20 3089
24 3106
19 3124
15 3155
26 3177
20 3194
17 3226
20 3243
29 3270
50 3292
40 3319
16 3360
1 3376
5 3404
10 3422
20 3447
29 3465
14 3480
48 3528
28 3550
43 3573
13 3587
