450
1.0 1.47 2.3 3.48 4.73
34 22
6 33
23 54
34 95
28 121
16 128
41 153
3 193
4 222
29 229
37 266
18 300
15 306
22 337
18 365
49 381
38 424
36 427
16 460
37 486
8 525
10 540
4 564
25 600
24 613
16 639
35 665
42 684
47 707
11 734
42 759
16 785
32 820
28 834
27 871
16 877
23 909
35 941
9 963
10 980
41 1003
29 1027
1 1062
37 1089
12 1115
37 1127
13 1159
7 1193
42 1216
47 1241
9 1260
16 1276
38 1304
45 1330
49 1357
9 1377
35 1417
43 1431
20 1466
41 1493
5 1512
43 1536
41 1552
8 1587
27 1618
19 1632
42 1674
20 1691
46 1715
5 1746
8 1765
32 1793
6 1806
47 1847
17 1857
48 1879
46 1916
17 1934
44 1964
16 1983
2 2004
50 2026
12 2067
31 2088
40 2105
18 2136
36 2168
40 2193
29 2220
20 2232
42 2269
28 2280
47 2300
14 2336
13 2357
3 2399
48 2425
10 2436
23 2472
13 2484
14 2502
13 2528
20 2557
31 2595
12 2623
39 2630
15 2658
45 2695
30 2724
11 2727
45 2751
18 2780
32 2820
22 2839
1 2860
48 2875
5 2907
48 2930
13 2963
41 2983
44 3016
22 3041
16 3073
11 3084
41 3109
39 3146
10 3167
27 3187
43 3210
24 3245
1 3272
35 3288
36 3317
14 3330
38 3374
8 3394
37 3420
37 3426
45 3474
4 3482
24 3516
13 3538
15 3564
15 3586
23 3614
13 3640
33 3674
15 3690
43 3707
24 3739
45 3756
10 3778
13 3821
33 3841
23 3867
49 3893
42 3905
22 3942
19 3960
40 3980
5 4017
44 4033
24 4050
21 4096
28 4101
46 4126
16 4151
29 4200
24 4206
47 4226
45 4274
19 4290
19 4308
40 4346
34 4370
49 4376
38 4401
46 4442
27 4450
39 4479
35 4517
19 4539
9 4560
26 4579
12 4623
21 4629
39 4669
37 4681
6 4701
35 4750
21 4772
29 4782
46 4815
3 4827
6 4850
39 4876
19 4905
10 4947
48 4955
18 5000
6 5008
22 5035
12 5069
13 5076
38 5100
43 5143
29 5160
27 5178
4 5216
6 5239
17 5253
43 5284
41 5311
2 5341
3 5358
16 5393
42 5402
50 5447
30 5465
44 5490
30 5506
7 5531
34 5559
32 5578
9 5600
8 5625
18 5657
49 5693
36 5703
11 5750
5 5773
33 5776
31 5806
26 5832
20 5872
48 5879
17 5923
21 5929
5 5970
23 5979
28 6017
4 6047
13 6075
19 6097
22 6121
39 6130
15 6173
11 6198
26 6202
5 6244
49 6255
5 6287
24 6302
15 6340
9 6351
17 6392
47 6409
25 6448
15 6461
49 6483
26 6519
28 6550
9 6563
35 6595
8 6605
15 6626
45 6653
6 6676
45 6711
44 6733
38 6759
49 6784
47 6800
3 6835
32 6857
50 6887
44 6924
43 6946
5 6974
11 6989
8 7016
20 7040
22 7074
8 7091
2 7122
47 7131
46 7162
48 7198
42 7220
27 7238
17 7264
24 7298
46 7319
32 7327
20 7359
39 7378
41 7406
18 7431
29 7458
25 7475
12 7511
31 7530
12 7567
35 7592
34 7607
1 7646
1 7656
5 7699
47 7723
39 7728
1 7755
29 7779
18 7820
44 7826
22 7864
31 7900
32 7908
47 7940
10 7971
34 7981
20 8007
26 8034
26 8053
3 8095
30 8112
43 8144
1 8170
16 8182
14 8204
27 8246
40 8261
5 8297
7 8316
1 8331
47 8362
20 8376
1 8420
30 8441
14 8464
29 8496
29 8500
10 8535
18 8575
31 8590
28 8611
34 8650
21 8673
50 8681
7 8722
6 8736
30 8771
34 8780
12 8823
33 8834
17 8875
7 8900
27 8901
20 8928
24 8966
43 8985
41 9010
33 9037
50 9068
18 9096
40 9100
25 9134
28 9164
45 9189
12 9218
49 9243
28 9258
46 9288
33 9324
44 9328
2 9363
16 9378
49 9414
47 9438
38 9467
3 9489
32 9514
11 9534
4 9556
40 9583
48 9618
26 9626
27 9668
31 9691
41 9720
39 9728
9 9766
10 9790
4 9816
5 9833
18 9875
42 9885
23 9915
13 9946
48 9956
36 9993
34 10010
49 10042
38 10074
41 10084
13 10109
32 10126
18 10173
40 10183
23 10212
44 10249
6 10261
11 10284
11 10315
44 10345
10 10374
18 10390
48 10424
5 10434
18 10457
35 10489
1 10508
41 10540
4 10568
43 10584
8 10616
9 10632
11 10651
21 10696
37 10715
4 10747
34 10760
50 10782
16 10820
11 10840
35 10857
30 10877
42 10906
15 10948
18 10968
24 10979
37 11019
27 11036
14 11070
22 11097
30 11125
15 11126
22 11160
10 11180
10 11211
3 11238
