250
1.0 1.01 2.5 3.19 4.8
18 20
17 26
36 54
38 84
21 103
36 120
33 150
29 166
20 205
39 218
10 230
27 267
40 299
2 316
30 324
5 351
28 370
31 413
24 426
24 451
3 477
38 490
15 520
35 552
20 564
41 587
36 604
5 625
14 666
32 670
49 691
29 725
45 737
49 762
40 783
41 813
37 835
24 871
22 879
4 918
38 932
18 949
13 971
41 1009
12 1018
37 1055
24 1059
34 1084
24 1127
17 1142
16 1158
36 1183
48 1216
5 1239
6 1260
3 1281
12 1291
23 1323
1 1340
19 1360
47 1401
42 1417
38 1439
15 1468
23 1472
17 1497
37 1524
29 1563
49 1570
2 1594
25 1618
44 1645
23 1672
6 1701
31 1720
2 1728
3 1757
35 1791
39 1795
29 1831
11 1856
1 1869
7 1890
17 1912
34 1939
21 1966
15 1995
11 2014
2 2036
6 2054
43 2093
33 2112
39 2123
47 2140
23 2176
27 2207
17 2209
35 2243
20 2259
36 2296
33 2315
26 2333
30 2354
23 2378
28 2410
20 2435
16 2453
5 2481
16 2498
26 2521
27 2531
30 2559
24 2584
15 2609
8 2634
17 2661
48 2673
14 2706
21 2730
34 2756
1 2764
10 2796
10 2828
10 2852
10 2869
10 2882
35 2906
47 2936
35 2958
2 2977
28 3010
10 3016
9 3040
16 3072
46 3084
20 3119
28 3145
20 3171
15 3188
34 3207
49 3238
1 3249
41 3284
6 3289
9 3332
18 3335
50 3365
8 3403
37 3422
42 3441
49 3450
49 3492
18 3511
4 3526
7 3563
20 3587
9 3608
48 3615
45 3634
44 3669
7 3694
13 3706
33 3744
4 3766
18 3779
39 3795
4 3827
17 3850
23 3871
6 3889
10 3928
50 3956
9 3977
12 3987
37 4005
4 4034
45 4063
43 4084
2 4112
28 4135
46 4140
47 4182
24 4208
33 4232
46 4242
18 4273
8 4285
49 4314
19 4347
2 4367
32 4393
22 4407
6 4418
5 4455
5 4468
10 4492
32 4521
43 4544
9 4575
3 4586
13 4620
44 4628
26 4652
45 4686
7 4704
38 4723
28 4741
35 4770
38 4797
21 4817
31 4841
9 4858
25 4881
2 4917
5 4935
32 4951
25 4989
17 4996
24 5030
27 5053
14 5064
42 5091
15 5114
24 5135
28 5161
12 5198
4 5217
34 5231
19 5254
46 5281
8 5310
40 5329
20 5348
7 5377
49 5385
20 5416
1 5435
8 5463
23 5484
7 5512
27 5538
20 5558
48 5573
24 5612
10 5615
38 5641
33 5670
7 5689
42 5709
49 5749
