300
1.0 1.36 2.68 3.81 4.03
1 11
50 43
5 72
30 85
3 109
35 138
38 172
27 185
18 225
7 249
28 256
12 279
35 304
39 326
24 355
40 394
19 425
7 443
21 472
14 498
13 514
43 535
14 571
15 597
37 610
50 632
8 658
49 692
5 722
39 737
29 763
11 779
9 803
12 836
8 862
50 884
14 904
50 936
30 973
21 996
49 1008
12 1031
43 1069
44 1075
7 1108
45 1133
34 1168
21 1196
9 1205
31 1230
14 1250
46 1292
40 1308
37 1337
21 1373
11 1400
13 1402
32 1425
50 1473
12 1477
20 1511
34 1526
45 1554
9 1581
2 1618
41 1650
27 1661
13 1678
6 1717
42 1733
12 1760
31 1776
15 1806
38 1827
33 1853
32 1887
12 1908
18 1925
2 1965
40 1982
40 2000
15 2039
1 2072
48 2084
31 2117
17 2140
7 2162
8 2199
48 2225
44 2236
25 2269
24 2286
44 2316
5 2339
13 2360
28 2387
34 2425
37 2431
36 2455
34 2499
39 2501
5 2526
32 2571
34 2594
32 2619
2 2627
17 2663
9 2690
29 2701
42 2748
9 2750
12 2788
48 2815
39 2837
15 2860
40 2897
24 2909
17 2926
33 2953
7 2994
30 3022
14 3045
28 3058
25 3078
27 3111
27 3142
16 3161
3 3197
31 3200
40 3232
20 3272
32 3286
5 3302
11 3347
11 3351
19 3377
39 3417
22 3444
4 3466
15 3482
6 3515
1 3529
17 3567
22 3582
12 3601
11 3627
22 3674
29 3694
8 3711
50 3728
17 3758
41 3790
25 3813
39 3847
30 3862
49 3899
30 3920
25 3949
8 3950
11 3976
45 4016
23 4026
1 4058
13 4082
33 4107
5 4147
42 4160
36 4196
50 4201
48 4245
9 4258
17 4295
34 4320
26 4338
16 4356
35 4394
33 4411
34 4425
41 4457
18 4500
34 4519
25 4540
39 4551
32 4597
50 4611
48 4627
3 4671
4 4683
49 4700
43 4733
37 4755
44 4776
35 4806
7 4829
46 4852
49 4889
10 4906
38 4945
32 4965
45 4991
28 5003
38 5049
3 5059
1 5100
15 5111
8 5142
41 5158
15 5175
19 5221
24 5238
48 5273
29 5276
30 5304
24 5342
33 5363
43 5390
45 5416
37 5440
26 5459
29 5497
38 5519
14 5536
7 5557
42 5595
39 5624
26 5645
39 5660
14 5690
34 5710
42 5737
14 5755
2 5796
29 5800
46 5826
22 5869
24 5892
31 5909
42 5944
34 5973
43 5994
3 6022
10 6025
7 6074
14 6084
41 6107
14 6135
48 6161
45 6200
39 6222
21 6234
13 6257
26 6280
15 6309
36 6339
5 6354
26 6386
32 6420
45 6434
2 6451
6 6493
1 6501
26 6546
25 6559
21 6595
34 6607
46 6639
47 6664
37 6698
20 6720
8 6747
45 6760
3 6777
32 6804
49 6827
42 6854
4 6891
43 6900
23 6931
25 6973
37 6994
4 7015
33 7026
8 7056
13 7078
30 7118
13 7147
31 7153
47 7200
26 7222
50 7247
9 7270
33 7290
23 7302
47 7348
12 7355
17 7377
21 7402
24 7440
28 7462
29 7487
