500
1.0 1.19 2.71 3.83 4.73
38 1
42 39
21 62
12 98
24 122
42 149
42 153
37 188
1 207
2 233
38 267
21 285
24 308
23 331
15 359
47 382
34 424
25 440
44 464
37 485
7 502
40 547
16 550
4 581
42 611
36 643
25 655
41 693
21 725
18 727
35 750
23 787
32 806
3 829
1 855
48 878
40 901
39 930
22 951
29 981
8 1005
10 1034
18 1063
36 1084
29 1106
10 1146
9 1150
1 1194
22 1212
25 1247
18 1253
45 1277
25 1305
2 1346
1 1358
32 1396
41 1422
31 1426
45 1470
14 1496
2 1517
25 1534
4 1573
6 1592
50 1603
38 1631
1 1672
20 1696
39 1715
30 1738
7 1755
7 1783
44 1822
32 1835
3 1850
48 1887
18 1920
40 1929
48 1956
33 1978
2 2023
29 2028
23 2059
47 2084
15 2108
28 2147
25 2173
3 2199
6 2219
8 2236
21 2251
19 2278
46 2309
14 2350
28 2368
14 2385
39 2405
4 2447
20 2456
42 2496
25 2510
18 2527
38 2562
11 2588
35 2617
33 2642
28 2670
7 2678
40 2710
11 2731
14 2761
14 2782
41 2813
46 2843
39 2851
3 2887
10 2918
8 2950
20 2961
6 3000
41 3013
37 3037
45 3056
50 3079
37 3123
28 3137
49 3161
35 3197
28 3224
17 3237
22 3255
20 3291
5 3304
5 3339
1 3372
5 3375
5 3425
48 3428
25 3453
28 3493
9 3501
11 3543
9 3561
46 3575
21 3611
3 3645
3 3673
7 3690
5 3705
2 3730
14 3756
46 3779
3 3811
36 3837
48 3864
39 3887
36 3914
7 3948
18 3969
11 3999
13 4004
36 4037
50 4056
35 4099
3 4103
15 4137
12 4151
27 4194
14 4202
16 4230
46 4271
5 4287
47 4302
27 4326
39 4362
41 4396
23 4413
25 4431
47 4453
37 4476
49 4521
3 4546
25 4562
45 4580
6 4601
43 4629
23 4651
3 4684
27 4703
14 4738
37 4751
13 4795
42 4815
25 4843
36 4866
33 4882
14 4905
43 4939
41 4963
26 4983
12 5009
17 5025
6 5061
35 5087
24 5104
9 5129
4 5151
24 5198
14 5203
5 5241
38 5262
31 5291
25 5317
37 5349
11 5374
48 5397
28 5404
26 5439
47 5460
27 5492
44 5515
50 5550
30 5567
45 5587
30 5620
13 5639
34 5656
40 5698
19 5725
32 5743
10 5754
11 5793
34 5803
49 5844
8 5856
45 5887
40 5901
48 5949
9 5952
17 5991
34 6002
1 6049
8 6064
46 6079
42 6119
36 6132
11 6160
15 6178
6 6209
26 6234
21 6251
21 6277
34 6306
29 6347
6 6368
38 6391
46 6425
38 6448
8 6468
49 6485
26 6522
50 6532
33 6562
42 6598
41 6623
40 6638
29 6653
7 6685
7 6712
50 6747
25 6761
27 6800
3 6825
19 6832
9 6858
29 6896
29 6903
30 6925
49 6971
14 6987
25 7002
13 7027
31 7075
44 7083
45 7117
7 7128
18 7167
40 7182
46 7210
13 7226
49 7261
34 7279
47 7320
11 7342
12 7362
35 7375
32 7401
24 7446
47 7459
11 7483
43 7517
25 7544
30 7572
12 7575
30 7604
43 7642
14 7666
13 7688
33 7719
21 7735
31 7767
46 7794
46 7820
42 7825
47 7866
6 7889
13 7907
47 7929
50 7969
13 7981
1 8022
15 8038
40 8050
34 8085
42 8106
50 8144
46 8161
17 8198
31 8201
21 8242
44 8250
16 8275
45 8302
40 8338
4 8367
18 8389
25 8425
4 8449
5 8464
40 8486
41 8517
37 8550
3 8557
14 8576
3 8606
14 8646
49 8657
4 8699
2 8716
11 8725
9 8772
27 8775
9 8811
16 8844
19 8870
20 8890
19 8920
38 8950
12 8951
39 8977
27 9005
30 9026
34 9072
11 9075
22 9107
42 9126
32 9162
20 9178
39 9216
47 9231
19 9251
24 9280
14 9302
5 9325
5 9366
5 9399
15 9419
15 9439
1 9455
1 9477
10 9509
36 9546
1 9558
26 9580
18 9610
8 9639
31 9657
40 9675
50 9723
34 9747
40 9755
13 9794
50 9825
42 9830
27 9852
2 9890
37 9907
21 9928
15 9967
34 9981
7 10000
6 10046
29 10054
23 10097
4 10116
42 10148
50 10164
38 10197
41 10216
24 10249
17 10274
21 10297
5 10303
22 10347
42 10364
14 10388
16 10422
31 10436
25 10450
24 10476
6 10501
18 10528
16 10558
29 10595
29 10614
2 10646
35 10673
44 10695
44 10713
38 10733
5 10770
18 10790
11 10807
47 10830
8 10874
11 10877
20 10915
1 10932
31 10954
27 10987
1 11005
8 11030
26 11074
13 11075
38 11115
8 11145
43 11160
39 11188
46 11215
44 11242
29 11261
5 11297
15 11304
5 11329
20 11358
20 11385
20 11410
21 11450
37 11458
42 11492
33 11501
43 11534
15 11574
30 11598
48 11605
10 11629
49 11665
43 11686
48 11718
44 11746
41 11754
19 11789
34 11805
26 11850
11 11854
13 11888
49 11916
35 11935
37 11959
22 11977
14 12010
29 12047
44 12066
47 12078
11 12110
7 12145
2 12172
10 12182
41 12202
29 12244
37 12252
16 12298
22 12310
14 12346
24 12350
24 12375
43 12403
11 12428
45 12475
17 12499
