400
1.0 1.26 2.96 3.29 4.44
39 20
37 43
15 63
6 100
14 108
38 143
6 157
6 192
25 202
36 239
50 256
13 282
28 311
14 342
33 369
32 395
25 425
42 426
18 452
13 489
11 503
6 549
1 555
13 575
21 620
12 639
15 668
13 700
5 706
41 726
40 763
41 776
37 806
27 825
11 873
48 889
49 901
9 927
47 970
3 987
16 1001
23 1049
47 1061
2 1083
29 1109
38 1134
46 1160
18 1199
37 1205
6 1242
11 1258
38 1288
30 1318
32 1349
33 1363
6 1394
4 1418
42 1444
28 1450
24 1485
24 1506
48 1549
9 1550
35 1576
39 1606
45 1625
15 1663
35 1680
29 1712
9 1737
48 1753
1 1794
33 1816
37 1831
8 1870
39 1877
42 1902
48 1926
34 1963
16 1994
49 2005
20 2044
44 2064
20 2085
10 2116
4 2142
24 2154
46 2187
49 2207
41 2244
49 2269
6 2297
29 2319
34 2341
2 2361
20 2395
28 2406
23 2449
37 2462
33 2494
10 2523
30 2534
14 2561
33 2589
17 2625
39 2635
39 2650
16 2690
47 2715
15 2726
9 2750
36 2780
46 2819
10 2835
27 2855
24 2878
30 2900
43 2925
6 2954
29 2976
18 3010
28 3045
19 3050
11 3081
23 3101
25 3150
22 3174
40 3191
4 3220
5 3239
13 3258
20 3288
7 3313
23 3335
43 3352
29 3376
45 3422
39 3426
28 3451
12 3484
22 3508
33 3536
38 3564
5 3583
45 3605
14 3634
1 3673
25 3694
13 3706
3 3747
46 3775
11 3781
13 3824
34 3840
4 3857
13 3887
32 3921
17 3928
15 3971
44 3983
15 4021
37 4038
46 4067
28 4081
11 4125
15 4137
6 4160
1 4187
11 4217
3 4238
6 4255
15 4279
11 4322
35 4334
11 4372
28 4391
49 4414
16 4446
9 4471
11 4500
28 4501
50 4543
26 4566
49 4586
9 4604
28 4627
21 4665
22 4676
9 4708
26 4733
3 4753
12 4786
50 4815
31 4826
30 4857
23 4879
43 4925
28 4945
27 4957
31 4975
43 5005
45 5033
12 5064
18 5077
3 5106
10 5145
7 5159
10 5192
26 5200
50 5239
31 5275
25 5278
15 5321
1 5349
37 5372
6 5375
19 5424
31 5428
12 5460
1 5489
36 5503
7 5530
28 5563
41 5597
23 5615
31 5642
6 5654
49 5687
1 5701
47 5725
38 5763
13 5787
16 5800
46 5840
27 5869
40 5898
9 5920
44 5941
34 5969
15 5996
7 6018
13 6029
24 6057
44 6091
20 6123
49 6145
7 6155
45 6180
41 6208
48 6233
25 6269
47 6293
6 6316
44 6331
26 6363
9 6384
17 6417
7 6448
38 6455
28 6480
26 6507
26 6536
39 6552
39 6576
1 6618
8 6626
25 6665
24 6687
32 6718
27 6738
25 6763
32 6780
31 6821
25 6825
3 6862
33 6895
16 6907
50 6941
48 6974
28 6995
34 7013
1 7026
18 7052
27 7091
49 7103
44 7143
2 7168
1 7190
28 7211
32 7250
2 7256
7 7299
46 7311
9 7343
13 7351
35 7391
42 7410
24 7446
31 7454
38 7497
9 7511
49 7546
26 7553
7 7585
35 7600
45 7630
6 7655
35 7685
14 7719
39 7736
30 7754
8 7797
35 7806
34 7830
22 7855
30 7876
29 7909
13 7944
24 7965
34 7997
47 8024
29 8050
31 8070
14 8092
36 8116
5 8148
11 8157
35 8179
26 8212
5 8241
34 8270
9 8293
29 8316
21 8329
3 8358
13 8381
23 8404
18 8430
49 8473
45 8493
23 8523
6 8535
37 8551
11 8592
23 8613
23 8632
36 8650
8 8682
13 8724
39 8750
17 8755
43 8796
43 8824
44 8827
49 8864
13 8882
50 8925
30 8948
36 8961
29 8998
5 9013
36 9045
28 9054
4 9089
7 9115
48 9125
34 9150
32 9182
40 9212
29 9241
27 9263
35 9285
38 9317
25 9326
30 9353
24 9383
23 9423
5 9447
46 9466
50 9498
30 9509
46 9542
29 9567
9 9586
43 9602
38 9636
30 9675
39 9694
31 9713
25 9728
14 9751
11 9800
7 9819
42 9841
3 9857
12 9897
50 9909
47 9938
29 9964
17 9994
