400
5 213 219 4
4 65 76 10
9 329 347 6
6 109 120 2
10 178 197 6
10 164 177 7
1 109 112 2
5 343 349 7
8 382 392 9
2 138 143 9
2 92 102 9
10 262 282 8
9 192 210 1
4 152 163 5
2 201 204 5
8 96 107 5
10 395 415 1
3 130 135 4
9 171 183 5
6 393 404 8
3 52 59 4
9 239 250 2
4 262 276 10
4 294 308 9
1 306 315 2
1 194 197 1
4 239 249 2
6 221 230 1
6 119 126 9
3 242 251 4
5 219 233 7
9 274 286 8
2 171 183 6
5 306 321 6
1 47 49 4
4 58 70 3
1 321 326 10
6 232 239 4
7 176 186 1
2 155 164 2
1 127 138 7
8 233 248 10
1 116 120 3
5 74 86 2
7 361 376 4
7 170 181 2
6 143 152 3
9 122 139 9
5 182 192 9
2 32 42 9
2 245 252 3
3 195 203 9
2 152 158 10
5 112 119 3
4 237 246 3
8 311 322 4
2 183 191 4
9 286 304 1
6 171 183 4
2 269 281 7
6 278 292 8
3 65 71 3
9 117 131 2
6 217 233 10
2 250 259 5
2 300 312 2
10 206 217 1
9 305 323 10
4 266 271 7
8 197 211 6
4 12 26 8
1 393 396 9
2 185 196 8
7 369 381 2
7 133 146 6
7 135 149 3
2 348 354 7
3 101 108 1
4 365 376 3
1 382 387 4
4 186 195 3
10 214 230 5
5 249 257 10
7 278 295 4
2 165 170 4
5 393 403 9
5 254 268 5
6 353 369 9
6 101 112 4
4 179 188 1
8 385 400 6
1 182 193 7
8 333 343 8
1 8 15 10
7 231 247 2
1 362 366 4
5 179 186 5
5 31 45 9
6 182 189 7
7 385 396 6
7 171 186 9
10 315 333 7
9 162 178 8
1 224 231 3
7 379 389 6
2 131 140 9
9 287 303 8
1 44 52 3
4 344 356 3
4 330 341 6
5 244 250 9
10 11 27 10
8 134 152 1
7 326 343 3
10 325 338 1
1 178 189 8
6 187 194 10
3 300 312 10
7 88 101 3
4 388 399 3
1 252 255 7
8 257 267 8
10 224 238 3
4 297 302 7
4 77 86 1
5 25 31 9
4 243 252 4
6 275 286 7
8 180 194 5
6 219 227 8
3 119 124 3
10 297 308 9
1 166 171 8
7 234 247 3
4 400 413 7
4 15 22 6
6 71 87 9
1 237 244 5
3 355 359 5
3 171 179 6
10 77 97 2
9 7 25 10
5 389 402 2
2 177 189 5
10 220 237 8
6 286 294 9
9 251 267 4
7 263 277 3
6 11 26 4
7 151 159 3
4 282 294 7
5 353 360 5
5 332 342 10
9 103 114 7
9 264 276 4
5 212 225 9
10 71 86 6
10 67 85 6
1 392 400 4
3 326 333 10
9 15 31 9
4 48 59 9
5 193 200 1
1 347 354 4
8 73 91 2
7 306 319 5
3 103 115 5
8 136 147 6
5 220 235 1
10 304 321 1
8 79 89 4
9 51 70 6
8 139 153 7
10 349 367 7
4 110 118 7
3 80 88 1
6 171 181 3
3 80 87 6
8 201 218 5
4 101 108 10
7 227 241 6
7 300 312 10
6 214 223 1
9 214 224 3
8 133 149 7
3 71 83 10
5 248 262 3
1 264 274 9
7 41 49 1
9 150 162 4
6 22 35 7
8 49 65 3
3 178 187 8
4 270 283 3
6 148 155 2
6 165 177 5
2 390 396 7
6 52 59 9
8 183 196 6
6 122 138 1
4 153 158 5
5 252 263 5
4 36 47 9
5 84 94 9
5 290 297 8
6 45 59 3
10 352 365 6
5 24 36 5
7 211 222 6
5 58 72 6
9 321 335 8
3 60 66 3
3 132 139 8
7 329 340 4
3 26 35 1
9 340 351 4
6 248 259 1
4 80 85 1
3 322 327 9
6 21 36 7
8 180 191 1
2 194 206 6
7 77 88 3
7 245 254 2
4 95 100 2
8 69 85 3
6 160 175 8
2 89 101 9
9 108 122 1
6 254 268 10
6 80 95 8
10 372 384 1
10 64 77 7
1 33 44 10
10 2 22 9
7 173 182 5
3 257 261 8
3 309 315 10
9 156 174 2
10 41 56 5
7 36 50 2
8 174 188 5
4 353 366 3
6 108 117 3
7 318 333 10
5 224 237 2
1 296 304 3
1 299 303 1
1 3 14 1
10 145 158 4
5 293 299 5
10 252 270 1
7 249 258 10
2 151 154 6
10 333 352 4
9 51 64 7
6 292 299 3
7 197 212 3
1 373 378 1
3 53 58 5
6 218 232 8
7 97 109 8
4 274 285 5
1 24 30 3
4 112 122 2
3 32 45 8
10 122 136 8
9 352 365 2
8 234 248 7
6 262 269 10
3 400 409 8
8 35 46 10
7 238 254 2
6 10 25 9
9 107 125 4
2 213 217 10
9 145 163 6
1 304 314 6
1 399 405 7
2 27 37 10
4 391 404 9
5 188 200 5
8 305 321 1
1 123 126 3
8 374 386 9
5 4 17 8
8 134 150 10
5 233 239 7
3 130 140 3
6 206 221 10
3 195 206 9
5 59 66 1
3 18 26 6
3 333 345 10
4 205 219 3
7 245 261 9
10 56 76 10
9 231 246 5
5 170 178 2
6 124 138 10
8 380 395 8
1 321 330 1
7 93 108 8
1 6 17 10
5 177 185 4
5 288 294 9
6 125 135 9
2 311 319 2
6 205 220 4
1 152 155 1
7 46 55 6
8 324 339 3
3 340 347 7
7 224 235 4
10 133 153 10
3 3 16 9
3 380 384 10
8 139 150 6
6 56 69 4
5 361 375 1
6 202 217 2
9 80 92 3
10 138 157 8
8 41 53 6
9 130 140 9
10 82 96 10
9 353 369 2
7 202 219 6
2 90 97 5
3 183 188 3
5 291 300 2
1 257 262 7
1 87 98 9
1 4 7 5
1 212 216 3
7 290 300 3
10 45 60 4
10 222 235 7
7 153 161 2
8 370 379 8
1 194 200 8
9 122 138 10
2 279 285 5
2 326 333 4
9 42 56 5
10 173 191 6
6 291 306 2
6 229 239 9
6 396 405 4
7 75 90 4
10 274 292 6
9 369 386 9
9 266 281 2
1 171 176 8
6 378 391 6
1 369 378 10
10 316 329 9
4 160 167 1
10 159 179 6
9 265 278 2
2 309 318 5
1 208 219 8
5 261 267 10
10 351 368 1
7 251 267 5
6 96 111 6
4 67 73 7
10 54 72 9
5 338 351 8
1 165 173 2
6 365 375 2
1 358 366 8
6 368 381 8
1 196 202 5
10 8 23 4
4 2 7 6
4 58 72 6
1 386 394 8
2 186 198 10
10 367 382 1
1 180 189 3
7 196 208 6
3 134 143 1
9 290 302 9
5 84 96 5
1 31 34 2
3 323 334 7
6 209 223 10
8 270 287 4
9 119 134 7
7 165 176 3
8 369 384 9
4 105 119 4
9 322 340 2
5 225 237 3
5 341 350 4
2 263 275 7
8 150 165 8
2 268 271 9
8 68 80 8
