200
9 68 85 10
2 64 67 2
3 25 36 8
4 12 17 5
10 10 24 10
7 174 185 2
7 47 64 3
3 177 186 10
6 185 194 7
9 160 171 10
9 95 113 8
7 173 188 1
3 5 18 5
4 107 113 8
8 8 26 2
5 116 122 2
9 4 20 7
2 28 39 5
3 126 134 3
5 68 75 9
6 178 193 7
9 64 81 3
6 182 198 9
5 185 194 6
6 173 188 6
7 75 84 3
9 142 158 3
2 56 64 4
3 186 191 7
7 180 195 7
9 81 94 6
7 23 35 10
5 85 95 10
4 102 113 5
2 38 44 2
1 122 129 10
6 20 35 9
8 183 199 8
3 152 156 3
6 94 102 2
8 4 21 3
5 196 207 10
10 150 167 2
6 105 118 4
3 17 27 1
2 58 63 3
2 20 24 10
2 184 195 10
10 33 53 1
10 6 19 6
7 159 170 9
1 38 47 2
7 153 167 7
9 181 192 4
2 85 96 5
8 2 15 8
8 21 30 10
5 36 42 10
2 49 52 9
1 177 183 1
5 75 85 7
4 183 193 5
1 50 52 5
4 151 163 6
8 119 134 4
4 77 86 6
2 43 46 3
2 169 172 3
1 176 187 10
2 121 124 7
9 27 43 2
8 21 32 2
4 88 102 9
1 17 20 4
3 78 90 7
5 183 190 7
1 183 192 8
1 42 45 3
9 105 121 9
3 28 34 2
4 96 109 10
6 65 75 8
1 25 29 4
2 146 153 5
4 169 179 3
3 19 23 2
2 44 53 6
5 13 19 3
3 150 162 9
7 53 63 8
7 165 178 1
3 179 189 4
6 13 26 2
8 12 28 9
3 43 54 4
3 40 52 3
1 66 75 4
2 140 144 6
9 154 164 6
7 121 136 2
3 68 74 1
5 172 180 10
4 47 58 9
5 60 74 4
10 102 119 9
8 39 49 3
5 87 98 9
8 141 150 9
2 125 130 6
10 11 22 9
3 103 107 7
5 154 164 8
5 183 192 6
8 53 62 9
5 101 114 8
7 95 103 1
3 153 160 7
1 162 169 10
5 36 44 8
2 89 98 3
5 120 126 3
8 15 25 7
4 3 13 1
6 62 74 8
1 192 201 7
1 17 26 2
3 174 180 9
8 58 71 7
6 119 126 2
10 77 93 10
6 113 127 9
7 82 98 6
8 25 34 6
4 55 67 3
8 156 167 8
3 12 22 4
10 100 114 6
3 46 59 2
9 89 107 5
3 117 121 7
8 173 184 8
9 117 129 9
6 126 140 10
4 192 205 9
2 56 62 1
9 58 77 1
4 161 171 3
8 84 94 4
4 131 136 2
3 131 141 6
9 37 53 6
4 62 69 6
6 154 165 3
4 107 121 3
8 137 150 8
4 130 143 7
4 172 177 10
9 151 165 8
1 17 24 8
6 109 125 1
6 68 76 8
8 70 79 2
7 162 179 8
4 84 95 6
8 39 52 6
1 188 195 6
6 129 139 10
10 13 26 1
8 11 23 8
2 158 166 5
9 92 107 9
4 109 123 3
5 117 130 6
9 176 195 5
2 150 156 4
2 80 85 3
3 74 87 5
5 64 77 5
5 118 131 7
6 83 93 10
5 198 208 4
1 108 110 1
7 128 139 8
4 100 110 10
2 182 188 9
5 111 121 2
9 144 162 9
5 14 23 5
8 113 129 5
1 199 204 5
1 182 190 7
8 193 205 1
7 42 57 4
8 9 27 5
3 12 25 9
7 64 72 8
7 38 54 10
3 90 95 9
10 144 162 4
5 32 47 6
