450
8 30 46 1
1 188 192 4
9 7 25 4
10 443 461 7
4 91 101 6
5 78 93 3
3 329 341 9
5 400 414 6
2 364 373 9
4 431 442 2
9 144 162 4
5 36 48 5
8 393 407 7
1 436 444 6
4 61 73 5
5 347 362 9
8 32 42 2
1 312 315 4
9 53 72 9
2 281 286 8
4 368 374 10
3 311 322 2
6 334 344 7
6 163 178 3
10 269 281 3
3 378 387 9
2 407 415 9
10 247 260 2
8 217 230 3
8 416 426 5
5 357 365 1
3 249 258 4
8 449 466 6
4 155 166 7
4 385 399 4
7 193 202 9
10 287 305 3
3 319 325 8
7 99 107 4
6 25 40 4
7 253 269 10
4 277 289 10
9 376 386 7
5 336 351 9
5 45 55 7
1 365 371 8
5 449 458 4
1 220 229 10
2 204 216 5
8 229 241 2
2 258 263 8
3 201 206 1
6 168 175 5
2 288 299 7
5 274 283 7
5 53 62 3
5 313 319 10
8 444 453 5
6 134 147 4
10 336 347 5
9 290 302 8
6 29 39 1
3 261 270 2
7 133 142 1
10 287 303 9
8 288 304 9
1 295 305 10
3 144 154 1
4 66 77 10
5 20 31 1
2 261 270 7
7 295 311 7
3 17 23 6
1 275 280 8
9 192 209 6
7 422 439 3
3 279 291 7
8 284 301 6
10 24 37 3
3 47 53 7
8 440 457 3
1 104 114 7
8 200 211 10
7 207 221 9
3 382 389 1
10 234 254 2
3 261 265 5
4 370 376 1
2 182 193 2
1 87 91 2
6 182 198 3
2 176 181 1
7 424 432 2
1 142 148 10
10 193 205 1
10 120 137 7
8 222 233 8
9 169 187 9
6 229 239 8
7 146 162 1
3 188 200 1
3 199 212 8
4 43 55 6
9 160 170 6
2 252 263 10
7 93 104 9
7 3 16 9
3 142 151 5
5 53 62 6
10 311 328 4
5 262 273 2
5 44 52 4
2 437 441 2
2 338 349 4
9 5 20 3
6 147 163 7
1 337 340 10
3 101 107 6
9 257 270 4
5 349 361 2
3 431 436 7
8 159 176 4
6 432 448 4
4 352 365 10
6 397 404 8
7 337 351 4
6 441 452 8
2 428 431 9
3 196 204 9
3 202 209 3
9 315 331 4
3 335 342 8
10 431 446 4
4 192 205 2
4 388 402 4
4 288 299 9
8 450 467 4
10 50 62 10
4 99 111 3
6 83 91 4
3 414 427 8
10 397 412 4
7 225 233 6
7 430 440 6
5 138 150 10
8 65 81 7
1 249 254 1
1 77 81 9
2 424 428 4
9 291 305 5
1 20 24 4
9 128 146 6
2 308 313 7
3 81 91 6
9 354 367 2
6 266 276 2
8 150 161 6
1 35 38 9
10 68 79 4
3 211 215 7
8 437 449 5
3 419 423 6
6 145 157 4
10 29 41 10
5 287 297 3
7 117 130 10
6 71 86 10
3 284 288 5
3 22 34 7
4 97 110 9
4 359 373 9
6 13 24 9
3 119 129 10
8 412 427 2
9 202 221 1
9 442 452 4
1 383 387 9
4 219 231 9
2 76 83 2
2 377 386 2
1 55 62 3
10 21 33 3
6 44 59 5
6 5 14 5
3 122 135 2
2 417 421 10
9 279 292 5
8 53 66 3
9 363 377 7
9 171 182 9
10 19 33 6
5 301 307 10
1 436 445 9
7 324 337 10
9 297 307 4
7 346 362 9
3 66 79 8
2 375 378 2
3 406 418 8
4 446 451 5
1 258 260 4
5 352 366 6
8 93 108 1
1 233 237 8
9 212 227 8
5 22 32 3
3 75 87 5
3 296 305 6
2 420 431 9
8 220 237 5
2 62 73 2
8 203 220 3
8 356 367 9
6 427 440 1
3 5 15 3
6 118 131 3
10 346 360 6
2 220 227 3
9 415 431 9
3 299 312 3
10 77 94 1
6 327 342 6
5 132 147 6
1 302 313 6
1 55 66 9
10 317 335 9
4 77 91 2
8 154 170 2
9 78 91 1
1 99 105 1
1 331 336 8
8 93 106 3
6 37 46 3
1 234 237 1
4 244 251 2
5 345 354 3
9 186 198 3
1 447 451 6
2 51 62 2
9 294 307 10
7 353 367 4
3 102 110 9
7 333 344 7
5 303 313 4
10 3 15 4
9 194 209 7
2 316 323 4
2 234 244 4
3 228 232 10
8 260 274 7
5 275 283 9
4 35 45 4
7 52 60 5
10 374 391 6
3 289 301 5
9 64 80 3
2 421 429 10
10 434 454 9
7 267 279 3
1 39 43 9
5 183 191 2
4 429 443 5
8 342 359 2
10 343 362 2
10 201 216 8
4 145 151 8
1 38 40 5
6 200 210 10
3 352 364 3
9 370 380 1
3 256 260 7
7 38 54 8
2 248 256 4
8 267 283 6
9 401 414 3
9 365 375 4
7 122 132 8
7 256 271 2
7 365 375 4
4 120 126 1
10 159 174 4
8 203 221 4
4 147 154 3
5 217 232 10
9 148 159 3
3 429 438 3
10 246 266 8
8 173 185 3
5 208 220 3
1 93 100 1
2 173 177 6
8 301 314 5
2 323 326 5
1 211 215 7
4 400 412 10
6 432 448 1
7 78 92 9
5 118 132 3
5 50 64 2
8 17 35 9
10 118 132 1
7 195 203 6
2 284 289 2
9 361 372 7
2 127 131 10
5 217 231 5
2 24 29 8
2 238 245 9
5 125 135 3
4 197 206 2
2 115 126 1
1 446 452 8
9 80 91 1
4 370 382 2
4 362 373 6
2 162 172 3
2 224 227 2
4 278 289 9
8 48 63 9
4 396 404 4
10 94 107 8
7 312 323 1
1 291 297 3
2 94 100 4
9 195 205 10
4 217 231 9
5 262 273 8
1 128 134 6
9 429 447 9
4 189 197 7
5 244 257 8
9 380 399 8
3 163 176 1
10 405 420 1
1 179 185 8
6 418 431 4
3 302 313 6
3 68 81 6
6 146 157 7
6 57 68 8
6 402 417 3
10 255 273 1
2 60 66 1
7 79 95 2
5 139 148 9
4 425 431 3
8 310 328 6
5 170 184 10
10 60 80 10
5 120 129 8
3 272 278 7
3 135 148 4
4 389 395 7
5 59 74 2
8 377 395 4
10 250 268 3
2 271 276 7
3 397 406 6
1 424 432 9
1 99 102 8
2 294 305 5
2 227 232 9
1 9 14 7
1 158 168 7
6 62 69 2
1 52 60 6
6 67 80 5
9 57 71 1
7 99 110 1
5 140 147 10
1 443 450 8
2 410 417 3
3 283 289 4
5 96 102 10
4 40 49 8
9 54 69 3
5 359 373 4
5 157 166 9
8 403 419 7
3 377 386 1
3 129 137 2
7 194 211 6
3 142 147 9
7 425 440 1
2 53 60 10
3 269 277 8
7 395 411 3
4 5 10 10
10 330 344 10
10 337 350 1
1 111 117 4
1 114 120 6
7 434 447 5
1 347 353 7
2 124 128 6
4 19 30 4
5 41 47 4
10 438 455 5
6 74 84 9
6 316 330 4
6 361 374 7
9 385 395 8
3 141 152 6
8 327 341 9
10 77 93 2
9 204 220 5
8 385 401 10
1 141 146 7
9 67 85 4
8 132 144 6
7 318 329 10
9 100 110 5
9 209 228 8
2 164 171 5
7 71 80 9
8 52 69 8
10 296 316 10
6 445 459 3
8 19 37 10
5 395 403 6
3 314 321 9
5 70 76 10
1 266 273 7
1 389 396 8
10 259 272 6
7 339 350 9
2 349 357 3
9 182 199 7
10 411 429 10
10 165 182 2
10 243 258 4
1 61 70 5
7 49 62 4
10 387 402 10
10 102 121 9
7 314 324 10
10 175 194 7
6 367 378 1
3 403 410 5
2 189 194 6
9 25 44 3
5 384 396 8
1 97 102 7
3 9 21 2
8 242 260 7
7 351 359 2
3 268 274 6
8 216 231 9
9 160 177 8
8 169 182 3
