500
1.0 3.07 2.3 3.88 3.19
7 455
9 354
7 309
21 518
19 263
23 971
22 896
10 1109
4 102
22 398
20 115
5 460
5 685
3 1117
16 378
11 205
6 918
17 307
16 575
13 152
25 23
5 910
23 138
17 1246
19 927
12 967
8 948
19 654
15 645
8 714
11 701
24 66
18 506
15 1135
21 845
23 271
10 864
6 288
3 743
3 441
6 507
23 737
4 465
20 1079
25 115
24 14
25 316
13 1122
17 144
17 912
2 1076
19 115
20 591
24 909
17 654
15 1196
23 1172
13 689
8 1167
19 896
6 329
14 883
21 622
18 788
19 1240
19 313
16 659
12 984
22 458
17 248
6 245
22 1007
1 249
18 14
25 1270
17 1155
11 1235
20 777
24 864
22 1188
15 778
24 154
7 779
9 165
5 152
15 817
3 1104
15 871
7 140
18 591
17 1120
5 699
14 904
8 4
4 300
6 1105
5 899
14 505
14 749
1 42
13 758
22 305
13 528
17 804
5 192
2 1130
4 372
10 367
10 1079
7 1022
1 834
6 1139
19 894
6 394
10 1156
8 523
23 1103
13 1075
10 110
25 373
16 287
18 244
19 356
18 368
11 237
24 413
15 333
17 1009
13 625
2 1085
15 1245
14 699
3 870
12 452
13 58
10 158
10 842
15 542
7 739
16 830
11 12
16 297
11 1172
19 989
22 1198
14 354
7 1103
2 1270
25 1191
6 1098
20 1072
20 809
24 564
8 853
23 75
16 741
2 231
7 645
2 994
16 1102
7 330
8 1174
25 150
11 994
17 374
20 909
6 154
2 1016
11 881
22 820
25 102
4 989
15 450
2 186
2 920
3 157
19 326
16 816
19 323
13 500
19 1202
8 839
15 479
10 615
21 311
9 62
11 321
21 312
8 489
4 566
13 983
16 1119
8 1113
22 823
5 980
2 514
7 141
2 1154
4 130
9 339
21 84
1 1227
18 806
7 674
2 340
13 569
15 819
13 667
23 1006
8 676
11 100
6 490
24 13
12 636
25 359
10 150
17 14
19 1132
21 902
8 746
10 939
12 443
13 482
25 26
2 164
7 1046
10 657
5 852
7 393
11 1249
19 752
7 1230
25 256
12 176
2 150
2 405
2 636
18 302
7 602
11 401
7 777
21 770
6 1154
20 562
15 1036
24 633
10 1023
14 478
5 480
22 407
2 805
4 1118
24 1197
4 755
8 817
21 419
23 507
12 646
7 1162
14 181
9 6
3 806
10 1132
1 275
19 414
1 1255
1 889
15 466
18 514
23 1196
4 382
6 199
1 877
5 542
9 72
24 20
2 1040
6 147
18 574
15 1122
13 1270
14 253
25 22
25 198
20 399
15 1136
20 371
19 378
18 1263
4 53
24 1266
5 852
16 290
18 1050
13 438
7 309
2 338
9 1085
11 1237
9 343
23 132
19 142
19 737
12 1074
13 1253
4 448
24 193
2 907
8 67
3 397
12 1270
8 374
20 384
4 1140
17 359
5 1140
20 844
8 223
3 269
23 1140
1 614
20 449
14 698
14 784
1 928
19 864
25 350
21 1185
24 855
25 472
5 329
9 238
11 65
16 524
25 1195
20 520
25 720
9 284
6 572
4 1013
4 90
17 908
23 534
5 265
5 560
18 57
5 1160
13 61
4 1114
9 522
5 214
19 421
11 1114
16 846
2 1093
16 247
24 313
21 537
3 185
23 315
23 502
18 821
21 1099
2 562
2 626
25 566
21 228
21 1046
11 610
15 961
10 1015
12 532
1 167
20 393
23 108
8 401
13 640
5 1140
1 1230
23 13
17 105
12 775
10 1069
6 226
2 94
21 552
20 425
11 323
3 1131
13 822
4 1106
3 1052
11 332
6 801
15 94
4 1057
24 221
22 1090
6 944
21 700
6 128
9 37
11 1254
14 182
14 847
17 489
13 295
21 1118
23 108
14 1176
17 1231
17 352
13 1118
14 1248
12 655
9 948
25 1254
21 977
9 1234
4 1206
11 84
16 1083
3 416
20 1167
11 297
11 11
6 3
25 126
21 1168
23 934
3 501
12 468
21 1167
1 1224
11 275
16 248
23 256
15 923
15 1215
11 355
13 646
25 279
2 502
2 106
11 1252
18 253
2 62
3 710
18 1063
22 1033
12 243
25 33
3 188
23 1087
15 389
22 254
12 981
2 1116
17 838
15 608
11 262
8 929
4 362
3 891
3 459
5 1062
3 1055
3 951
2 604
14 633
2 519
20 194
10 932
21 89
6 377
15 835
13 513
21 845
1 1158
7 633
23 505
9 56
5 820
1 280
11 1072
9 884
6 1043
25 1067
10 1068
13 935
1 1218
6 614
15 103
6 489
20 482
1 194
4 15
16 497
16 165
21 303
