350
1.0 2.41 1.71 3.49 3.96
4 221
13 142
25 746
24 64
9 364
22 429
13 672
18 7
14 333
15 57
24 623
14 378
10 671
11 777
20 128
10 676
21 820
6 286
19 142
24 611
22 548
12 235
1 596
6 15
12 738
18 522
2 667
4 53
20 94
22 671
16 700
16 223
16 743
1 224
23 508
12 238
9 155
3 787
15 496
12 424
11 760
14 287
14 93
22 412
17 193
16 542
1 820
8 254
10 371
19 734
7 611
6 452
8 428
22 439
19 425
4 28
8 476
17 752
8 165
24 646
9 295
2 91
3 502
8 461
23 567
20 470
4 479
19 781
24 272
5 527
25 735
25 655
3 180
22 274
7 617
10 543
20 190
6 334
16 437
25 523
8 154
8 227
19 636
25 227
10 56
10 837
9 292
17 559
9 320
6 229
4 569
13 193
10 622
23 645
3 324
11 59
3 703
11 237
12 784
15 479
14 738
16 128
25 476
13 178
16 478
13 29
25 477
13 603
15 815
1 797
1 776
9 467
15 319
15 702
22 728
11 322
22 254
19 540
1 28
8 772
21 759
16 535
15 584
14 285
21 634
19 207
19 19
25 265
7 41
13 86
19 511
6 551
15 17
13 5
13 162
13 456
25 822
2 162
23 25
2 464
15 287
15 271
18 682
19 492
2 505
11 458
21 144
8 831
17 459
21 831
22 17
2 328
5 328
6 492
10 549
6 44
23 184
6 817
7 400
4 787
20 616
13 518
12 484
13 109
2 646
15 34
25 567
7 203
2 816
19 106
19 362
15 797
22 468
18 269
2 700
5 731
1 204
25 42
24 554
22 720
5 41
8 490
1 63
23 599
7 679
25 173
8 774
20 73
7 628
20 359
21 686
19 373
21 746
4 1
16 625
14 333
15 549
8 56
12 439
5 352
11 667
17 754
5 238
23 370
19 655
6 415
4 590
16 666
17 455
19 369
18 272
24 554
4 37
19 1
3 136
12 748
21 656
10 307
14 373
20 790
12 330
1 247
15 336
7 78
1 414
15 463
12 674
3 308
11 574
16 623
18 641
8 664
8 352
21 492
18 259
12 189
20 22
13 419
16 753
18 474
1 660
17 269
11 180
22 459
23 539
8 694
22 187
5 566
17 645
6 2
25 61
6 16
17 341
16 586
4 216
16 574
23 30
23 26
10 67
8 149
10 41
13 247
18 146
9 598
4 464
5 787
22 175
7 653
10 402
16 481
20 345
18 552
3 405
4 707
25 160
24 605
18 108
19 505
3 730
10 432
18 621
17 526
18 541
24 391
13 55
20 507
7 522
4 167
15 103
6 673
11 398
25 229
14 797
3 592
2 392
5 153
17 523
25 350
2 466
24 51
22 180
19 368
2 241
15 165
1 219
24 667
8 46
20 15
24 48
18 680
18 188
24 486
15 464
12 504
25 694
5 218
17 588
12 77
7 742
11 168
9 19
5 205
21 37
6 834
12 42
7 688
16 503
23 460
1 452
7 582
7 746
20 756
19 334
6 53
1 434
15 536
22 813
10 590
17 228
12 582
19 157
9 445
5 421
9 597
25 753
18 251
15 154
8 446
13 236
15 246
