250
3.8 1.01 1.0 2.82 1.84
8 290
12 513
11 293
17 296
17 309
11 557
8 540
22 388
16 489
22 27
23 384
2 505
10 97
5 177
20 570
5 440
20 262
12 297
15 264
8 330
13 484
9 209
9 330
6 74
14 400
21 63
23 16
15 216
19 110
6 17
4 92
19 15
5 462
4 206
24 555
5 342
23 258
9 395
15 358
25 137
16 111
18 498
20 512
25 91
3 557
17 83
11 184
10 270
21 453
8 380
1 143
13 538
8 345
18 234
3 568
22 426
23 271
20 11
24 501
20 355
12 493
6 24
3 110
7 536
12 128
12 173
20 142
23 377
11 475
18 516
18 97
7 275
25 548
17 557
12 448
16 45
8 358
10 398
18 478
17 281
21 65
11 360
11 457
18 129
17 309
2 55
4 188
18 460
11 182
4 102
13 113
6 52
16 268
2 508
6 533
5 382
6 444
19 542
2 168
4 67
14 376
22 522
19 465
25 16
19 17
25 423
13 5
10 142
2 348
3 501
15 528
24 543
25 169
22 445
10 285
4 477
19 396
24 408
5 129
12 127
6 57
25 548
23 87
3 488
21 108
14 549
7 214
10 193
6 295
12 422
13 123
2 380
23 236
7 194
19 177
6 230
25 72
22 154
7 327
15 449
21 102
8 374
19 342
20 234
12 520
11 563
13 395
4 488
11 448
20 123
13 243
12 43
17 292
21 143
25 508
14 409
23 158
5 404
10 235
21 349
6 17
2 151
10 45
10 386
18 234
20 311
20 536
8 338
23 371
20 114
11 124
10 221
14 352
14 350
15 256
11 220
7 337
20 373
22 458
20 288
7 28
21 262
8 305
10 83
17 0
17 231
22 444
1 302
5 91
11 553
25 223
25 537
2 230
22 140
7 140
18 508
3 232
7 360
19 33
14 322
8 102
15 243
22 450
1 330
10 305
18 419
21 61
4 214
10 9
19 565
16 450
7 243
6 527
25 264
3 379
3 7
5 240
16 144
9 361
20 446
6 107
23 552
22 244
2 284
24 47
7 96
22 289
23 165
1 363
10 285
14 237
13 342
2 362
14 438
8 342
17 526
5 296
11 331
24 479
11 350
11 214
17 210
22 109
17 481
12 297
1 95
19 40
16 183
2 84
20 400
