100
1.0 3.44 4.32 1.6 2.44
3 64
7 63
19 118
7 128
21 59
15 12
15 26
3 177
20 87
8 61
24 175
19 100
7 12
11 128
24 73
2 178
12 18
10 114
20 134
5 83
14 62
20 93
22 87
9 99
11 183
24 140
11 168
24 166
18 68
10 7
6 145
25 18
19 180
10 123
6 19
14 37
7 81
19 152
9 144
6 167
24 136
23 66
9 33
10 178
8 170
7 171
13 109
18 70
11 73
15 171
25 169
8 53
11 7
5 13
3 21
19 86
22 40
3 13
21 187
12 14
14 149
5 177
15 81
23 185
9 184
20 184
20 147
1 50
5 79
24 192
9 34
15 76
6 116
4 153
24 66
6 106
10 59
12 165
13 23
6 147
3 39
5 71
2 120
22 34
11 57
16 2
19 101
13 28
2 80
3 101
8 185
22 69
17 163
14 129
10 198
16 110
3 197
7 78
6 38
10 74
