200
4.85 1.8 2.66 3.81 1.0
15 372
5 50
8 19
14 245
21 157
23 123
20 350
16 199
11 421
14 262
19 242
18 141
3 355
5 317
5 48
24 28
18 261
21 136
13 291
15 161
11 400
5 77
10 369
7 402
2 18
7 173
6 290
6 72
5 388
7 138
1 165
6 325
8 402
19 8
3 163
5 332
14 219
23 93
15 437
14 133
2 157
7 302
25 64
4 282
2 429
7 419
4 27
17 87
1 35
23 294
18 84
2 210
20 298
13 435
19 147
19 62
18 278
1 258
10 57
11 7
20 25
17 358
7 412
2 245
17 154
5 0
6 326
22 295
2 430
8 425
1 35
14 32
2 287
13 39
15 187
3 213
10 65
7 77
2 260
20 147
3 273
15 89
3 161
24 2
18 185
23 74
15 311
21 431
13 5
25 83
12 324
22 35
8 315
20 186
22 1
12 53
7 136
15 154
4 80
3 96
13 101
24 29
24 421
11 162
18 188
16 239
9 321
5 155
7 317
14 427
7 290
25 105
19 326
11 304
22 151
22 391
18 51
24 13
23 386
17 358
18 390
23 209
11 413
2 6
11 284
17 369
24 245
23 19
18 83
5 338
12 380
3 144
6 180
4 279
24 361
2 228
1 222
23 17
9 343
18 213
22 46
8 16
18 27
14 154
16 46
7 239
23 120
21 275
1 119
5 113
7 437
18 414
5 158
22 280
11 64
8 103
7 268
20 345
20 42
2 93
9 239
14 313
3 234
18 326
20 303
4 287
5 159
14 338
18 228
17 8
23 332
24 58
18 418
13 432
19 52
13 425
17 426
22 256
3 377
16 123
18 106
13 72
16 442
23 56
17 361
11 28
24 361
17 283
3 206
20 322
14 412
14 413
22 418
16 101
10 365
24 64
11 342
7 138
5 169
18 57
