150
1.0 3.44 3.52 1.78 3.57
14 123
22 63
4 278
3 105
7 200
21 50
4 152
7 162
8 282
25 279
14 161
4 70
2 177
5 289
11 278
12 15
13 309
19 67
10 146
21 188
8 166
14 19
8 78
3 99
11 27
20 185
18 128
25 176
13 217
25 1
19 276
17 72
22 77
5 78
24 160
20 207
20 135
6 283
4 177
9 315
3 267
19 294
16 256
1 266
15 35
25 310
7 60
20 76
15 145
7 77
7 260
22 9
3 161
20 132
7 15
9 158
6 160
10 284
5 211
4 119
25 31
7 166
5 89
2 208
8 300
11 250
12 202
8 129
8 287
13 192
19 8
18 11
25 171
22 245
17 37
3 79
21 257
20 105
25 179
17 95
20 184
24 65
20 121
10 5
8 42
14 201
13 192
24 111
14 75
3 204
12 245
21 286
7 92
24 295
9 197
7 191
20 24
21 173
5 188
10 115
24 213
13 87
9 17
11 272
4 59
3 89
17 273
6 253
2 307
10 293
13 145
16 102
5 252
7 88
17 28
20 227
5 243
2 183
9 292
24 65
23 184
18 103
23 61
3 183
5 278
13 138
21 222
14 1
19 98
14 73
25 30
12 66
8 83
22 178
10 251
5 131
5 181
3 113
21 297
6 164
2 227
18 131
11 145
24 146
15 23
9 207
21 199
4 13
6 217
24 191
