300
4.57 4.99 1.35 1.0 2.7
19 544
18 676
24 28
17 435
11 344
10 599
8 250
3 27
7 420
15 315
14 619
12 617
1 156
13 152
25 137
13 367
18 194
13 424
4 595
21 695
2 437
1 231
19 496
24 692
6 690
18 193
12 198
20 583
22 414
8 256
3 191
1 401
21 478
19 358
20 545
16 458
17 315
5 264
23 514
14 166
2 454
20 370
3 474
17 503
9 117
18 57
7 77
18 216
7 309
11 593
11 210
9 159
8 659
12 351
11 643
17 333
7 565
11 282
9 208
21 51
13 304
24 141
7 287
9 28
22 315
17 246
6 691
11 697
2 317
13 690
9 605
22 623
15 388
8 574
12 607
23 65
20 659
5 208
23 564
11 27
25 15
5 231
2 495
19 568
14 646
6 289
13 618
10 665
1 65
20 137
22 268
2 122
15 89
13 323
19 79
23 308
25 283
5 275
15 102
23 65
19 616
6 292
3 490
21 26
10 490
17 659
20 546
25 411
11 357
2 388
2 372
18 469
19 48
18 86
14 191
12 400
5 263
18 317
17 273
25 0
8 607
10 705
22 628
9 424
18 497
17 692
6 463
14 438
24 632
5 281
11 349
25 568
9 465
15 325
6 134
17 444
2 539
7 362
13 651
4 116
18 416
2 189
6 174
22 96
8 476
11 378
10 398
24 481
18 658
2 85
11 577
4 403
1 626
17 705
17 19
18 666
6 578
6 307
2 563
4 127
18 235
15 439
7 42
6 494
5 432
23 96
2 347
10 584
13 509
3 8
19 240
17 309
12 239
21 417
5 36
21 56
21 103
7 20
19 186
20 468
20 671
7 517
2 112
16 454
4 287
18 409
18 86
20 675
18 226
6 63
16 522
1 165
3 293
23 547
9 138
6 196
22 130
17 37
1 671
12 550
1 72
8 435
13 400
7 5
10 560
16 329
20 622
6 456
13 386
2 480
16 370
11 651
17 271
19 648
10 433
23 1
7 587
11 373
15 301
2 180
11 661
12 73
23 369
11 179
18 53
5 490
22 567
11 593
3 64
6 462
11 320
14 97
11 368
21 575
20 385
22 273
5 393
5 655
12 139
22 505
23 36
6 458
8 52
21 403
18 137
17 482
23 107
24 192
17 401
20 22
9 487
13 325
21 127
23 354
8 489
25 116
12 524
9 495
6 94
10 209
13 577
14 465
7 691
23 79
1 537
21 133
10 230
25 141
23 125
2 231
9 352
14 407
20 25
20 573
8 353
11 92
14 395
1 246
5 263
12 464
8 544
19 63
19 387
8 480
4 411
11 561
7 190
24 366
25 606
7 592
16 304
14 551
20 601
10 466
21 293
2 566
22 694
23 101
16 156
7 525
