450
2.22 3.56 1.0 3.78 4.61
19 852
18 844
14 585
23 290
16 530
24 653
6 148
4 17
10 54
1 858
25 342
21 5
13 1021
18 80
13 114
14 1010
1 762
9 733
24 49
14 872
11 595
15 911
12 732
14 1031
23 722
13 559
9 919
18 477
11 468
14 1034
4 410
16 988
7 841
8 865
13 1033
8 792
2 79
11 529
16 585
2 293
3 339
13 905
4 1033
12 973
6 263
6 299
5 890
11 838
24 542
23 814
19 1085
12 606
18 38
8 810
17 445
3 695
4 600
14 1101
10 17
21 963
7 473
5 578
17 134
14 195
20 883
23 1099
24 808
8 258
6 731
7 578
10 376
6 863
24 661
15 1087
23 829
3 1041
13 1082
4 967
24 277
4 28
10 448
16 454
9 848
24 254
17 189
2 772
12 115
25 1044
17 402
10 444
18 450
9 872
19 471
24 287
6 439
8 141
21 47
7 776
5 462
9 829
6 478
7 704
13 200
21 433
3 583
6 370
21 1010
5 892
22 83
19 473
1 120
16 501
6 590
11 775
11 485
24 1
6 301
2 267
22 698
19 431
14 512
23 513
3 317
12 383
4 1051
10 642
2 515
1 391
23 772
17 604
17 41
14 166
14 897
17 397
18 312
10 442
16 142
10 775
1 558
10 348
11 462
8 765
8 668
23 313
14 858
23 700
19 157
17 153
23 931
20 607
17 14
25 270
16 696
11 819
5 376
2 1067
4 494
9 808
16 500
3 698
5 341
9 259
19 216
23 503
9 101
8 848
3 341
20 433
11 87
20 89
18 136
19 688
10 366
1 1018
6 679
5 119
13 1103
21 134
9 884
5 775
10 1074
6 1071
25 1057
14 38
19 689
3 226
2 493
22 136
20 752
4 693
14 185
24 537
8 638
12 1033
3 947
9 273
22 891
23 1098
4 776
1 496
13 939
2 564
3 665
15 826
6 1092
5 241
15 20
15 1031
9 1015
4 813
2 904
9 294
20 309
6 1025
25 465
2 438
3 945
3 948
2 368
11 973
25 4
17 85
20 102
3 299
23 1090
6 871
19 1034
2 338
10 472
10 348
21 1094
24 182
19 637
4 4
1 577
6 465
6 666
8 691
20 418
3 63
6 608
5 571
4 617
21 1044
19 480
6 301
12 837
7 1034
11 628
24 574
10 897
24 610
5 163
11 1117
9 747
21 562
23 783
25 829
17 173
4 256
24 1005
17 848
6 676
22 146
9 521
4 293
15 1121
21 927
4 445
14 148
12 711
5 30
8 615
8 722
11 562
22 283
13 559
25 543
11 324
22 205
13 74
11 861
2 213
1 630
8 608
11 637
3 7
6 487
20 928
6 910
9 8
22 647
9 502
21 954
23 671
4 1031
10 844
7 422
23 296
24 782
13 635
15 899
14 1108
25 914
10 561
4 285
14 555
4 741
25 374
24 405
4 571
12 379
2 447
10 713
3 633
24 845
7 52
14 357
16 198
6 875
9 1065
17 920
16 348
15 1069
4 152
13 65
17 883
7 108
4 624
23 147
8 436
22 838
22 586
8 129
11 403
7 832
4 1103
18 454
14 630
20 1002
7 293
13 210
24 555
12 99
12 452
15 9
4 320
9 826
17 487
9 57
1 105
2 797
3 300
23 645
11 92
3 325
5 464
11 952
6 459
1 414
17 348
24 389
24 143
24 284
21 443
14 158
2 613
10 956
20 583
22 887
21 295
3 402
7 850
23 214
6 31
14 1080
9 699
18 976
8 517
11 1082
12 814
7 386
10 435
7 606
21 448
1 319
7 649
21 634
18 1055
15 254
6 997
23 99
16 672
20 37
18 137
14 107
22 1051
24 771
21 876
16 506
3 526
14 916
6 355
23 621
1 359
24 604
25 1060
16 138
4 312
4 380
21 134
12 288
21 83
13 223
6 324
3 214
2 717
14 82
6 1043
4 248
22 334
20 116
3 1083
11 959
10 111
2 942
22 58
16 735
13 548
2 447
15 989
24 898
22 604
13 502
6 187
15 139
9 127
1 924
9 929
3 696
20 305
24 195
22 760
4 236
11 390
8 507
6 800
22 998
7 68
15 800
