400
2.18 4.79 1.0 1.29 4.68
9 601
10 608
24 743
17 118
13 13
8 792
17 697
4 597
15 583
14 430
10 861
22 437
16 797
7 308
8 559
3 216
13 121
2 253
17 541
23 952
15 334
10 852
22 898
3 618
4 168
5 869
25 83
19 814
11 932
17 661
3 420
16 101
18 501
19 681
2 399
12 811
24 311
2 509
23 204
10 917
19 697
18 691
19 886
2 660
25 461
1 324
6 646
11 122
9 210
17 812
21 488
1 166
19 555
20 402
3 528
9 513
6 520
20 740
3 458
19 922
21 150
23 500
18 231
23 499
15 600
6 442
19 570
8 411
24 245
22 429
17 335
2 784
8 169
9 627
10 812
22 384
7 663
10 866
9 146
18 842
6 818
19 415
19 95
9 533
4 923
4 354
13 72
17 913
24 786
22 360
7 10
10 684
1 824
2 321
23 105
17 935
8 869
22 739
18 344
5 734
20 853
24 821
1 269
14 493
21 51
10 643
25 381
20 791
9 962
18 370
16 297
20 588
6 762
4 268
8 438
22 139
23 651
3 357
4 355
25 44
12 30
22 675
19 607
10 869
11 478
25 864
2 832
22 419
7 784
9 466
20 639
11 716
1 321
5 83
12 10
19 413
6 689
9 663
7 3
8 687
10 898
15 186
10 572
16 414
6 982
24 708
1 236
12 42
20 883
1 400
8 863
6 98
14 17
8 926
24 32
16 283
17 383
23 884
23 682
5 589
8 101
25 748
24 676
20 892
9 894
18 541
20 515
17 205
14 486
8 221
6 648
17 199
1 892
25 418
2 842
25 897
25 265
10 958
19 732
2 569
6 866
2 915
9 192
19 604
12 901
7 297
3 679
9 955
7 847
15 211
8 744
6 443
11 102
17 144
4 20
5 397
24 244
25 400
11 161
5 50
5 158
5 926
24 770
19 462
7 417
23 214
14 233
17 462
2 269
14 837
14 563
23 686
2 942
7 488
7 900
15 116
20 108
19 622
15 366
16 710
5 642
3 812
19 545
10 357
15 389
9 977
12 270
20 627
18 177
13 41
22 48
19 442
18 775
12 389
16 748
8 9
16 791
16 626
7 40
5 318
5 890
24 263
4 278
21 237
2 807
10 281
13 874
2 192
5 345
2 803
2 687
22 866
22 442
19 55
21 46
5 170
18 719
5 250
7 808
25 501
7 842
8 164
12 429
10 309
19 934
10 484
22 576
3 418
14 560
23 948
1 74
5 841
13 920
2 837
23 908
23 838
3 323
3 922
25 51
9 23
7 581
19 119
24 409
16 186
14 876
18 189
7 91
22 245
4 755
14 771
20 619
21 900
16 415
21 714
14 252
17 893
14 319
25 638
24 238
19 180
5 70
22 974
15 718
4 368
24 251
9 675
21 883
15 241
12 814
13 687
12 600
11 11
15 669
10 154
13 840
16 320
16 257
3 99
4 29
19 560
11 118
15 414
15 459
14 165
4 325
14 303
12 204
12 461
3 106
5 7
20 129
12 649
16 174
12 378
24 613
17 582
11 831
11 810
16 275
8 920
1 776
22 809
18 129
3 865
12 649
8 301
13 129
23 921
9 374
8 683
8 348
2 736
20 602
18 884
22 714
20 36
13 435
24 185
25 913
2 383
5 975
19 708
20 386
4 943
21 935
21 596
13 278
2 395
19 350
24 595
25 779
16 344
2 177
2 74
18 428
5 840
11 864
23 199
2 882
20 11
1 630
2 959
4 829
7 500
16 785
13 498
7 132
1 805
1 191
24 225
19 518
25 276
8 415
12 218
16 384
1 193
18 414
1 876
16 700
10 55
