400
2 3776 3904 2 
1 572 1612 9 
4 1866 3820 4 
8 2328 2495 5 
6 1912 2504 3 
3 3032 3993 10 
4 197 1194 1 
7 852 1020 3 
3 3414 3475 10 
9 3658 3729 6 
8 184 3314 6 
8 2523 2969 6 
6 1094 3078 1 
6 1333 3973 8 
2 2777 3491 4 
6 3788 3937 3 
1 1067 1212 2 
1 2443 3965 10 
6 1477 3566 4 
1 2582 2626 3 
3 318 3695 7 
3 3578 3884 3 
1 430 3471 5 
10 723 2938 9 
3 3593 3627 9 
8 2624 3552 10 
9 2371 2701 9 
7 121 1872 8 
7 1176 2599 8 
4 1550 2247 7 
8 224 3563 8 
1 2056 3734 5 
4 2992 3792 5 
9 3766 3901 2 
4 3658 3785 9 
10 498 2320 9 
5 235 1373 3 
4 598 3023 10 
3 1180 3229 1 
1 2523 2783 5 
1 2314 3979 4 
5 2839 3161 3 
10 1445 2436 6 
7 1168 1741 7 
8 692 3981 1 
9 1199 2967 5 
6 3271 3849 3 
1 3017 3080 8 
9 2304 3077 3 
3 659 2615 9 
4 2911 2948 4 
1 1632 2615 8 
9 2157 2223 1 
4 1764 1892 8 
7 3008 3220 10 
8 2662 3478 5 
9 1879 2356 4 
6 475 2868 5 
6 2538 3960 7 
8 1509 3857 9 
4 2842 3743 2 
9 2197 2369 2 
6 3312 3325 8 
4 1121 3047 1 
7 3281 3998 8 
7 1102 2891 10 
1 1952 3901 10 
10 3131 3691 3 
6 180 1219 4 
6 3046 3304 1 
4 2567 3757 6 
7 1441 2830 9 
4 3770 4000 5 
3 3326 3683 5 
6 674 1443 1 
4 2221 2304 8 
8 3328 3608 6 
2 1428 3157 9 
1 3559 3751 6 
3 2293 3934 7 
2 3122 3473 10 
2 2140 2958 3 
1 1424 3222 1 
9 3597 3665 2 
7 2845 3283 5 
7 2212 3125 3 
2 2091 3914 5 
7 3091 3766 10 
5 3240 3747 4 
3 1886 2913 6 
6 176 1548 10 
4 1887 3143 9 
10 1066 3468 6 
3 2260 3849 5 
6 564 3993 8 
4 2881 3726 8 
2 609 3624 10 
8 73 341 4 
5 1821 3313 2 
1 700 2404 3 
6 3570 3611 3 
9 1639 2850 5 
7 3153 3581 7 
6 774 1479 1 
8 1979 2465 7 
10 646 2397 7 
10 2455 3995 10 
4 1879 2061 4 
8 2864 3047 4 
1 3507 3785 4 
1 2455 3547 8 
9 1487 3153 5 
3 1439 1461 2 
4 471 2755 7 
3 490 1530 7 
5 580 3972 3 
4 768 3680 1 
1 1011 3811 5 
8 2596 3479 2 
9 2778 3977 1 
6 257 428 6 
5 2058 2696 5 
2 1909 3094 1 
6 742 2269 4 
10 3870 3988 9 
6 819 2603 3 
3 2538 3058 4 
5 2078 2855 2 
6 3026 3390 3 
4 3002 3520 2 
4 976 1765 5 
6 287 3865 2 
2 3063 3816 5 
10 3345 3409 1 
4 2344 3573 7 
5 471 861 4 
6 3818 3915 3 
3 2517 3655 7 
4 3816 3932 4 
10 266 3329 3 
7 1110 3577 3 
1 2932 3405 5 
4 2408 2550 4 
5 214 2792 10 
4 2737 3064 10 
8 1763 3914 1 
5 2923 3529 7 
2 3632 3994 8 
1 889 2435 2 
7 3759 3869 5 
5 2882 3971 3 
5 2477 3084 1 
3 3493 3850 10 
5 2849 3477 6 
9 798 1185 2 
4 2132 2911 4 
9 2018 3850 4 
8 692 966 5 
3 3849 3907 6 
1 3328 3603 3 
4 911 2987 7 
9 1705 3961 4 
9 2199 3824 3 
2 1380 3566 3 
10 630 3753 8 
10 3855 3912 10 
6 166 1629 1 
6 3671 3751 9 
3 2907 3568 5 
7 639 1753 4 
8 2221 3146 3 
9 1296 2446 6 
4 3927 3947 6 
5 681 989 6 
9 612 3306 2 
10 3475 3598 9 
10 3871 3962 8 
6 2937 3805 4 
4 58 1986 10 
2 272 548 1 
6 948 3404 4 
5 2824 2899 1 
1 1675 2892 2 
2 1115 1240 2 
8 260 1622 6 
8 2976 3073 7 
8 3695 3721 6 
10 335 622 3 
6 1358 1865 6 
4 3254 3616 8 
2 310 2589 10 
7 895 3281 9 
5 5 132 10 
1 1455 3899 5 
9 1826 3483 6 
2 2720 3943 10 
6 1157 3218 5 
10 869 2058 6 
2 2420 3611 7 
1 1171 2967 9 
1 1859 3312 3 
3 1331 2939 9 
2 3795 3819 2 
9 3254 3444 6 
3 3350 3489 2 
10 257 2170 10 
8 832 3789 9 
10 2738 3985 2 
7 712 1257 7 
2 2482 3707 9 
4 1092 2900 4 
9 2106 2768 10 
6 3831 3919 2 
1 867 1106 10 
8 1509 1594 10 
10 2894 3875 5 
4 3241 3949 6 
1 1370 2612 6 
1 3552 3990 3 
6 3824 3897 10 
7 3543 3854 3 
7 1500 3039 7 
6 3450 3774 4 
1 1454 3171 10 
2 3768 3876 4 
2 1769 2069 8 
5 206 2350 10 
2 3858 3922 8 
10 2213 3130 2 
10 2902 3917 9 
1 1816 2872 3 
3 3341 3414 10 
5 1856 1898 4 
6 380 3328 3 
5 1275 3951 7 
9 3261 3639 8 
1 3266 3845 3 
9 2484 2753 4 
6 1679 2790 3 
1 685 1270 8 
9 2625 3748 8 
5 2927 3383 8 
1 3083 3282 5 
2 86 2353 10 
7 734 1278 1 
10 2851 3886 10 
2 3622 3675 6 
8 3153 3257 6 
5 3046 3921 8 
1 2951 3779 4 
7 1915 2462 7 
3 2666 2809 1 
5 2028 3788 8 
3 3349 3817 9 
7 1814 3051 7 
2 142 1555 3 
7 2142 3491 2 
8 2968 3178 6 
3 1231 2861 9 
5 1875 2704 8 
1 3747 3899 6 
6 328 3333 1 
3 2917 3618 7 
5 883 1457 6 
2 470 3054 7 
5 3309 3700 4 
10 1440 3523 8 
10 556 711 10 
10 237 2724 7 
6 2810 3218 7 
6 32 848 5 
10 561 1346 2 
3 583 1691 3 
1 1163 2601 7 
10 1292 3688 5 
2 1309 2211 1 
2 3581 3770 1 
3 1450 1534 7 
2 2549 3142 3 
3 2363 3401 1 
1 192 2319 2 
7 3160 3697 8 
1 628 1105 7 
4 1384 3553 4 
10 3869 3981 3 
4 1131 1336 10 
8 2867 3413 5 
3 3824 3933 2 
6 2850 3088 10 
4 3309 3701 7 
4 706 3148 3 
8 919 2836 7 
7 1421 2245 2 
9 943 2432 8 
5 1980 3044 3 
1 3413 3755 6 
5 2322 2919 7 
7 728 3841 2 
10 1480 3784 7 
7 2417 3753 9 
2 3240 3249 2 
4 2909 3966 9 
4 1175 2705 10 
9 1686 2246 8 
4 586 634 4 
7 942 1168 3 
9 698 2906 8 
8 2653 3823 5 
2 1362 2640 3 
9 670 1455 9 
8 1836 3064 2 
6 319 1592 4 
5 1500 1511 10 
6 3524 3966 4 
10 1183 3834 3 
3 2247 3005 7 
7 2545 3524 2 
6 1915 2925 6 
3 630 996 9 
6 973 3276 5 
10 2939 3331 2 
3 3452 3492 10 
10 3777 3873 5 
3 3622 3632 5 
8 2650 3060 8 
7 2871 3198 8 
3 1303 2360 4 
7 1217 2531 5 
10 2412 2928 1 
2 620 3201 5 
8 2907 3602 8 
2 2717 3342 3 
1 2920 3753 10 
8 2782 3959 5 
2 931 3974 10 
6 1451 1629 3 
2 1777 3391 6 
5 2513 2909 10 
2 3886 3952 3 
2 2778 3104 9 
3 1056 2722 3 
4 62 3737 3 
10 2969 3012 5 
2 1523 2827 2 
4 2398 2441 10 
8 1809 2514 2 
9 263 3673 7 
10 531 1485 8 
8 3212 3546 9 
9 15 951 8 
9 2662 3412 1 
9 3716 3987 9 
2 3100 3272 1 
8 2060 3213 9 
7 3627 3832 3 
9 1752 3232 7 
2 787 2768 10 
4 3163 3810 2 
5 179 1159 2 
9 3776 3974 1 
9 1457 2989 1 
9 3238 3703 6 
7 991 1813 7 
7 3745 3815 9 
7 685 1257 4 
3 3739 3804 5 
1 1171 3247 1 
7 735 3781 10 
3 2325 3054 6 
2 387 1716 3 
6 1314 2175 1 
8 449 673 4 
3 3322 3606 1 
10 100 3776 4 
3 1300 2220 4 
2 2664 2955 8 
10 2815 3029 5 
6 715 2508 2 
5 2909 3807 10 
3 2201 3619 10 
7 3428 3809 10 
7 3545 3918 4 
8 1907 3267 7 
1 2447 2530 7 
8 893 3808 4 
4 816 2711 7 
1 1093 3785 2 
5 3733 3842 5 
4 542 2515 10 
5 217 647 2 
6 2139 3590 7 
3 2278 2393 8 
10 3042 3807 10 
3 3645 3852 8 
6 868 1307 5 
2 3025 3899 6 
6 2837 3959 1 
2 1734 2238 8 
4 1857 3286 6 
1 2676 2939 8 
