50
8 61 165 2 
1 149 349 5 
8 255 386 5 
6 467 490 9 
8 348 406 9 
8 383 457 4 
5 444 479 6 
9 2 30 9 
4 363 457 10 
6 420 451 9 
10 291 399 6 
3 374 449 2 
9 255 292 6 
2 87 113 2 
3 464 500 5 
4 246 370 8 
6 97 289 2 
8 396 458 3 
8 468 495 5 
8 267 365 6 
3 139 373 5 
4 449 463 10 
7 457 465 9 
9 473 487 6 
4 183 466 6 
7 117 207 1 
7 15 89 7 
5 433 492 5 
10 113 354 6 
5 427 465 7 
2 212 476 3 
2 320 388 3 
9 10 289 9 
6 298 489 5 
2 27 345 3 
6 329 455 7 
1 345 383 7 
5 416 452 8 
6 307 471 8 
4 429 450 4 
5 477 484 6 
7 179 409 8 
1 408 412 3 
3 60 486 8 
3 243 446 8 
8 293 399 5 
9 250 307 2 
9 43 126 9 
9 412 460 9 
3 409 464 10 
