450
3 2811 3605 3 
3 2587 3096 8 
4 3755 3786 8 
3 948 1745 8 
7 4479 4491 4 
3 977 2751 1 
9 1764 2815 8 
1 4456 4492 10 
4 4337 4351 7 
10 1334 2350 2 
8 1548 3899 4 
10 2336 4046 4 
1 2793 3042 8 
8 571 2724 1 
7 4255 4380 2 
8 2281 3265 7 
2 1439 2987 3 
7 3810 4471 7 
8 3275 3535 8 
9 1604 1970 7 
5 3217 3987 5 
5 533 3898 3 
7 3322 3452 6 
7 195 3273 9 
5 653 3807 10 
7 4380 4412 7 
5 3325 3501 9 
5 2892 3682 5 
2 3198 3207 4 
1 2034 2521 1 
9 2677 3307 9 
9 3488 3542 7 
4 1931 2513 8 
3 2134 3846 8 
1 3062 3808 9 
7 466 3362 2 
2 3699 4194 3 
5 1164 4019 4 
6 3294 4352 2 
6 4102 4140 4 
3 3796 4211 10 
9 372 3700 2 
6 4271 4396 3 
8 1242 3244 6 
1 4196 4438 3 
7 1815 3780 3 
5 278 1028 7 
10 2300 2784 1 
2 438 2431 5 
5 551 2732 5 
10 842 4007 3 
10 1665 3481 4 
7 2348 3850 4 
2 896 4495 1 
5 3727 4417 7 
1 377 2945 9 
2 1678 3219 3 
9 252 3914 4 
4 2088 3095 1 
3 819 2551 6 
9 2348 2794 3 
9 2871 3401 8 
10 341 2445 7 
2 2453 2870 6 
4 608 2538 9 
6 4237 4319 6 
10 2366 4342 8 
2 3084 3285 7 
4 3287 3935 4 
7 2886 3688 9 
9 1184 3838 2 
2 1583 2160 4 
5 1884 3209 2 
6 3449 3544 7 
9 1065 1830 6 
9 3853 4422 8 
5 1650 4198 10 
9 4411 4466 5 
6 188 2997 5 
4 4 2172 10 
10 4385 4470 5 
3 2617 4457 4 
10 2545 3116 1 
8 2835 3510 3 
1 1227 2899 7 
9 3001 4421 5 
4 2183 3435 6 
8 2767 4066 7 
9 3609 3967 7 
1 965 3653 4 
3 1026 1450 2 
6 647 3611 8 
1 557 3262 2 
6 652 3402 2 
6 995 1026 4 
6 2919 4446 8 
1 2926 4234 3 
10 4203 4453 5 
1 1770 4409 8 
6 4256 4329 1 
8 2358 3925 3 
2 1139 1840 4 
9 1073 1775 1 
6 2544 3823 3 
5 4157 4389 7 
10 3600 3862 5 
1 2571 3861 3 
7 3486 4384 10 
9 3686 4337 1 
7 2281 2959 3 
2 1336 4396 10 
1 1574 3639 2 
6 1082 2155 4 
1 4210 4279 9 
5 681 1859 8 
7 1344 2129 8 
5 3061 4424 8 
5 863 1656 6 
2 2222 2539 6 
4 4468 4492 8 
2 214 2767 9 
9 3576 3877 7 
3 4197 4360 8 
10 2462 3608 6 
1 1372 2974 4 
3 4455 4493 8 
9 2876 4404 2 
8 954 3340 10 
10 2134 3304 1 
3 4135 4348 8 
8 2842 3713 6 
7 1485 2187 6 
6 3701 4035 3 
5 2870 2959 10 
1 2195 4334 9 
2 3779 3892 8 
6 523 729 10 
5 3655 3837 7 
6 3205 4196 9 
8 4335 4431 5 
1 3233 3977 3 
10 267 1286 1 
3 763 2844 10 
2 1397 1941 5 
3 2158 4374 6 
6 4350 4364 7 
9 4296 4471 5 
8 1100 1178 8 
9 4085 4372 4 
8 2031 2635 2 
3 722 1801 5 
9 1415 2511 7 
6 3240 3303 8 
6 1094 3665 9 
4 2079 3632 8 
3 1384 4237 2 
5 1858 3202 3 
8 4033 4169 5 
9 3987 4149 2 
4 3677 4467 5 
1 4161 4389 9 
10 433 1667 2 
4 195 4165 10 
8 4297 4389 9 
1 1958 3370 10 
8 635 1345 10 
7 2699 4066 2 
2 122 1380 5 
9 1168 2882 4 
9 697 4227 5 
9 4344 4466 10 
2 612 1468 3 
9 1830 2611 3 
6 1199 1963 2 
5 2167 3009 7 
3 1371 2765 3 
3 1874 2252 5 
7 3524 3652 5 
4 4132 4145 5 
2 2944 3933 3 
7 2225 4260 4 
9 1102 1496 2 
3 3246 3942 9 
6 2452 3995 10 
3 2069 2645 5 
2 256 3599 8 
9 1308 1428 3 
7 313 421 3 
4 1959 3872 2 
1 3133 3827 2 
10 3306 3863 4 
3 355 1878 5 
1 3287 3444 2 
4 3138 4210 2 
6 1852 3731 7 
1 2540 2573 6 
10 3558 4327 5 
2 1160 1408 8 
2 272 1861 1 
7 883 2346 1 
1 1634 1996 5 
3 3145 4445 3 
10 3615 4444 4 
9 3403 4470 4 
5 3971 4329 7 
7 1519 3698 1 
4 1204 3062 9 
1 2523 2576 6 
8 3011 3466 5 
7 2642 2916 2 
8 3444 3698 3 
10 4179 4437 4 
8 3780 4466 9 
9 3739 4429 9 
8 3525 4466 7 
1 3677 4124 6 
5 1462 2031 10 
1 409 708 2 
5 4335 4449 10 
8 3800 4435 6 
7 532 1098 4 
4 4233 4365 7 
3 4054 4190 5 
8 250 1660 6 
1 2919 3735 10 
4 3134 3542 4 
8 526 2755 6 
1 1830 3407 3 
2 2783 4233 7 
10 905 1513 10 
10 3958 4164 9 
7 1641 1893 6 
4 2940 4476 2 
7 4129 4179 5 
9 3936 4177 3 
6 1868 3851 7 
8 695 3481 2 
5 2182 3248 6 
6 807 3300 5 
6 567 4182 2 
8 600 1002 4 
5 4304 4447 7 
6 794 2594 1 
9 1495 3686 10 
9 3108 3546 7 
7 1897 4304 4 
9 3843 3879 9 
6 1421 1848 10 
1 2031 2724 5 
3 2297 3597 4 
5 1109 4490 9 
4 2079 3783 1 
1 1256 2477 6 
9 3428 3669 6 
3 193 2301 6 
3 3038 4368 3 
10 2710 3532 7 
7 2546 2864 4 
3 366 646 4 
8 3432 4401 3 
10 1833 2615 5 
8 2511 4481 8 
3 2949 4092 10 
1 3982 4189 10 
3 1408 2461 10 
7 786 3625 8 
1 1977 3249 1 
9 3740 4439 5 
6 3382 4418 5 
4 2563 3739 3 
5 161 1313 7 
1 565 852 5 
6 123 4008 6 
5 1009 4116 7 
8 610 3988 5 
10 165 1401 10 
1 1446 3223 8 
9 999 3233 5 
7 1077 3191 3 
2 2144 2781 5 
7 4106 4166 10 
8 3738 4428 9 
7 1974 2980 4 
4 997 3027 7 
4 2766 4103 9 
2 2027 2644 4 
1 4351 4458 2 
5 654 2549 10 
3 2127 4473 7 
9 1557 2343 10 
1 2590 2651 5 
9 4066 4245 10 
6 268 1928 6 
10 1229 1969 8 
10 608 1247 5 
5 2404 2468 4 
8 1802 3016 7 
3 2478 2853 5 
6 1939 2417 3 
1 3607 4056 3 
7 3359 4000 8 
2 2144 4089 10 
3 3524 3777 10 
6 957 4070 10 
10 1056 2127 8 
2 275 4135 7 
5 1257 3647 9 
8 3826 4419 1 
4 1924 3043 10 
5 3361 3389 8 
6 936 1482 7 
7 3286 4015 5 
2 579 4351 4 
1 1303 1347 7 
5 3436 4313 1 
10 621 1963 2 
10 3900 4400 5 
10 3930 4229 8 
10 561 1117 1 
7 655 1475 3 
9 2208 2856 3 
1 2524 4167 2 
7 4019 4175 10 
9 1397 3633 5 
8 3192 4409 4 
6 230 3893 5 
1 2827 3069 5 
3 2785 3070 4 
7 4199 4318 8 
5 2090 4276 8 
9 573 2038 6 
9 4490 4499 5 
1 3450 3812 7 
5 2097 4335 6 
6 736 1068 9 
3 3903 4231 5 
7 1101 3998 2 
5 4001 4381 3 
6 3724 4108 2 
5 4439 4446 9 
5 2054 2854 1 
6 2372 3113 9 
2 2913 4386 2 
6 3999 4482 1 
7 575 1333 2 
4 909 2661 7 
7 404 3468 3 
8 2303 4298 4 
2 2762 3368 8 
1 1002 3364 8 
10 2270 3205 6 
7 1736 3074 4 
5 3349 4221 9 
2 4178 4239 5 
5 378 2821 2 
2 3704 4159 5 
9 2968 3151 2 
6 652 4093 4 
8 2531 2566 1 
5 2200 4151 8 
8 1501 3320 2 
7 925 1789 4 
9 1071 2397 3 
5 2596 3170 10 
8 3800 4451 2 
4 4216 4404 8 
10 4230 4318 3 
2 653 3634 4 
2 3117 3128 7 
2 833 1154 1 
7 1426 1748 8 
4 200 1448 3 
7 1549 3542 5 
7 4407 4414 4 
10 1549 2465 2 
5 1571 3210 3 
4 153 4175 5 
7 3304 4438 6 
1 2833 3847 6 
6 1226 3365 5 
9 54 2726 4 
7 2506 3785 1 
1 693 1161 8 
3 1949 4265 10 
7 717 3672 1 
8 981 1700 6 
2 1241 2437 4 
1 680 2648 6 
6 3332 4383 1 
6 3338 3994 7 
7 3960 4302 7 
3 1590 2280 3 
4 2300 4059 1 
4 1356 4494 8 
10 1953 3859 10 
9 874 4013 7 
10 4316 4401 4 
8 202 3685 9 
7 2617 3675 8 
6 4029 4444 10 
10 129 3368 3 
4 2604 2749 3 
7 1394 2782 9 
6 2317 4193 1 
10 373 911 10 
1 3030 4095 7 
3 3226 3744 6 
4 3458 3563 4 
4 525 2978 2 
10 311 1992 2 
5 2884 3968 4 
6 260 4307 9 
3 1881 2101 2 
5 1803 2422 8 
4 2691 4111 6 
10 4339 4441 3 
10 1199 2552 9 
3 3123 3530 5 
5 2987 4447 5 
2 2809 4228 4 
7 2233 4346 8 
4 1438 4441 9 
1 1697 2597 1 
3 3927 4312 3 
6 80 4231 10 
1 3469 3600 10 
10 3720 4473 2 
9 1517 1923 8 
4 1466 2540 8 
9 2860 3340 6 
1 1286 2733 8 
1 2607 4399 9 
7 1308 1780 7 
8 3131 3612 4 
6 956 4138 4 
9 2888 3425 10 
5 2460 2751 4 
10 2595 2978 9 
1 2741 4354 9 
9 3132 3934 6 
9 404 3600 3 
4 1845 2250 6 
8 1578 3239 8 
9 1701 2279 8 
3 2442 3273 6 
4 4123 4169 5 
10 4172 4222 2 
7 1693 4345 8 
6 1167 4000 6 
5 1575 2827 4 
