350
9 310 3198 8 
5 1497 3188 4 
1 1827 2936 6 
10 169 430 1 
2 2214 3437 1 
5 3475 3487 5 
8 1836 1951 9 
5 2292 2425 1 
9 1063 2018 3 
1 469 1769 10 
2 809 1318 9 
7 2024 2214 9 
10 826 1491 3 
1 2786 3194 2 
8 560 830 1 
1 2589 2642 6 
10 2490 3323 9 
8 3005 3377 6 
1 2900 3468 6 
5 2270 2784 1 
5 1502 1814 10 
6 1203 1615 9 
10 1623 3195 4 
9 1191 2019 6 
10 3373 3445 7 
7 35 3494 8 
3 3359 3419 9 
10 2070 3084 10 
4 2977 3058 5 
10 2190 3061 8 
10 1857 2991 7 
9 607 2157 6 
4 289 3349 6 
9 2977 3220 10 
1 733 2942 6 
8 1238 2351 2 
2 1066 2980 8 
5 1973 2942 6 
10 280 1027 5 
8 857 1202 5 
8 1398 2421 6 
5 1485 2477 8 
1 1780 3068 8 
9 1239 3273 6 
10 424 718 2 
7 2363 3401 4 
1 2701 3011 2 
8 876 1089 7 
1 923 2336 7 
10 344 3323 5 
4 78 1647 2 
9 453 1752 8 
4 1852 2764 5 
2 2940 3373 2 
4 2181 3025 9 
7 3276 3482 10 
9 882 1645 1 
9 3124 3351 10 
7 2299 2782 4 
9 1692 1822 7 
2 1372 1880 2 
2 555 2776 2 
8 544 2381 9 
4 534 3269 5 
2 3126 3344 8 
3 594 1788 7 
3 1611 2604 1 
5 356 1977 6 
1 2143 3338 6 
10 3409 3455 9 
1 1252 2268 3 
10 2576 2938 5 
10 3357 3387 1 
8 3247 3359 4 
6 474 1913 4 
1 344 758 4 
2 2718 2904 2 
7 2714 3157 9 
8 2960 3073 10 
6 2833 2875 7 
5 1172 1815 5 
10 400 1272 6 
8 448 1547 4 
3 1972 2863 6 
2 239 310 6 
8 3149 3184 4 
6 1705 2459 7 
9 2562 3297 7 
10 89 807 3 
7 384 2264 6 
10 295 2800 8 
2 1523 2503 7 
2 2326 3047 6 
7 225 1954 10 
1 935 2884 3 
9 2893 3115 10 
5 878 2577 10 
3 378 2897 6 
10 2175 2632 9 
3 203 2303 1 
6 2317 2367 4 
6 2529 2812 2 
7 2885 3221 2 
8 541 659 2 
4 1845 3344 6 
1 2365 2645 9 
10 1267 3447 2 
3 3207 3438 9 
10 1066 1265 5 
7 830 2625 4 
10 1884 2273 8 
6 1558 2225 7 
1 1985 2826 9 
3 227 2889 7 
4 1425 2373 2 
10 998 3164 8 
8 1479 2394 1 
5 2749 3194 3 
3 3188 3201 10 
7 1636 2404 6 
1 3098 3292 1 
9 3203 3233 3 
7 117 1030 10 
4 1922 2016 3 
8 1295 1874 4 
3 326 1979 10 
5 3116 3204 6 
1 2838 3319 6 
8 1147 1557 6 
3 3441 3489 8 
1 3184 3322 9 
8 2364 2627 5 
5 237 901 5 
7 3094 3171 8 
3 1009 1439 10 
10 3349 3454 2 
6 3474 3500 1 
3 2401 2987 7 
2 1476 2964 3 
4 665 738 4 
3 3103 3463 9 
4 2687 3153 6 
4 451 1574 6 
5 731 3371 8 
8 2029 2498 8 
2 152 364 10 
2 1964 2505 1 
6 1188 1840 8 
5 1997 2654 10 
8 3331 3409 8 
6 2598 3123 1 
10 1408 3132 1 
10 2098 3407 7 
9 2464 2642 5 
3 390 929 10 
3 2859 3384 4 
5 3191 3380 5 
9 447 3398 2 
7 3413 3435 4 
10 3472 3488 10 
5 77 997 7 
6 2804 2958 7 
8 1259 1805 10 
8 179 2078 1 
3 1468 2536 2 
1 2727 3353 7 
3 2861 2988 2 
1 823 2815 8 
8 2892 3251 7 
5 2333 2501 2 
4 583 3114 6 
3 2807 3385 5 
7 677 1531 5 
3 2723 3440 9 
8 2547 2945 4 
5 3000 3465 2 
8 1421 2049 10 
1 2872 3159 1 
4 1152 3091 10 
6 1707 2397 4 
2 3129 3448 3 
8 2372 3474 5 
5 2113 3471 3 
3 840 2299 9 
5 87 2735 3 
6 1649 3195 4 
6 152 2714 2 
7 2706 3414 3 
3 2850 3182 10 
3 3153 3178 1 
6 1618 2836 8 
1 1272 2816 8 
9 1600 3458 5 
1 2561 3478 8 
2 1524 1759 4 
7 2117 3467 5 
1 2410 2952 4 
1 1370 1584 5 
10 1140 2978 4 
3 2442 2835 1 
5 1677 3037 9 
6 328 1555 5 
6 3368 3436 8 
7 1209 2254 6 
2 298 517 6 
1 2631 3055 10 
6 683 859 7 
9 910 1675 6 
4 491 1375 1 
1 1356 3326 7 
9 1563 1972 4 
1 3146 3197 8 
8 2248 2905 9 
6 2324 2600 6 
10 1876 2572 8 
2 1829 3145 5 
2 633 1572 2 
10 2472 2973 1 
9 2540 2803 4 
6 1518 2710 5 
5 2559 3215 10 
4 1336 2325 6 
3 2550 2607 8 
5 3132 3229 6 
8 1362 3486 10 
10 433 2884 4 
9 1066 2160 10 
5 1405 3230 3 
6 1414 3394 1 
2 313 2802 4 
3 3368 3372 8 
6 795 1949 2 
7 2156 2962 8 
7 2461 2732 9 
1 3280 3354 5 
8 3295 3499 4 
10 2178 3325 4 
2 842 1558 2 
8 1095 2859 10 
3 1418 2230 5 
2 3082 3247 4 
3 868 1788 6 
7 189 1915 5 
2 2446 3324 10 
9 2260 3467 7 
3 3345 3493 3 
5 2161 3210 10 
2 2699 3013 1 
7 2997 3467 6 
8 2407 3459 8 
5 2078 3083 2 
7 2985 3403 9 
6 2815 3226 10 
3 2793 3297 2 
5 554 1288 8 
2 1957 2258 7 
1 1182 3491 2 
3 3207 3280 4 
4 109 3482 6 
3 1359 1817 5 
2 1584 2251 2 
8 2858 3264 10 
4 2410 2837 6 
7 3119 3433 6 
7 2883 3315 10 
10 165 269 10 
6 2956 3087 9 
4 2560 3198 2 
10 2563 2882 5 
4 3464 3474 9 
3 165 1732 3 
10 3251 3392 2 
8 2099 2751 7 
7 1348 2819 1 
5 1348 2069 9 
10 2353 3040 7 
5 2607 2766 9 
5 1767 2195 6 
1 2987 3314 10 
7 2367 3100 10 
2 1328 2848 2 
8 1651 1807 5 
7 2930 3303 2 
2 1712 2401 5 
7 3116 3210 10 
3 308 1989 8 
9 882 3183 8 
10 2319 3011 4 
1 2269 3363 10 
9 1937 2838 9 
9 3413 3483 7 
10 1771 3108 5 
2 142 1565 2 
1 1458 1970 8 
7 2537 2829 8 
2 2503 3473 4 
1 2009 3274 7 
4 937 1154 4 
6 3069 3494 7 
4 2046 2072 5 
2 2564 2816 3 
8 2448 2841 3 
4 3177 3292 10 
5 3447 3455 10 
6 1696 3178 1 
5 1383 1969 2 
3 3009 3461 2 
1 1582 2514 10 
10 1914 2256 8 
6 2035 3125 2 
8 567 1600 2 
2 1821 3461 3 
8 839 2406 10 
9 2770 3288 4 
2 239 2092 3 
2 1733 2817 5 
8 1776 2642 4 
2 31 1851 9 
9 2575 3039 5 
6 869 1992 5 
4 2260 2960 3 
5 1647 2167 1 
8 594 2130 5 
8 2606 3341 7 
8 2866 3307 4 
2 1713 2388 10 
1 3081 3328 1 
7 1531 1656 6 
4 935 2831 10 
7 110 1299 3 
10 115 2538 8 
10 2128 2176 9 
7 2159 2375 2 
10 79 110 8 
9 1255 1956 6 
3 1341 1734 4 
5 3395 3425 4 
6 2120 3500 10 
8 1823 2835 6 
9 402 3340 5 
6 3466 3489 4 
3 148 2710 9 
6 1926 2962 4 
8 2692 3334 1 
1 588 1824 1 
4 2732 2965 2 
3 1644 2933 8 
1 2761 2983 2 
5 424 1308 6 
1 442 562 3 
