150
3 359 1403 7 
7 1415 1426 8 
6 481 1482 9 
9 396 959 7 
6 319 1454 8 
10 406 1086 10 
9 340 435 8 
1 898 905 7 
4 742 994 10 
9 883 1307 5 
10 955 1139 6 
8 1041 1363 3 
6 437 527 5 
3 1231 1415 1 
4 1477 1482 2 
1 113 512 7 
1 110 935 1 
2 41 134 2 
10 102 1498 6 
3 969 1426 9 
10 1153 1276 10 
7 637 1374 1 
5 1048 1249 8 
9 471 821 5 
10 1042 1286 5 
7 3 309 9 
2 630 985 5 
1 759 1473 7 
3 325 816 9 
5 1077 1283 4 
3 1407 1429 5 
3 1152 1328 4 
6 1047 1126 9 
7 1382 1438 2 
5 280 315 6 
9 613 721 2 
8 132 391 3 
8 231 1305 6 
5 1058 1475 2 
2 759 924 1 
8 240 298 3 
2 454 1388 5 
7 55 1298 8 
3 1418 1433 3 
1 910 1382 2 
3 1133 1210 10 
5 525 885 4 
5 186 984 8 
7 886 1194 1 
10 836 1071 2 
7 1006 1466 1 
3 51 636 6 
10 528 1030 6 
4 997 1103 5 
2 169 906 3 
5 324 1288 5 
10 366 1104 3 
10 664 1124 2 
9 402 829 4 
7 329 1215 1 
4 1239 1387 10 
3 693 988 9 
10 964 1019 10 
7 329 478 8 
8 889 1016 8 
3 1186 1297 6 
7 991 1162 3 
6 490 828 5 
7 1188 1244 1 
8 734 929 3 
9 54 1194 10 
8 1416 1447 2 
1 434 1123 5 
10 1211 1255 4 
4 1457 1483 10 
9 108 573 5 
10 167 275 8 
1 624 1190 3 
6 1075 1234 9 
8 127 297 4 
10 491 1184 8 
10 1458 1468 7 
8 925 1421 4 
8 1062 1284 1 
6 1321 1462 4 
9 444 831 5 
7 64 1319 1 
10 431 991 6 
2 672 1213 10 
10 1288 1387 5 
10 313 645 10 
8 1378 1457 2 
4 1292 1498 2 
6 863 1372 2 
10 838 1319 9 
2 1100 1308 7 
3 426 1188 5 
1 301 352 4 
9 490 504 9 
2 1151 1310 9 
1 337 1324 4 
9 1075 1117 9 
4 1069 1454 7 
1 815 1267 1 
8 322 1125 1 
7 1433 1479 3 
9 897 1057 4 
8 565 896 1 
2 116 1228 2 
2 681 1113 4 
5 243 959 4 
10 623 1125 7 
3 1137 1276 5 
8 482 540 8 
2 1280 1436 3 
8 1297 1325 8 
6 782 1054 7 
9 73 518 5 
2 1005 1268 10 
6 167 1057 9 
5 1258 1378 3 
3 160 324 7 
5 763 1031 5 
2 1278 1336 8 
3 1301 1499 7 
10 289 373 4 
10 584 726 1 
5 198 853 7 
3 237 687 5 
5 1420 1464 1 
9 451 516 7 
3 498 1284 7 
1 705 1034 9 
10 1103 1408 10 
3 1242 1382 2 
10 424 1219 8 
5 440 831 2 
5 465 532 2 
4 189 761 2 
4 608 614 5 
4 246 480 1 
7 1218 1225 10 
7 736 873 9 
1 1020 1059 3 
3 820 1437 2 
10 701 1078 1 
2 414 1360 9 
6 532 871 4 
2 210 1469 10 
4 1029 1295 9 
