250
3 1281 1525 6 
2 1777 2061 6 
9 702 2213 4 
7 1530 1847 9 
6 2222 2381 3 
6 580 1789 1 
4 570 1852 7 
1 230 985 1 
3 1327 1992 1 
5 1100 2159 6 
9 1798 2199 8 
8 2278 2442 3 
4 670 833 8 
2 651 1916 8 
9 1911 2475 6 
8 1458 1485 9 
6 1481 2304 6 
2 1859 2352 4 
7 1710 2053 9 
7 2044 2070 2 
9 1338 2297 7 
8 1428 1540 7 
3 2049 2472 8 
4 369 2300 6 
9 825 1610 1 
1 893 1886 5 
6 1622 2157 9 
10 1676 2385 2 
10 1042 2238 4 
7 1157 2211 10 
6 2365 2382 10 
2 6 302 7 
7 1318 2305 3 
1 2208 2460 8 
10 589 677 4 
1 1856 2143 9 
8 2462 2497 9 
4 169 454 7 
1 2194 2292 7 
2 1675 2425 8 
10 990 2431 7 
5 1290 2365 5 
10 1036 2378 2 
8 2454 2496 3 
5 1665 2429 6 
1 447 1864 9 
8 2321 2429 8 
3 1351 1615 4 
7 820 863 2 
4 361 1934 3 
7 1264 1527 1 
9 2183 2463 4 
4 2445 2496 10 
6 2476 2497 7 
2 1879 1904 4 
8 1389 1562 7 
7 25 1322 9 
3 746 1699 7 
9 2184 2411 2 
2 1149 1588 5 
4 1499 2135 4 
4 1369 1526 7 
5 653 860 5 
8 339 2428 2 
1 1002 1977 2 
2 2202 2221 6 
10 729 1278 3 
10 5 605 8 
3 2173 2316 7 
6 83 1544 8 
8 167 2025 8 
10 725 1690 9 
10 1533 1727 2 
7 960 1522 1 
6 1319 1941 7 
6 730 1838 3 
4 448 1869 7 
3 1843 2423 5 
6 731 841 6 
9 1715 2479 2 
2 2257 2330 7 
10 67 1511 10 
3 1885 2118 10 
1 1421 2150 2 
6 818 1030 8 
3 704 1169 6 
2 1306 1372 7 
9 1987 2012 10 
9 185 274 6 
3 1688 2497 1 
4 1831 1872 3 
4 1433 2402 4 
10 621 1972 3 
2 80 1780 4 
1 981 1986 10 
5 2480 2491 10 
8 677 2232 7 
2 1792 2230 6 
1 1128 2178 3 
4 15 2066 10 
7 672 1553 1 
5 1180 1883 4 
3 2343 2459 3 
8 986 1602 7 
3 261 316 10 
1 954 1435 1 
3 1234 1434 9 
7 338 1594 4 
3 2461 2471 10 
1 1093 1111 5 
7 1386 2461 4 
6 499 1105 1 
5 152 1165 3 
2 529 2196 8 
3 106 789 1 
8 12 701 4 
6 194 1723 3 
1 423 445 6 
6 291 717 7 
8 918 2285 2 
2 2288 2493 4 
1 1026 2044 5 
5 1557 2319 3 
7 2157 2471 4 
9 1057 2322 2 
5 664 1246 2 
9 527 2387 3 
8 2317 2360 8 
2 1757 1876 3 
7 18 1205 8 
1 210 1056 7 
7 1217 2385 6 
2 411 492 6 
1 662 1455 8 
9 8 1000 6 
1 2291 2465 9 
4 320 750 6 
3 1495 2437 5 
2 1257 1881 2 
7 1617 2310 5 
5 751 1446 3 
8 4 225 8 
1 1067 1096 10 
4 2371 2455 1 
9 1621 1985 7 
10 1098 1240 7 
8 2432 2462 10 
8 162 1258 8 
4 1311 1440 9 
1 727 2084 1 
4 130 817 10 
5 1932 2297 10 
8 2239 2373 4 
4 1682 1850 2 
2 2082 2398 5 
4 2232 2283 4 
2 1816 1979 10 
2 693 1995 7 
6 1224 2311 5 
4 2216 2327 1 
1 48 588 8 
8 1717 2172 10 
7 2363 2414 1 
7 1046 1328 10 
2 1994 2466 5 
1 2251 2475 8 
2 1978 2207 3 
1 1281 2124 1 
6 2159 2319 4 
3 1870 1996 4 
3 885 1171 8 
2 1029 1107 7 
5 2289 2432 8 
10 808 2208 4 
5 770 1184 10 
9 322 589 2 
3 1220 1902 5 
4 2478 2494 1 
9 1018 1707 7 
7 393 1764 1 
6 890 1600 3 
2 1903 2499 10 
4 280 1281 7 
1 1009 2064 7 
6 363 378 5 
9 831 2338 3 
4 1230 1303 3 
6 1124 1303 7 
4 2077 2487 10 
4 1111 2184 8 
8 984 1584 2 
7 225 1361 7 
1 1981 2497 10 
1 1751 2461 1 
4 1259 1680 1 
5 1424 1604 2 
4 602 2429 8 
6 2304 2450 10 
3 1507 2293 7 
7 2123 2403 6 
4 191 382 8 
7 451 1315 2 
8 2174 2211 2 
7 1597 1899 10 
4 1333 1597 1 
10 1323 1841 10 
6 992 2064 6 
3 1704 1802 6 
3 1094 1671 9 
4 2335 2434 2 
2 601 2176 6 
1 465 641 2 
9 1060 2106 3 
9 1865 2299 3 
4 331 1020 8 
6 1976 2276 7 
9 1945 2419 1 
8 1539 1772 6 
8 2308 2388 10 
1 711 1183 5 
6 1949 2084 5 
9 1841 1976 3 
3 1592 1615 3 
1 1343 1465 6 
7 429 884 8 
5 1380 2279 1 
1 170 855 2 
10 1766 2210 1 
4 2265 2271 1 
3 1530 1580 7 
1 1585 1938 6 
9 1359 1700 9 
5 1900 2340 2 
5 509 867 6 
7 1085 2160 4 
10 50 798 9 
6 1208 2363 2 
3 1712 2049 6 
6 2015 2393 3 
2 323 921 9 
2 84 1016 7 
3 404 1232 4 
1 1153 2233 8 
9 586 698 8 
9 1039 1631 2 
3 1154 2149 2 
8 2013 2067 2 
3 747 2285 10 
9 2407 2433 7 
7 1505 1913 3 
