500
1 2968 4779 9 
1 483 3957 2 
5 1642 4310 10 
6 3322 3568 5 
5 4308 4785 9 
1 4267 4732 9 
2 4539 4673 6 
10 468 2845 9 
10 174 1790 3 
1 4236 4814 4 
2 2670 2784 3 
6 1325 4121 4 
3 1534 1705 4 
1 549 990 5 
3 4417 4959 2 
7 2962 4449 4 
4 1468 4765 6 
8 583 3776 6 
10 1382 1821 8 
10 2063 4454 4 
5 1094 2146 2 
4 3917 3928 8 
6 2430 3894 10 
7 1854 4016 9 
3 3758 4687 2 
6 474 4520 2 
8 681 3268 10 
7 323 2736 1 
7 1258 2113 3 
3 1947 3400 10 
5 3449 3560 2 
2 760 2755 9 
3 1968 2619 4 
1 3211 4385 6 
2 1752 2360 1 
2 4657 4873 3 
8 3102 4830 6 
3 753 2188 4 
5 1531 4588 10 
5 1482 2325 5 
10 2377 3185 10 
8 4885 4912 1 
10 2740 3325 6 
6 2441 2911 10 
3 1445 3349 9 
7 2523 4727 8 
8 774 1344 7 
6 4747 4939 8 
6 3682 4863 5 
1 2908 3976 5 
8 154 920 1 
6 2208 3564 4 
9 324 4139 2 
8 2952 3325 7 
6 4442 4831 3 
6 1338 4119 10 
9 4364 4878 8 
9 4565 4607 8 
3 1058 2202 9 
8 3318 4177 4 
2 3253 4756 2 
1 48 1524 7 
9 4642 4998 5 
8 3397 3973 9 
10 3687 3982 3 
7 403 1213 8 
4 4586 4624 7 
5 2501 4242 2 
3 1663 4293 7 
9 2242 4802 4 
10 3226 4328 1 
5 2747 2819 9 
5 1201 3505 4 
4 795 2102 1 
8 570 4500 5 
7 4817 4952 9 
5 3636 4582 7 
6 2163 4561 3 
4 1000 3146 2 
10 4948 4963 6 
9 183 1839 6 
4 2309 4984 2 
7 4861 4910 9 
6 811 4645 6 
8 3097 4391 8 
7 2491 2617 4 
3 4085 4524 9 
3 4070 4701 6 
2 3904 4028 8 
5 3743 3866 10 
6 2579 3056 2 
4 1506 4849 7 
10 922 976 5 
4 2553 3316 7 
5 1858 2139 5 
2 4203 4860 3 
9 468 2007 10 
9 2827 4381 2 
9 1561 4865 1 
3 4560 4844 1 
4 3270 4305 7 
10 1929 2307 6 
1 3532 4281 8 
5 2455 4250 3 
10 2928 4746 9 
2 1279 4313 2 
3 104 838 5 
5 1446 3834 7 
5 881 2393 2 
9 2933 4697 5 
6 3834 4541 2 
4 3216 3438 4 
8 3411 4060 3 
3 3958 4659 8 
4 1740 3896 10 
5 3935 4557 1 
6 2321 3755 3 
8 1935 3357 7 
2 4766 4965 9 
4 2255 2868 8 
5 480 3462 7 
2 1248 3167 7 
10 875 3970 2 
4 4451 4797 3 
8 958 3040 4 
2 260 1886 3 
6 4816 4903 10 
7 2761 4953 7 
4 4637 4990 7 
1 3668 4376 5 
2 2982 4821 3 
2 4184 4940 2 
10 1824 4473 9 
10 4083 4630 6 
2 4034 4161 4 
2 886 4984 9 
8 829 4063 3 
3 1138 2304 9 
1 3217 4232 8 
1 299 4681 5 
6 4306 4363 3 
6 914 4596 10 
9 409 1312 2 
1 4196 4594 8 
8 3511 4743 10 
3 2378 2715 8 
5 3995 4374 3 
5 4691 4850 2 
7 1700 4978 2 
10 712 2063 9 
7 1042 2012 7 
10 1467 3037 9 
7 2147 3300 7 
8 1731 2215 8 
6 1729 3887 4 
10 4278 4742 3 
8 3906 4084 6 
7 2321 3921 7 
5 3991 4396 6 
10 3736 4749 4 
3 4764 4810 10 
9 1243 4857 3 
4 2628 4778 3 
6 1055 2693 2 
6 4855 4975 3 
5 3642 4077 8 
9 1200 2220 10 
6 715 4623 10 
10 432 2351 6 
6 813 2568 2 
8 802 2185 7 
5 1627 4903 2 
4 4789 4964 8 
6 1766 3159 10 
7 2011 3521 8 
5 4347 4699 5 
3 4159 4424 4 
7 4768 4991 2 
3 848 1984 3 
4 841 2475 7 
8 4849 4866 7 
3 4635 4929 10 
5 4548 4741 9 
2 2510 2855 2 
3 782 1151 5 
2 2595 3507 9 
1 4405 4458 9 
5 3884 4219 4 
3 4368 4869 9 
6 570 2600 10 
6 4175 4357 1 
3 3523 4858 3 
9 410 1225 6 
7 4533 4858 4 
2 4275 4849 5 
9 1024 2140 7 
7 3222 3480 8 
9 3351 4364 9 
10 817 2690 10 
2 4587 4737 7 
3 2352 4148 7 
10 445 4425 3 
3 3709 4265 3 
3 367 4779 10 
4 4597 4882 9 
9 2472 4085 7 
6 2974 4517 4 
6 1077 4658 5 
10 3304 4811 6 
8 621 3929 7 
7 366 2141 9 
2 1471 4205 9 
10 4363 4947 8 
1 3219 3760 5 
3 1468 3851 6 
4 10 739 7 
7 3277 4502 5 
9 3449 3902 6 
7 2862 3632 3 
9 4026 4157 9 
2 1627 3184 9 
8 1429 4845 3 
3 2849 2974 7 
5 1155 3639 4 
8 2455 3631 6 
7 1308 4019 3 
4 753 1035 6 
2 3173 3700 10 
7 4392 4893 10 
1 582 1099 9 
4 567 4986 3 
3 1784 4565 1 
3 3879 4207 3 
4 3982 4369 9 
6 235 2236 2 
8 4864 4912 8 
10 2943 4989 6 
8 4905 4930 6 
5 836 4549 3 
10 3565 4632 9 
1 1007 4288 10 
7 3256 3890 8 
10 3099 3447 3 
7 1026 1839 2 
3 2551 2983 5 
7 529 1322 1 
3 4159 4906 2 
9 792 2399 9 
5 3307 3971 6 
6 4032 4819 2 
10 1506 1582 5 
7 129 386 7 
8 4385 4734 4 
4 1056 2791 2 
6 1660 2596 8 
2 4196 4639 2 
4 3752 4970 7 
1 4900 4939 8 
6 4703 4854 2 
1 1853 2034 6 
7 2303 3667 6 
6 3686 3759 6 
6 1970 3698 5 
10 1529 2760 6 
1 3086 4588 10 
10 1857 4573 6 
6 1994 4534 2 
9 3140 4062 3 
5 3451 4235 1 
3 3390 3868 5 
4 4408 4977 5 
4 639 1374 6 
7 1499 4031 3 
1 385 3086 1 
3 3588 4544 5 
6 495 3661 7 
2 3024 4117 10 
10 1259 1981 7 
5 3748 4923 10 
2 4939 4949 3 
3 4628 4694 10 
5 4591 4670 2 
2 191 4529 1 
2 606 3014 4 
9 2423 3723 8 
2 4853 4902 6 
10 4412 4508 8 
5 567 3054 9 
9 3258 3611 6 
9 4336 4830 3 
8 1151 4122 5 
5 2639 3107 7 
1 3893 4086 6 
4 2993 3236 8 
9 1443 2082 5 
9 2867 3980 10 
8 3982 4183 7 
8 3298 3886 10 
4 4800 4805 8 
10 4385 4818 3 
9 695 2353 1 
6 2928 4612 3 
4 1202 1408 9 
4 1506 2898 6 
2 3990 4513 1 
8 2630 4239 2 
3 998 2293 7 
9 1004 4587 5 
7 3458 3777 9 
5 1937 4519 3 
6 4327 4505 5 
10 3015 3476 10 
2 1099 3072 1 
7 2589 4986 7 
2 2032 3961 9 
8 4900 4990 1 
6 163 4234 3 
3 285 3390 10 
7 1747 4997 10 
5 2311 4300 7 
4 1363 2093 6 
6 3712 4806 2 
3 1124 1145 7 
4 2268 4500 3 
3 4670 4881 10 
5 1293 4954 6 
8 3519 3661 5 
6 1358 4950 9 
5 4234 4350 4 
2 1116 4632 8 
6 1301 2815 7 
4 1489 4028 4 
8 3827 4287 5 
1 2062 2986 5 
1 4545 4713 2 
5 4073 4810 1 
6 4221 4319 5 
3 3140 4350 2 
4 2159 2221 6 
1 3263 4421 8 
6 82 2501 10 
10 2837 3277 2 
7 2372 4955 6 
7 1424 1975 6 
7 4801 4993 5 
3 1177 4722 5 
4 491 2383 6 
10 1176 3360 10 
9 2178 4572 10 
7 1441 4450 8 
5 3432 4749 10 
10 1965 2842 9 
1 3642 4034 9 
1 4562 4863 2 
5 4489 4772 5 
3 734 2304 7 
3 2237 4974 10 
1 3097 4934 2 
5 3511 3568 5 
10 4788 4835 1 
1 1474 4657 7 
10 4284 4632 3 
5 2385 3132 3 
1 201 3939 2 
3 4639 4772 8 
6 321 635 9 
8 285 4928 7 
8 4724 4982 7 
8 3894 4223 10 
5 3439 3608 9 
10 2101 4537 1 
7 1362 1407 4 
8 1688 1851 3 
5 3597 4252 7 
6 2112 3692 4 
5 1228 3686 5 
1 4070 4908 10 
1 298 1642 4 
6 3958 4008 6 
3 3290 3473 2 
7 2618 2955 8 
5 2761 3800 7 
5 2133 2745 8 
9 817 3969 2 
6 379 1024 8 
1 4672 4822 6 
5 2253 3366 1 
1 4120 4741 5 
5 229 4350 3 
10 2813 4854 4 
7 1238 1360 1 
4 4394 4658 8 
8 2519 3153 3 
7 3793 4988 10 
7 1170 2143 8 
6 2381 3221 2 
1 407 3109 9 
5 1871 4825 4 
5 4841 4967 9 
1 3114 4086 3 
1 1556 3923 3 
3 2041 4656 3 
7 398 861 5 
10 4109 4807 9 
9 3988 4005 1 
10 3048 3892 1 
1 1382 2966 6 
6 2891 4339 10 
5 2794 4618 5 
10 958 3184 4 
3 2270 3962 7 
3 1861 3160 3 
7 1045 1514 5 
7 4411 4568 4 
1 4793 4807 4 
10 4659 4724 3 
6 1802 2362 9 
4 4898 4958 9 
7 2694 3835 10 
4 700 1842 3 
10 3538 4565 1 
6 3572 4601 10 
4 1306 4298 6 
8 243 4603 3 
6 1604 2079 8 
8 2019 4769 4 
9 4196 4375 8 
6 2753 4007 2 
9 2576 3875 8 
2 578 4758 8 
4 51 2792 4 
10 853 991 7 
6 1118 1789 3 
2 1901 4677 7 
4 429 4737 1 
10 2703 3845 10 
6 1119 3153 8 
8 1819 2827 6 
5 3867 4592 8 
9 777 4587 7 
9 926 4051 2 
2 3560 4444 2 
9 1409 3103 7 
5 4555 4686 10 
8 3958 4949 9 
10 3508 4346 4 
10 275 3337 5 
3 4617 4850 5 
8 914 3413 1 
8 3153 4346 3 
10 2591 4547 2 
5 4157 4508 5 
5 51 902 5 
5 4862 4899 4 
2 3745 3985 3 
7 2005 3975 7 
9 600 2195 5 
10 4413 4474 6 
1 99 2981 5 
7 3743 4017 2 
8 1449 3159 10 
4 3044 3541 2 
6 4534 4859 2 
8 1841 2580 9 
3 1099 1404 7 
1 1778 3392 5 
2 300 4836 1 
2 1201 1810 2 
6 2527 3402 4 
4 200 1778 2 
5 3159 3350 2 
3 2384 4457 7 
2 1387 2835 7 
10 3789 4598 3 
7 2499 4693 8 
9 1431 2437 1 
4 904 3470 4 
7 2646 3620 5 
9 4869 4982 6 
1 2803 3981 4 
3 874 4431 7 
8 2826 3219 1 
6 3781 4744 8 
8 2806 4091 6 
1 3923 4031 5 
10 1944 2872 10 
1 3474 4230 4 
9 3592 3925 1 
7 1422 4125 3 
9 73 4201 2 
9 841 2302 2 
7 678 2979 6 
9 2132 4075 8 
2 1770 3583 1 
7 3143 4352 5 
5 44 471 8 
7 3566 3888 3 
4 4893 4965 6 
8 3316 4017 4 
5 705 2614 1 
