350
4 4 5 52 11
1 3 2 12 10
2 4 1 14 13
5 4 5 28 6
2 2 5 18 5
1 4 5 20 10
3 2 5 30 15
1 5 2 32 6
4 4 5 52 11
4 2 2 16 2
2 4 3 18 12
3 4 2 27 12
5 3 5 26 4
2 1 5 24 13
4 4 3 33 14
1 3 4 24 11
4 3 1 16 6
3 5 3 22 6
1 1 1 12 3
2 1 1 16 7
3 1 2 18 1
1 1 3 15 10
2 2 5 27 1
2 3 3 16 6
1 3 3 14 11
3 2 3 32 5
3 3 4 40 15
5 4 4 52 15
2 2 3 14 15
2 2 4 32 4
4 4 1 18 8
5 2 4 44 11
1 3 1 10 8
4 4 2 20 1
1 5 1 21 7
2 5 3 20 1
5 4 4 26 3
3 1 1 20 6
1 2 1 12 8
1 5 2 24 15
5 2 2 27 2
1 2 1 16 13
2 5 5 36 2
5 4 5 42 4
2 5 1 32 4
1 5 2 32 2
2 4 5 22 2
1 5 4 40 6
1 3 5 36 10
4 3 3 20 10
1 4 2 28 4
4 2 5 22 4
3 2 2 28 11
1 5 5 22 14
4 4 4 36 3
1 3 2 12 4
1 2 1 12 15
4 1 4 36 5
5 1 5 44 10
5 3 1 36 5
3 2 4 36 6
4 4 2 20 13
5 2 4 22 11
5 5 5 30 8
3 5 2 30 5
2 3 4 27 15
3 3 5 22 1
3 1 5 27 12
4 5 4 26 10
4 3 3 20 7
4 3 2 18 1
2 4 5 44 14
4 5 4 52 11
4 5 2 22 12
3 1 1 10 1
3 5 2 30 5
2 2 5 27 9
4 2 4 20 3
5 3 5 39 4
3 3 1 14 14
5 1 4 30 1
4 2 5 33 15
1 5 5 44 11
4 5 4 52 12
3 3 3 36 5
2 1 4 21 5
5 1 1 14 8
5 3 5 26 15
1 3 5 27 3
1 4 4 27 15
4 5 4 39 10
3 1 2 12 1
5 2 1 16 2
3 5 4 24 7
2 2 3 28 8
2 1 1 12 1
3 3 2 32 12
1 2 2 20 10
4 2 1 28 1
3 4 4 22 15
2 4 1 28 4
4 4 4 36 15
1 5 5 22 9
3 5 1 27 10
2 5 1 16 14
3 1 5 18 2
1 3 5 18 4
4 4 4 24 4
4 1 3 24 10
1 4 1 12 14
5 3 4 48 2
2 3 5 40 13
5 2 3 30 1
1 1 3 10 15
1 3 1 15 15
1 4 2 21 12
4 5 4 39 6
5 5 4 42 2
4 3 1 24 1
2 3 4 27 14
3 3 3 36 13
1 1 5 21 5
1 1 5 21 12
4 2 3 18 15
2 2 4 16 5
1 3 1 15 13
2 3 4 36 10
1 3 1 15 14
3 4 2 27 9
3 5 3 33 14
4 1 5 20 1
3 4 2 27 8
1 5 3 36 8
5 1 1 14 1
4 3 3 20 7
1 1 5 28 11
3 4 4 33 5
3 4 3 40 12
1 2 4 14 14
5 1 2 24 4
5 1 2 32 8
5 4 3 48 5
2 1 1 12 5
4 5 5 42 8
2 4 5 22 11
1 5 2 24 15
2 1 2 15 13
5 3 5 52 13
3 2 3 16 7
4 4 1 18 5
2 1 3 24 9
1 4 5 30 7
2 2 2 12 2
3 5 1 27 3
3 5 2 20 7
5 1 3 36 3
5 1 5 44 11
1 4 5 40 2
2 3 4 27 6
3 5 2 20 6
4 5 2 44 3
3 4 4 33 1
2 1 2 15 12
1 3 5 27 5
3 3 4 40 6
3 2 5 30 11
4 1 1 12 10
5 4 4 39 15
3 4 1 16 10
3 2 1 24 15
2 4 4 30 12
5 3 1 18 15
4 1 4 36 14
3 4 3 30 13
2 2 5 36 4
5 1 4 30 3
1 1 4 24 5
1 1 3 20 12
2 3 5 30 2
5 4 1 30 9
1 4 1 24 12
1 4 5 30 5
3 3 4 30 4
2 1 5 16 11
1 3 3 28 4
1 2 3 18 11
1 2 4 14 7
4 3 3 30 6
3 1 1 15 4
1 2 4 14 11
4 4 2 30 15
5 4 5 28 8
4 4 2 20 8
5 3 2 20 2
1 2 4 21 7
4 1 1 24 3
1 5 5 33 10
5 1 3 27 6
2 5 1 32 2
5 4 4 39 13
5 4 2 44 11
3 4 3 30 6
1 1 4 24 2
2 5 4 44 8
4 5 2 33 8
5 1 3 18 3
3 1 5 27 1
2 3 2 21 1
3 5 5 52 9
4 5 4 26 2
2 5 2 27 10
2 1 5 32 15
1 3 4 16 11
1 5 3 36 4
4 3 2 27 13
5 3 2 30 10
4 5 4 39 12
2 1 3 18 1
5 1 1 28 9
3 2 5 20 10
3 1 1 20 6
5 2 5 36 5
3 1 3 21 3
3 5 3 33 1
4 2 1 21 12
3 5 5 39 9
2 5 2 36 4
4 1 4 18 6
3 5 4 48 15
4 1 2 14 6
1 4 1 12 5
3 5 1 27 2
3 5 1 36 9
4 3 4 44 14
3 4 4 22 8
2 1 2 20 7
2 1 1 16 1
2 1 5 32 13
3 1 2 18 2
3 5 1 27 15
2 2 2 12 9
5 1 1 28 2
5 4 4 26 12
4 4 2 30 9
2 1 5 32 5
1 3 5 36 3
2 4 4 30 1
3 2 5 20 4
3 2 1 12 10
1 1 4 18 15
5 1 2 24 4
4 2 5 33 7
4 3 3 30 13
5 2 1 32 10
2 2 4 24 13
3 3 3 36 14
3 3 2 16 13
2 4 4 40 3
5 3 2 30 15
1 3 4 32 10
4 3 2 18 8
2 2 4 24 2
2 5 5 24 11
5 2 5 48 11
2 3 1 12 6
2 4 5 44 13
3 3 2 32 6
1 2 2 15 5
3 2 2 14 7
5 2 1 32 4
4 2 2 16 3
4 2 2 32 7
4 5 3 24 5
2 1 3 18 3
2 5 2 36 15
3 3 5 44 5
5 5 2 24 3
4 1 3 16 12
4 5 1 30 1
4 1 1 12 5
4 4 5 39 3
4 2 4 20 2
1 3 3 14 6
1 1 4 24 7
5 2 5 36 7
5 4 2 33 1
2 2 2 12 4
5 2 2 27 4
5 2 5 48 8
4 5 2 22 15
5 4 5 28 6
4 3 2 27 1
5 4 4 39 10
3 3 5 44 2
4 1 4 18 7
4 1 1 18 11
2 3 5 40 7
1 2 3 18 11
1 2 3 24 13
3 1 3 21 9
4 5 5 28 1
1 5 5 33 3
2 2 4 32 1
1 2 3 12 2
5 2 2 18 3
1 3 4 24 15
1 1 3 10 2
4 4 1 18 10
1 3 1 10 11
4 1 5 40 14
5 3 5 39 11
1 5 2 32 12
4 2 5 33 11
3 4 4 33 9
4 4 1 27 6
5 3 4 36 7
1 1 2 12 3
2 5 5 36 5
2 3 2 14 4
4 4 3 44 5
3 2 1 12 15
2 5 5 48 6
1 2 1 12 4
3 4 2 36 13
4 5 5 42 13
1 1 4 24 6
5 4 3 24 13
5 4 3 24 8
5 4 4 39 10
5 4 5 28 15
4 4 5 39 5
4 4 2 40 3
1 3 1 20 11
3 3 3 18 1
5 1 5 44 10
4 3 2 27 2
5 3 2 40 7
4 5 2 33 3
2 4 1 14 1
3 5 1 36 13
4 4 1 36 3
3 1 1 10 15
3 2 3 16 4
2 4 2 32 14
3 5 2 20 11
3 5 2 30 9
4 2 3 18 9
5 3 3 22 7
2 5 4 22 8
2 5 5 24 14
