400
3 1 3 14 11
5 2 3 20 9
3 4 4 22 15
2 3 5 30 6
2 4 3 36 15
2 2 2 12 4
4 2 3 27 3
1 3 3 28 9
2 3 3 32 5
1 4 3 32 3
3 5 2 40 4
2 5 2 18 13
2 4 2 16 2
5 3 3 22 2
2 1 3 12 7
2 1 1 8 2
1 4 1 24 8
4 4 4 48 10
1 5 3 36 4
2 3 4 27 10
1 2 1 16 7
2 1 2 20 5
3 4 1 16 4
1 1 5 21 13
1 3 4 32 10
1 2 3 12 12
1 5 2 32 11
1 3 5 18 1
2 3 5 40 5
2 1 3 18 3
3 5 1 18 14
5 4 4 26 3
2 3 5 20 10
2 1 2 10 10
4 3 4 44 3
5 1 2 24 15
3 2 5 30 11
3 4 1 16 6
2 5 5 48 14
4 1 5 30 9
2 3 5 40 11
3 3 5 22 9
2 5 4 44 3
2 4 2 24 6
1 5 1 14 15
4 3 1 24 11
4 1 2 14 5
2 4 3 27 4
3 3 4 30 1
4 3 1 16 1
3 5 4 36 5
4 3 3 30 12
3 4 2 27 9
5 3 4 36 14
3 2 1 18 1
4 2 1 21 1
5 1 2 16 1
2 2 3 14 2
4 5 1 30 5
5 5 5 30 15
5 5 1 22 7
4 4 1 36 2
4 3 2 27 7
5 5 2 24 3
2 2 1 10 6
3 1 4 32 2
2 3 2 14 7
4 4 1 36 10
4 3 2 27 2
2 4 1 28 6
5 1 2 32 14
2 4 3 36 14
3 5 3 22 8
2 2 5 18 1
5 1 1 14 10
2 2 5 18 12
1 2 5 32 14
1 1 4 18 11
4 1 5 20 9
2 2 3 28 9
1 2 4 14 3
1 2 4 21 12
1 1 1 9 9
2 5 3 30 13
4 2 1 14 13
1 4 5 30 9
2 1 1 8 7
5 2 1 16 14
1 5 3 36 4
2 3 3 24 13
3 3 3 27 14
1 3 3 28 12
3 1 2 18 7
2 3 1 18 9
1 3 5 18 4
5 1 2 16 13
4 5 1 40 4
1 5 3 18 14
5 1 5 33 11
3 5 5 39 3
2 2 1 20 5
1 4 5 40 15
1 5 2 32 12
5 1 1 21 11
4 3 3 20 13
2 5 2 18 7
3 2 5 20 8
1 4 3 16 4
5 4 1 20 7
3 2 2 28 10
3 2 4 27 14
4 1 5 20 14
4 3 5 48 14
3 1 1 10 1
5 3 5 26 15
5 5 4 42 1
5 2 3 20 4
2 1 5 24 4
3 3 5 22 4
1 1 1 9 9
1 1 3 10 12
1 1 5 28 11
5 3 3 33 2
2 4 3 27 10
4 3 3 20 8
2 4 3 27 12
1 2 5 16 3
5 5 2 36 9
1 4 3 32 14
1 4 2 21 6
2 5 5 36 4
1 5 4 30 15
5 1 1 14 11
5 2 3 30 13
4 1 4 27 7
4 1 5 30 15
3 5 2 40 10
4 5 5 28 13
3 3 5 22 11
2 3 1 18 8
5 5 5 60 3
1 1 4 18 1
2 1 5 24 2
2 1 3 12 13
2 4 3 27 8
1 4 3 16 14
3 1 1 15 9
4 5 3 24 7
3 4 3 30 13
2 1 1 16 15
1 5 3 36 13
1 4 3 16 8
5 4 4 52 8
5 3 2 30 5
3 5 1 18 9
2 4 3 36 7
4 5 2 44 9
4 3 1 32 4
3 2 2 21 15
2 2 2 18 3
4 3 4 22 4
3 5 3 33 4
1 1 2 8 4
2 4 5 44 1
5 2 5 36 2
1 2 5 16 14
3 2 4 36 12
3 3 1 14 1
3 4 3 30 11
2 5 2 18 12
5 1 1 21 2
2 5 3 20 5
2 2 4 32 12
3 4 5 24 15
3 2 2 21 2
2 3 4 27 14
1 5 1 14 10
1 1 4 18 4
3 4 2 27 10
1 1 4 12 6
5 4 1 40 10
5 5 5 30 3
2 2 3 14 4
3 2 4 27 14
1 5 3 27 15
1 5 5 44 4
2 4 3 27 6
3 4 5 48 14
5 4 4 52 14
2 3 4 27 3
1 4 2 14 4
3 2 1 12 5
3 5 2 40 9
4 2 1 21 13
3 3 1 14 9
1 3 4 16 15
3 1 4 32 11
2 4 4 20 7
4 3 2 18 15
4 1 2 28 9
3 4 3 30 5
5 4 1 30 5
4 4 4 36 5
3 1 4 24 3
1 2 5 24 5
5 3 2 20 4
5 4 2 22 7
4 1 1 18 5
1 3 4 32 10
1 4 5 40 10
5 3 3 22 15
1 3 5 36 12
4 5 5 28 5
2 5 3 40 13
1 4 1 12 2
1 4 3 32 12
3 4 2 27 8
2 3 2 14 6
3 4 5 24 13
3 5 3 22 1
3 1 1 10 1
2 3 2 21 15
1 3 1 20 1
4 4 3 22 7
4 4 1 36 5
3 3 4 30 11
2 1 2 20 6
1 2 2 20 6
2 5 4 44 8
3 2 5 20 13
5 1 2 16 4
2 4 1 14 8
3 4 2 18 12
5 4 5 28 15
5 4 2 44 1
1 4 3 24 8
5 2 3 20 15
5 3 1 36 5
1 3 3 28 6
3 5 1 27 5
4 4 2 20 1
1 2 1 8 15
3 5 3 44 2
2 3 1 18 7
2 5 2 18 13
5 2 3 20 12
1 2 5 32 4
2 4 5 44 1
2 2 2 12 11
1 4 3 24 5
1 2 3 18 5
1 3 1 20 14
4 2 5 44 12
3 1 4 24 10
3 3 1 14 5
4 4 2 30 5
5 3 1 27 11
4 1 3 24 3
4 3 2 27 3
3 1 3 28 14
4 1 5 20 4
4 5 5 56 9
2 2 3 28 6
4 1 4 36 11
1 3 1 15 9
1 3 5 18 3
2 4 4 30 11
5 3 1 36 13
4 4 5 39 14
3 1 2 24 13
4 1 5 30 11
5 5 4 28 4
4 1 5 30 5
4 2 3 36 2
4 1 4 36 2
2 3 4 27 8
4 2 1 14 14
3 1 2 18 6
4 5 4 52 3
2 3 5 40 8
3 2 3 16 9
4 3 1 16 15
3 4 4 33 5
1 4 3 24 1
5 2 2 36 10
2 3 5 20 3
3 2 3 24 11
1 2 2 10 10
4 4 5 26 5
4 1 4 36 3
3 3 4 30 2
2 3 2 14 15
2 3 5 40 4
2 3 5 20 9
1 3 2 12 1
4 1 3 32 12
1 5 3 27 8
1 4 4 18 12
5 5 4 28 10
1 4 4 27 6
2 2 3 14 5
5 2 2 18 13
2 4 2 16 8
4 2 1 21 15
2 1 3 24 15
4 5 3 24 5
3 4 4 22 7
1 1 3 20 6
3 4 3 20 9
1 4 1 24 4
3 2 5 40 6
5 3 3 44 3
5 5 2 24 1
3 1 5 27 3
2 5 3 40 9
4 1 4 27 1
4 1 4 18 5
1 4 4 18 7
4 3 5 48 1
1 3 5 27 12
4 3 2 27 4
1 4 3 16 5
2 1 1 16 13
1 5 4 40 6
4 1 3 24 15
5 4 4 39 12
3 1 5 36 12
1 3 3 28 3
4 1 4 27 8
3 5 3 44 4
4 3 4 44 10
2 3 5 30 4
2 3 5 20 13
2 1 5 32 6
5 5 2 36 12
1 2 2 20 1
3 1 3 21 7
3 2 5 20 14
1 4 1 18 12
2 1 1 8 14
3 1 5 27 8
4 3 2 36 4
5 4 1 20 3
3 2 2 21 14
4 2 1 28 3
2 1 3 24 3
1 4 5 20 15
4 4 4 48 4
2 3 2 28 2
4 1 3 32 10
5 5 3 26 13
1 3 4 24 15
4 5 1 20 10
3 1 1 10 1
4 4 2 40 10
3 2 2 14 3
1 4 1 24 12
2 5 1 32 13
5 4 2 22 7
4 3 4 22 12
5 5 4 56 15
5 5 1 22 11
1 3 4 24 13
2 4 4 40 4
1 2 3 24 5
1 4 3 32 4
2 3 4 36 7
4 1 5 20 6
4 3 3 40 14
4 1 2 14 3
2 3 3 32 6
1 2 3 12 4
5 5 5 30 14
4 3 4 33 15
3 2 4 27 7
5 4 4 26 6
1 3 4 32 8
5 3 2 20 7
2 5 3 30 5
1 5 4 40 8
5 4 5 42 3
5 3 3 33 11
2 4 4 20 11
3 2 2 21 15
1 3 2 18 12
4 3 5 48 15
2 2 3 21 4
3 5 1 18 5
2 2 4 32 2
4 3 4 44 4
5 1 3 36 7
2 1 5 32 9
4 3 4 44 13
5 2 1 16 9
4 3 4 44 5
2 2 1 20 12
2 5 5 24 12
1 2 2 20 8
4 1 3 24 14
2 5 3 30 6
