500
5 3 1 18 9
2 3 5 30 2
1 5 2 24 13
2 2 5 36 1
2 3 4 18 11
3 4 4 33 13
1 4 2 28 8
1 2 2 20 12
1 1 3 15 15
4 5 1 30 15
3 3 5 22 13
5 5 1 44 14
5 2 3 40 15
5 5 3 52 12
5 5 3 39 6
3 4 5 48 11
5 1 1 14 15
3 3 3 18 2
3 5 3 33 8
5 1 1 14 6
5 4 5 28 2
4 1 3 16 5
4 1 2 28 14
2 5 1 24 12
1 1 3 20 8
5 3 2 30 3
5 5 4 56 9
4 5 1 30 11
1 1 5 14 3
3 3 1 14 2
3 5 4 24 15
2 5 1 16 12
4 3 4 33 9
2 2 1 20 6
3 4 4 22 9
5 1 1 14 4
2 5 5 36 12
1 4 2 21 10
3 4 1 24 10
1 5 3 36 14
2 5 2 18 3
5 1 4 20 10
5 1 3 27 7
1 3 4 24 14
1 3 4 24 11
4 4 2 20 6
3 5 5 52 1
1 3 4 32 11
4 5 1 40 11
4 3 5 48 9
5 2 5 24 8
4 1 3 16 1
4 1 1 12 5
4 4 1 18 2
3 5 5 39 8
2 4 2 16 3
2 4 3 36 13
2 2 2 12 7
4 1 5 30 6
4 3 1 16 14
1 5 4 20 2
5 1 5 22 10
2 2 5 27 12
5 3 3 44 5
1 3 2 12 5
3 1 2 24 1
1 1 5 14 1
1 3 1 15 5
3 1 4 32 10
3 5 2 40 14
1 5 4 20 8
3 4 5 36 2
5 1 5 22 15
4 2 3 18 12
2 2 1 10 12
2 2 5 36 10
2 4 2 32 10
1 5 1 14 7
4 2 5 44 13
5 4 5 56 8
4 5 1 20 15
1 2 4 28 10
1 4 1 12 11
4 1 2 21 10
4 4 1 36 10
2 5 4 33 15
1 2 3 12 9
2 2 5 27 15
3 2 1 18 3
1 4 4 18 11
4 4 4 48 9
3 4 3 30 15
5 1 1 28 15
5 2 5 48 5
1 2 4 28 1
4 3 3 20 3
1 1 5 21 1
3 4 4 22 8
1 2 3 12 14
4 2 3 18 15
5 2 3 20 14
5 3 1 27 10
5 5 1 22 12
3 1 1 20 10
4 4 5 26 10
3 5 1 27 2
1 5 4 30 9
5 5 4 56 11
4 3 5 36 6
2 3 4 27 4
4 1 2 28 1
3 5 3 44 5
3 2 4 36 6
2 3 1 12 14
5 5 5 30 6
3 5 1 18 11
1 3 5 18 15
4 5 5 42 7
3 2 1 12 3
1 5 1 14 5
2 5 4 33 2
3 2 1 18 10
3 5 3 44 4
5 5 4 56 13
4 5 4 52 9
1 5 5 33 14
3 2 5 30 9
4 5 1 30 1
1 3 2 18 14
1 4 5 30 8
3 1 2 12 13
3 2 4 36 11
3 1 3 21 1
1 5 4 40 6
5 5 5 30 4
2 3 2 14 15
1 3 5 18 9
3 2 3 16 2
5 3 2 30 7
5 3 2 30 15
1 5 3 27 8
3 2 2 28 3
1 5 2 32 9
4 2 3 27 5
2 3 5 20 12
2 2 5 27 5
5 2 1 32 10
5 3 4 24 8
2 5 2 27 4
1 2 3 24 1
4 5 2 22 13
2 2 3 14 1
3 5 4 36 12
4 3 3 20 2
2 2 4 24 5
5 1 5 22 8
3 4 2 36 12
2 5 5 48 7
4 2 2 16 3
5 1 3 18 13
5 1 1 28 12
1 2 4 28 10
5 4 4 39 8
3 1 2 24 7
3 5 4 48 4
1 5 1 14 2
5 2 2 27 2
2 4 3 18 5
3 2 1 24 10
5 4 1 30 9
3 4 2 27 2
3 2 4 36 6
3 1 5 18 9
1 5 5 44 2
5 4 4 26 3
4 4 3 22 2
2 3 1 18 1
2 5 4 33 8
2 5 4 44 1
5 5 3 26 8
2 4 2 24 11
3 1 2 18 8
5 4 5 42 3
3 1 2 24 2
1 4 1 12 1
2 2 3 21 6
5 3 2 40 7
1 5 1 14 4
5 1 1 14 10
1 3 2 12 13
5 3 4 36 5
3 3 5 22 4
2 1 1 16 13
5 3 1 36 6
1 3 5 36 1
1 5 4 40 7
4 4 3 44 5
4 4 2 30 4
1 2 4 28 4
2 3 5 20 7
4 1 1 24 2
3 3 2 24 4
5 1 5 44 10
3 5 5 39 5
2 3 1 18 7
3 4 4 44 11
3 5 1 27 11
2 2 5 36 9
3 4 4 44 8
4 3 3 20 2
2 2 5 18 11
4 4 4 48 4
5 4 2 44 15
3 3 5 33 7
5 4 5 28 9
1 2 1 12 12
3 5 4 48 5
2 1 2 20 7
1 2 3 12 10
3 5 5 39 8
4 4 3 33 5
1 1 4 24 3
4 4 4 36 4
3 5 2 20 9
1 5 1 21 3
5 5 1 33 11
4 2 2 16 3
4 3 4 22 14
4 1 1 18 4
3 4 4 33 5
5 2 4 44 7
4 1 3 24 8
1 5 1 28 3
1 1 1 6 8
4 2 5 33 14
1 5 2 32 1
5 4 1 20 4
4 5 1 40 15
3 4 5 24 10
1 4 5 30 7
5 1 3 18 2
3 4 2 36 1
3 4 3 30 9
1 4 3 24 3
1 4 2 14 1
2 3 1 18 12
3 3 4 20 4
3 5 5 52 1
3 3 2 24 12
1 4 5 30 13
5 5 1 22 8
3 4 1 16 15
3 1 1 20 3
1 1 4 24 10
2 2 1 15 14
2 4 2 24 7
3 5 5 26 10
3 1 2 12 14
2 2 4 32 9
3 1 1 20 9
4 2 1 28 2
2 3 4 27 15
2 1 3 12 8
2 1 5 32 13
3 3 3 36 12
1 2 3 12 4
5 5 1 44 8
5 3 2 20 12
5 1 3 36 12
1 1 3 15 9
1 3 1 15 11
5 4 5 28 8
3 3 1 14 2
3 2 3 16 14
3 1 3 21 6
2 3 4 27 6
3 4 5 48 7
1 3 5 36 6
1 1 4 18 10
4 1 5 40 8
5 5 4 28 15
3 5 1 27 4
4 5 4 39 1
5 5 2 24 7
2 2 1 20 10
3 3 3 36 14
2 2 1 10 3
2 3 1 24 15
5 4 1 40 2
1 1 3 15 11
2 5 2 27 8
5 5 3 39 3
2 5 1 32 12
3 5 4 48 13
2 1 4 28 13
1 1 2 8 13
1 2 4 14 8
4 3 2 36 9
5 4 4 26 11
2 4 3 27 6
3 1 2 24 14
4 2 1 14 14
2 5 3 20 15
5 3 1 27 2
1 2 5 24 11
4 4 5 39 12
4 2 4 20 2
4 3 3 30 2
2 2 5 27 7
2 3 2 14 3
4 5 2 22 15
5 4 4 26 15
3 3 3 36 9
5 5 5 30 2
3 2 5 40 8
1 2 3 24 1
3 2 1 12 6
5 1 4 30 12
2 3 5 40 8
1 3 3 28 12
5 5 4 56 6
2 3 5 20 14
2 5 2 36 3
1 2 5 32 4
1 2 4 28 14
2 2 5 18 3
1 2 4 28 11
1 5 5 33 5
4 2 2 16 1
3 4 4 44 1
5 4 3 48 3
1 4 5 20 13
5 1 4 30 11
3 3 2 32 11
4 1 4 27 5
1 3 2 12 11
1 5 4 20 13
1 3 2 18 2
4 3 3 30 8
3 5 3 22 12
5 2 3 30 4
2 3 4 27 4
5 5 4 42 5
4 1 3 24 9
5 3 2 40 6
3 5 5 26 8
1 1 3 15 15
5 3 3 33 1
5 3 1 36 8
5 5 2 24 10
4 4 1 36 4
5 4 5 56 6
1 4 2 14 15
2 3 1 18 14
2 1 1 12 14
2 5 1 32 7
1 5 1 14 3
4 1 1 24 14
2 5 4 22 15
1 5 4 40 15
2 1 5 32 11
2 2 2 12 13
2 4 3 18 13
2 3 2 28 7
2 2 2 18 6
5 5 2 48 6
3 4 1 16 8
1 2 2 15 2
5 1 4 40 1
1 5 3 18 8
1 4 4 27 3
2 5 1 24 3
4 1 4 18 7
4 2 5 44 5
3 1 3 14 11
4 3 5 48 14
2 1 4 21 3
2 2 5 18 9
2 5 2 36 1
5 1 5 33 7
4 4 4 48 9
4 4 5 26 15
4 1 4 36 6
5 2 5 48 11
5 4 5 28 8
1 1 4 18 12
3 3 5 33 6
4 1 3 24 3
2 3 4 27 4
1 4 4 18 13
2 5 5 36 1
1 2 2 20 9
1 2 2 10 1
4 3 2 27 11
3 5 3 22 12
3 5 2 30 3
1 5 1 28 11
4 5 3 36 7
3 5 2 30 4
4 1 3 16 5
5 2 5 36 10
3 1 2 18 15
5 4 5 56 4
3 3 3 27 9
3 5 2 20 9
5 1 3 27 13
1 4 5 40 14
5 1 4 30 1
1 1 1 6 10
1 4 1 24 4
4 1 1 24 7
4 1 3 32 6
3 5 1 27 14
2 5 3 20 5
5 3 1 18 13
2 2 3 21 5
3 5 1 27 5
3 4 2 18 8
4 3 4 44 8
3 4 2 18 8
4 1 4 27 15
5 1 5 44 8
3 4 1 24 14
3 5 2 20 13
1 3 2 18 3
4 1 3 32 15
4 3 3 40 15
2 2 4 16 1
5 5 4 56 5
2 3 4 27 1
2 3 3 16 6
1 3 2 18 15
2 2 5 18 5
4 3 4 33 15
3 2 2 14 12
1 4 5 40 9
1 4 1 18 15
3 2 5 30 6
2 1 3 24 9
4 3 2 36 9
3 1 5 27 14
1 2 1 8 9
2 5 1 16 5
5 5 2 36 4
4 4 1 36 14
2 4 4 30 5
5 3 2 40 11
3 2 5 30 7
4 1 1 12 2
1 2 3 18 11
5 1 1 14 8
3 2 1 24 14
3 5 1 18 10
2 2 2 24 1
5 4 4 52 13
4 5 3 36 13
5 3 1 27 12
1 5 2 16 1
4 5 5 42 1
2 5 5 24 10
1 2 5 32 9
2 1 2 15 12
2 5 2 18 6
5 2 3 20 6
5 5 2 24 4
2 3 3 32 9
1 2 5 24 3
4 4 2 20 8
2 1 3 12 13
4 2 2 24 3
1 4 3 32 5
3 4 4 22 14
5 4 2 44 13
2 4 5 22 2
1 1 1 6 13
4 3 2 27 1
2 4 3 27 2
5 4 1 20 2
5 2 5 24 5
1 1 5 21 1
1 1 3 10 12
1 1 3 10 11
5 2 2 27 11
3 4 4 33 3
2 5 2 27 1
1 1 3 15 8
2 5 5 24 14
5 3 1 18 4
3 2 2 28 13
4 3 5 36 8
3 1 3 14 1
4 2 3 27 12
5 2 5 36 14
1 2 3 12 7
2 1 5 16 4
1 4 4 27 4
4 5 5 28 5
5 2 5 36 13
4 3 3 20 1
5 4 4 39 5
