250
4 2 5 22 15
2 5 1 16 4
1 1 4 18 13
5 2 3 30 7
5 2 1 16 11
4 3 4 33 5
5 1 1 21 11
5 4 4 26 13
1 5 1 14 7
3 5 2 20 1
4 1 2 21 13
2 1 2 20 7
5 4 1 20 9
5 1 3 36 4
1 3 1 20 7
2 4 5 22 13
3 3 3 36 6
4 1 1 12 6
4 3 3 30 11
1 1 4 18 2
2 2 4 32 9
1 3 3 21 15
1 2 5 16 13
5 4 5 42 10
1 4 1 24 10
3 2 5 20 3
3 3 3 18 9
5 2 5 24 15
3 1 4 24 11
2 2 1 20 10
5 2 2 36 15
3 2 3 24 3
3 4 4 22 6
2 4 1 14 11
4 4 3 33 7
5 3 3 33 1
3 1 4 24 5
4 2 2 32 6
1 1 3 15 5
3 4 1 32 7
1 2 2 10 8
1 2 4 21 13
5 3 2 20 3
4 1 2 14 1
1 2 4 21 3
3 3 5 22 10
4 4 3 44 6
1 5 2 24 4
4 2 4 30 3
1 2 2 20 13
1 3 4 32 15
4 1 4 36 4
4 2 3 36 9
3 4 1 24 11
3 1 5 27 4
2 5 4 22 10
1 3 1 15 14
2 4 2 32 12
3 2 1 12 1
2 2 2 12 15
2 5 5 36 9
2 5 5 36 12
5 3 3 22 15
5 4 3 48 9
4 1 1 24 10
1 1 5 14 7
4 5 4 39 14
1 1 3 10 4
3 3 2 32 7
5 2 4 22 11
1 2 1 8 12
5 1 1 28 2
5 2 3 30 4
4 5 2 33 12
4 3 5 36 1
3 5 3 44 6
4 5 1 20 4
1 1 3 20 11
4 1 5 20 6
3 5 2 40 8
1 1 5 28 7
2 5 3 20 5
4 2 4 40 2
2 4 3 18 15
5 2 4 44 1
5 2 5 48 2
2 3 1 24 5
3 3 5 33 13
4 3 3 20 15
4 2 4 30 6
4 2 5 22 15
5 3 3 22 1
1 4 3 32 2
3 2 2 14 1
2 2 5 18 3
4 2 5 44 2
2 2 5 36 8
4 3 4 22 15
3 5 5 52 6
2 2 5 36 13
2 5 2 18 3
1 2 4 21 6
3 3 3 18 14
3 5 2 20 7
5 5 4 42 7
1 3 4 16 9
2 4 3 36 15
4 3 3 40 2
4 2 4 40 15
5 3 2 30 4
4 4 1 27 2
5 3 4 24 4
5 5 3 26 10
1 3 5 18 8
5 3 1 36 7
2 4 2 16 12
3 3 2 24 7
3 5 4 48 12
1 5 3 36 14
1 4 5 30 7
2 5 1 24 2
5 3 1 27 8
3 4 3 40 12
5 2 4 22 10
1 3 5 18 5
2 5 1 32 4
2 2 4 24 3
5 1 5 33 6
5 4 3 24 12
2 4 3 36 12
1 5 3 36 15
2 1 3 12 9
3 2 1 24 7
1 2 5 24 7
4 1 2 21 8
1 2 5 24 9
3 1 5 36 11
4 4 5 52 14
5 1 1 14 6
3 2 2 21 2
3 1 4 24 8
5 5 4 56 8
2 3 3 24 10
3 5 1 36 3
3 5 3 44 3
5 2 3 40 12
3 2 2 14 13
2 3 5 30 5
5 5 2 36 6
5 5 4 42 15
2 2 4 16 14
1 5 5 33 15
1 3 3 28 9
2 1 4 14 15
2 3 3 32 11
4 4 2 40 7
3 4 1 32 7
3 4 2 36 15
4 1 2 14 4
1 2 2 10 2
3 1 3 21 4
1 4 1 24 7
5 4 1 20 4
3 1 2 18 8
4 4 2 30 11
5 4 5 42 7
2 5 4 33 1
5 1 5 33 6
3 1 5 18 4
5 3 4 48 1
5 4 5 42 15
4 1 3 16 10
3 1 5 27 8
4 5 3 36 4
3 5 5 39 14
5 5 3 26 3
2 1 3 18 8
3 1 5 36 9
2 5 3 30 15
1 1 5 28 4
1 5 5 22 3
1 4 1 18 12
3 2 3 16 8
2 5 4 33 4
3 1 4 24 13
1 5 1 21 12
1 4 1 24 1
3 4 4 22 15
1 4 1 18 15
3 1 5 18 5
5 5 3 26 12
3 1 2 18 6
1 3 5 27 13
2 2 2 18 13
1 3 1 10 1
5 2 4 44 7
1 3 5 36 7
1 2 3 18 4
5 5 5 30 3
5 5 5 30 12
3 5 1 18 3
1 3 3 28 15
3 4 3 20 1
3 3 3 18 5
5 5 3 26 10
4 5 4 52 3
4 5 1 20 14
5 5 5 60 2
5 4 1 40 1
3 1 2 24 7
1 4 2 21 13
1 4 4 27 5
3 3 1 28 15
4 1 4 36 4
4 2 3 27 11
1 1 4 18 7
2 2 5 27 1
2 3 3 16 4
5 1 4 30 14
2 2 2 18 10
4 5 2 22 15
2 1 2 10 12
5 3 5 52 14
4 2 2 32 4
1 4 2 14 3
1 1 5 14 13
3 3 1 14 9
2 4 2 24 9
4 2 5 44 11
5 4 5 42 5
4 5 3 36 3
3 4 4 22 10
4 3 3 20 14
3 2 1 18 5
2 3 2 28 15
3 3 1 28 15
4 2 2 24 10
4 5 2 22 14
5 4 3 36 3
2 4 2 24 15
3 1 5 36 6
2 3 3 24 3
4 2 4 30 7
2 2 5 18 6
3 1 1 20 3
1 4 4 36 12
1 3 2 24 1
5 1 2 24 2
4 5 1 40 4
1 3 2 24 9
