450
5 5 1 44 6
2 3 2 14 9
2 5 5 36 4
5 5 5 45 9
3 3 3 27 3
3 2 3 24 5
3 3 2 32 2
4 5 2 33 14
3 5 1 27 11
4 2 3 18 9
3 3 4 40 15
2 4 3 18 2
4 4 5 52 3
2 2 5 36 5
3 2 5 30 6
5 2 1 32 15
1 5 5 44 2
5 4 2 44 15
2 5 1 32 1
5 5 1 33 3
2 5 2 18 4
4 4 1 18 14
3 2 2 21 2
2 1 4 28 15
2 3 5 40 11
3 4 1 16 8
5 4 2 22 3
5 1 5 44 7
5 3 3 22 5
2 5 2 18 5
1 2 5 32 15
5 5 4 28 1
5 1 2 16 5
5 4 5 28 12
4 4 3 22 1
5 4 5 42 9
3 3 4 20 6
1 5 2 32 5
2 2 2 12 12
1 4 1 24 15
3 5 4 48 6
1 1 3 20 14
1 4 3 16 7
5 4 5 56 5
2 1 4 21 10
2 2 5 27 6
1 5 5 44 14
2 4 1 28 12
4 4 2 20 15
3 4 4 44 4
3 2 3 24 3
2 2 2 24 13
1 2 2 20 9
2 5 2 18 11
2 5 2 36 11
5 4 2 44 6
2 1 2 15 9
4 5 1 30 15
1 5 5 44 13
4 3 5 48 1
1 5 1 21 6
3 3 2 24 11
5 3 4 36 8
3 4 4 33 15
5 1 1 14 12
2 3 3 32 9
3 5 2 20 12
1 5 2 24 10
3 5 1 18 10
5 4 2 44 14
3 4 2 36 15
2 5 1 16 5
3 4 1 16 13
5 3 3 22 14
5 3 3 44 11
2 4 3 18 6
2 5 2 27 1
5 2 3 20 5
3 1 1 20 14
3 3 3 27 8
4 3 1 24 3
4 2 1 21 14
4 3 3 20 14
1 4 1 24 10
1 4 1 18 14
1 5 1 28 8
4 5 2 22 5
1 2 2 10 15
3 2 4 18 10
5 3 2 40 1
4 2 2 16 9
3 5 4 24 5
1 2 2 15 10
2 5 5 36 5
3 4 3 40 15
4 5 4 39 2
2 1 2 15 5
1 2 4 28 5
5 1 1 21 1
1 5 1 14 4
5 1 5 33 7
3 5 1 27 2
1 2 4 21 3
3 1 4 24 10
2 1 5 32 5
1 2 1 16 6
1 3 4 24 2
1 4 1 24 2
5 2 1 16 15
5 5 1 33 5
4 5 4 52 11
1 1 2 8 15
3 1 5 27 6
2 1 1 12 9
2 5 5 36 7
2 3 3 16 1
3 2 4 18 14
5 1 4 20 3
1 1 2 16 6
1 1 5 28 11
1 5 1 14 2
5 4 3 24 6
5 1 3 36 5
4 3 5 48 6
5 3 5 52 9
4 4 1 18 14
5 1 5 44 8
4 1 4 36 2
4 3 2 18 3
2 5 5 24 11
3 4 1 32 9
4 1 2 21 14
5 2 4 22 1
4 5 1 40 2
4 3 1 32 13
2 3 5 40 9
1 5 1 21 4
5 1 2 32 9
2 2 5 18 1
3 1 5 27 11
5 5 1 33 11
4 4 5 26 15
4 1 3 24 14
5 3 5 52 7
1 3 1 10 4
2 3 2 28 5
3 2 5 40 9
1 4 1 24 13
3 2 2 28 9
1 4 5 20 7
2 5 1 24 12
5 3 4 48 10
2 2 1 20 13
2 2 1 10 9
5 4 3 48 8
3 4 2 27 6
1 4 2 14 12
3 3 4 40 15
2 3 1 24 4
4 5 1 20 5
3 4 2 36 6
1 4 2 28 7
2 5 5 36 13
5 3 2 20 12
5 4 1 30 15
1 2 2 15 5
3 2 1 18 14
5 1 5 22 6
3 5 3 44 3
5 5 3 39 4
3 5 2 30 7
1 2 3 12 1
1 5 4 40 5
3 1 1 10 13
2 5 3 20 7
5 3 3 22 12
3 5 2 40 5
3 1 1 15 13
4 1 3 32 6
4 5 4 39 1
1 2 5 24 1
2 3 4 27 9
2 2 3 21 5
5 2 5 48 11
1 4 2 14 9
1 4 2 28 4
2 4 5 22 11
2 1 3 12 2
2 1 5 24 4
3 4 1 24 9
5 5 1 44 6
4 1 5 30 3
1 3 2 12 9
4 3 1 16 5
2 2 2 12 7
5 5 4 42 15
3 1 2 18 11
1 2 1 8 11
3 4 2 27 8
5 1 1 28 8
2 3 3 16 3
4 1 5 30 15
2 2 3 14 1
2 3 1 24 10
2 1 1 12 10
3 4 1 24 6
5 5 3 39 12
1 4 4 36 13
2 4 2 32 12
2 3 1 18 8
3 2 1 12 8
1 3 4 16 5
3 1 1 15 13
3 3 2 32 3
2 2 5 27 4
4 4 4 48 2
4 1 3 24 4
3 2 4 27 4
1 5 1 14 2
1 4 4 36 9
3 2 1 18 11
2 3 3 16 4
2 3 2 14 2
3 2 3 16 2
4 5 3 48 7
4 1 5 40 4
2 2 4 32 2
2 4 2 24 3
4 1 3 16 5
4 3 1 24 11
4 3 3 20 12
5 3 2 30 12
2 4 5 22 6
3 1 5 27 15
2 1 5 16 2
4 5 4 26 15
2 4 2 16 14
3 5 5 39 11
2 4 5 33 2
4 5 3 24 4
5 3 4 48 5
2 4 5 33 14
3 2 5 20 9
4 4 2 40 6
5 4 1 40 12
4 4 5 52 1
1 5 4 20 15
1 4 5 20 10
1 1 1 12 9
4 2 5 44 12
4 5 1 40 3
5 1 1 28 7
2 5 3 40 11
4 4 4 24 6
4 3 2 36 13
2 3 3 16 10
3 4 2 18 10
3 5 2 40 1
4 4 1 27 2
3 2 4 27 6
2 1 1 12 9
1 4 4 27 4
3 5 4 36 4
2 3 3 32 4
4 1 5 20 13
5 3 1 18 10
2 2 2 12 3
5 5 4 28 10
5 2 2 27 12
3 4 4 22 2
4 2 4 20 3
4 3 5 24 8
5 1 2 32 7
2 2 4 16 13
2 4 4 20 12
5 1 3 36 11
5 3 5 26 10
1 1 1 6 10
5 3 5 39 10
1 5 1 14 15
3 3 2 24 9
5 5 5 45 9
1 1 3 20 7
4 4 3 22 15
2 1 4 28 14
1 2 4 21 5
3 5 3 44 15
5 5 5 30 1
3 2 3 32 4
3 4 3 30 9
5 1 4 30 1
3 3 1 28 12
5 5 1 44 10
2 1 1 8 8
4 1 2 28 13
3 4 1 32 1
4 3 4 44 12
1 1 4 24 12
5 1 4 20 5
2 4 4 40 11
4 4 3 44 8
1 4 2 14 15
4 5 4 52 1
3 1 2 18 5
2 1 4 28 1
2 2 1 10 14
1 4 3 32 14
3 4 5 48 7
3 2 4 18 13
4 2 2 16 1
3 3 4 20 14
1 3 3 21 1
2 5 2 36 8
5 5 3 39 2
4 4 4 24 8
1 5 1 21 2
2 1 4 21 6
2 2 2 18 1
2 2 1 15 4
3 4 4 33 6
4 1 5 40 1
2 3 5 20 14
2 1 4 21 8
3 1 4 32 9
3 3 1 14 7
4 1 1 12 14
4 5 3 36 5
1 2 3 24 12
2 2 2 12 3
3 2 3 24 1
1 5 3 27 3
2 3 1 24 2
5 4 5 42 1
2 3 2 21 3
4 1 4 36 2
1 4 3 32 14
5 5 4 42 4
3 1 1 20 4
5 2 5 36 7
2 4 5 22 5
3 1 2 18 14
5 4 5 42 5
4 5 5 56 11
3 3 3 36 6
2 3 1 12 5
3 3 1 21 2
5 2 4 22 4
5 3 1 27 9
5 4 3 36 7
1 4 5 20 4
1 4 1 12 5
4 3 4 22 15
1 2 2 10 3
4 3 5 24 7
1 1 5 21 3
5 3 4 36 11
1 5 4 20 10
5 2 2 36 2
3 4 4 44 5
5 3 2 40 11
3 2 2 14 12
1 5 5 33 9
3 1 3 14 3
2 4 5 44 1
4 5 4 26 7
3 5 5 52 14
3 5 2 40 4
5 4 5 42 3
1 5 5 33 11
2 1 5 32 12
4 2 3 18 14
1 5 1 21 5
4 1 1 24 9
3 2 1 24 12
3 1 1 10 1
3 3 3 18 6
5 5 1 22 5
4 1 1 12 15
5 1 3 27 1
5 2 5 48 1
1 4 1 18 1
2 3 4 18 4
5 1 1 28 11
5 5 5 45 3
2 4 2 16 8
5 5 2 48 1
3 4 3 20 3
2 2 1 10 14
4 3 1 24 4
5 5 4 56 12
3 1 2 18 9
3 1 1 15 11
2 4 4 30 12
3 4 3 30 10
2 1 3 18 13
5 4 2 22 1
2 4 5 22 11
5 3 1 27 1
2 5 4 33 3
1 1 3 10 15
3 4 1 32 4
5 4 5 42 10
4 4 3 44 3
4 4 4 24 8
3 1 5 27 8
4 4 3 44 7
5 2 4 33 7
4 4 3 22 11
1 3 4 32 9
5 1 4 30 5
3 3 5 22 8
1 3 1 20 15
5 5 2 48 2
3 3 1 28 4
1 1 4 12 13
2 4 5 33 8
4 5 4 26 2
4 3 5 24 10
4 2 2 32 6
3 3 3 27 11
4 5 4 52 12
5 3 2 20 8
3 5 3 22 6
3 4 4 33 9
1 1 3 10 4
1 2 4 14 2
2 4 2 24 6
2 1 4 14 7
2 3 3 32 9
1 4 1 12 10
5 4 4 52 2
3 3 1 21 13
1 1 2 12 8
4 2 3 27 9
3 4 3 20 1
2 4 2 32 1
4 5 2 33 7
1 5 3 36 4
1 1 3 20 13
4 2 4 40 2
1 5 5 33 7
2 4 1 21 7
2 3 5 20 6
3 4 4 22 3
3 1 1 15 3
3 2 3 32 5
5 1 5 44 9
2 3 3 32 7
5 5 5 60 14
5 2 1 24 15
