100
3 3 1 21 1
5 5 1 33 4
4 5 5 56 13
4 2 1 21 1
1 3 5 36 8
5 3 3 44 4
3 1 5 18 2
5 4 4 52 14
2 1 3 12 6
4 1 3 32 10
1 5 2 24 7
3 1 2 18 2
2 3 4 36 5
4 1 2 28 6
5 3 1 36 11
4 4 2 40 3
3 3 3 27 12
1 1 2 8 4
3 1 1 10 5
3 1 3 28 5
4 5 5 56 6
2 1 3 12 4
4 1 4 36 6
1 1 1 12 8
2 3 1 24 2
4 3 1 32 1
4 5 3 24 1
4 2 3 27 6
1 2 2 20 7
2 3 5 40 8
3 3 2 16 15
5 1 4 40 1
5 2 2 18 6
1 5 4 40 1
2 5 4 22 5
4 2 2 32 10
5 1 5 33 13
5 1 5 33 15
5 5 4 28 14
1 3 2 24 5
1 2 3 18 9
2 1 3 12 13
3 2 2 28 13
2 3 5 40 14
4 2 4 40 1
5 1 1 21 15
2 3 3 24 10
2 3 2 28 4
4 4 4 48 6
5 4 1 30 13
2 5 5 24 5
1 2 2 10 6
2 4 5 33 8
3 1 2 18 14
5 5 1 33 2
1 2 4 28 3
5 5 5 60 5
4 2 1 28 2
3 2 3 24 15
1 1 3 10 14
4 4 4 24 11
3 3 4 30 8
5 5 1 44 8
2 4 2 32 11
1 5 1 28 7
3 1 1 20 8
5 4 1 30 8
5 2 5 48 7
5 4 2 22 4
5 2 3 30 8
3 3 5 22 3
5 4 1 20 7
2 2 2 12 2
4 3 3 20 4
2 4 2 16 12
3 3 3 36 5
3 2 1 24 1
3 3 2 24 9
5 3 5 52 3
2 3 3 16 14
3 1 1 20 9
3 3 3 27 10
5 2 5 48 3
1 4 2 14 6
2 1 5 24 15
5 2 3 40 12
1 1 3 10 10
2 5 4 44 2
1 1 4 18 9
5 1 5 22 4
1 4 3 24 2
3 1 1 15 6
2 3 4 27 12
3 2 3 16 14
2 5 1 16 5
1 4 2 21 1
5 2 4 22 11
3 2 5 20 5
3 2 1 24 12
3 2 2 14 5
