300
4 2 5 22 10
4 5 4 39 1
5 2 4 44 13
5 5 5 30 14
2 1 2 15 3
4 4 4 36 6
3 2 1 18 6
4 4 2 40 6
2 4 4 40 2
5 5 1 44 15
3 4 1 16 8
3 5 3 44 15
1 1 2 8 13
4 5 4 52 10
1 1 4 12 14
1 2 2 15 2
2 3 3 24 12
2 1 4 21 12
4 3 5 24 4
2 2 3 14 1
2 3 3 32 7
3 4 1 32 6
5 5 4 42 13
4 2 1 21 10
5 4 5 28 10
5 2 4 22 14
4 3 5 36 14
5 1 5 33 7
1 2 2 15 12
1 3 3 21 8
4 5 3 24 9
1 5 5 44 2
2 3 5 40 13
5 1 1 28 4
1 2 4 28 7
1 5 3 36 9
4 2 4 40 9
3 3 4 30 6
4 1 2 14 2
3 5 3 44 9
4 4 5 52 2
4 4 4 24 14
4 1 2 14 6
4 4 1 18 7
5 3 5 26 14
1 3 5 27 11
1 2 4 14 11
1 3 1 10 4
4 3 4 22 13
3 1 1 10 13
2 4 1 21 3
5 2 4 33 10
5 4 4 26 3
5 1 1 14 13
2 1 1 12 2
3 5 2 30 8
5 1 2 24 4
1 1 4 24 14
3 3 2 24 4
5 4 2 44 9
3 4 2 27 12
2 5 4 33 5
2 3 1 12 10
3 4 3 30 8
2 2 5 27 3
2 1 4 14 9
3 2 1 18 14
5 5 5 30 12
5 5 5 45 15
3 4 3 20 11
2 1 4 21 14
1 2 2 15 14
3 4 4 22 15
4 5 3 24 9
2 5 3 20 15
1 5 3 36 10
5 3 3 22 7
5 4 4 26 3
4 4 4 24 6
1 3 1 20 12
4 5 4 39 5
1 4 4 36 9
3 1 4 32 10
2 4 3 27 1
3 3 1 21 7
2 5 1 32 3
5 3 5 26 15
4 2 2 16 2
4 3 5 36 12
5 2 1 32 7
2 1 2 10 9
1 1 2 16 9
5 4 4 39 1
4 1 3 16 1
5 1 3 27 11
3 5 2 30 14
5 5 1 44 13
5 1 5 22 11
1 3 4 16 11
5 5 2 36 4
3 4 2 36 7
4 5 1 30 10
1 3 1 10 1
1 2 5 24 6
2 1 4 14 10
4 5 5 42 8
2 4 3 27 11
5 2 3 40 2
5 2 4 44 13
2 1 2 10 12
4 4 4 48 5
2 3 4 36 7
4 1 1 12 13
5 4 5 56 10
2 4 1 28 15
3 4 5 24 15
2 2 3 28 13
5 3 5 39 2
4 3 3 40 11
2 5 4 33 15
1 3 3 28 13
3 5 4 48 3
1 3 4 24 11
2 4 3 27 4
4 1 3 16 11
2 3 1 24 15
2 2 4 16 4
2 3 1 18 15
5 2 3 20 13
2 5 2 36 9
4 2 5 22 6
1 3 1 15 14
5 3 4 36 5
5 5 2 24 3
3 3 1 14 1
2 2 5 27 4
5 1 3 18 12
3 2 1 12 7
1 2 1 8 4
4 1 2 28 4
4 1 2 14 8
1 4 4 36 7
1 4 3 24 10
2 2 5 36 3
5 2 5 36 15
1 2 3 12 2
5 4 1 40 7
5 1 5 33 2
3 5 3 33 12
1 5 2 32 10
2 4 3 27 3
2 1 5 24 7
4 5 1 40 12
5 5 1 22 6
2 3 4 18 2
4 1 2 28 6
1 1 1 12 2
2 4 3 27 4
4 1 1 12 2
2 1 5 24 10
4 2 4 40 11
3 1 5 18 9
5 4 3 36 14
4 2 3 18 13
5 4 1 30 8
4 2 4 20 12
4 1 2 28 11
5 1 4 30 2
2 4 3 36 8
2 3 1 18 3
4 3 4 33 5
1 5 3 27 14
3 1 1 10 2
2 3 5 40 14
3 2 5 20 14
1 1 2 12 11
5 1 3 27 8
1 3 4 32 13
3 2 5 40 12
5 3 2 20 14
5 3 2 20 3
4 2 4 30 9
1 5 3 18 9
1 1 1 12 7
5 5 1 44 7
2 5 1 24 5
2 3 4 18 15
2 4 5 44 9
4 3 2 18 3
5 1 4 30 6
3 3 1 28 14
5 1 3 36 9
4 2 1 14 11
2 3 2 14 14
2 1 1 16 14
4 2 1 14 14
2 3 4 18 14
2 5 4 22 11
1 2 2 15 3
3 5 2 40 8
2 3 1 24 5
4 2 5 33 1
1 4 1 24 5
1 1 3 10 13
4 3 5 24 13
2 5 4 22 7
3 2 4 36 4
1 4 4 18 12
5 5 5 60 12
5 3 2 40 14
5 5 3 52 14
3 1 2 24 2
2 5 4 44 9
2 5 1 32 8
4 2 2 32 6
3 4 4 44 1
4 4 1 27 2
4 3 1 32 14
3 5 1 27 13
1 4 3 24 3
2 1 3 12 7
1 3 3 14 2
5 1 4 20 14
5 5 1 22 9
5 5 3 26 10
4 1 4 27 14
4 4 3 33 7
4 4 2 20 10
1 4 5 40 13
4 1 5 30 8
1 2 2 15 12
4 3 3 20 14
2 4 3 36 9
1 1 4 12 7
5 5 5 45 9
2 1 2 15 6
1 5 5 33 10
2 2 5 18 6
1 3 3 14 10
2 2 2 24 9
2 3 2 14 8
3 5 4 36 15
3 2 5 30 1
1 3 2 24 9
1 4 3 16 4
5 5 2 36 15
1 3 1 10 12
5 4 1 30 4
3 2 2 21 11
1 5 3 36 3
2 4 1 14 7
5 5 4 28 2
1 5 4 20 2
3 5 1 27 9
4 1 1 18 4
5 3 1 27 3
4 1 5 20 9
3 2 3 24 8
3 3 2 32 1
1 5 1 28 13
2 3 4 27 8
4 5 4 39 2
5 2 1 16 1
1 4 2 21 14
5 5 4 42 9
2 1 1 8 8
4 4 2 20 3
3 1 1 10 12
5 4 5 56 1
3 4 5 48 9
5 3 5 52 13
4 3 1 16 4
2 2 1 15 10
2 1 4 14 5
4 2 5 33 3
3 2 1 12 13
2 4 5 44 2
3 3 3 27 5
5 4 3 48 6
5 2 2 27 1
2 2 3 21 4
5 5 2 48 9
3 4 4 33 6
5 5 3 26 11
5 4 1 40 10
4 4 5 26 11
3 5 4 36 4
4 1 1 24 10
2 3 3 32 9
5 4 2 33 3
3 4 1 32 6
1 5 3 18 6
3 4 3 40 7
4 1 5 40 11
5 5 3 52 6
2 1 1 12 12
1 3 1 15 1
5 3 5 52 11
2 2 1 10 11
2 2 1 20 11
