200
4 4 3 22 7
2 2 3 14 6
3 2 2 21 11
1 4 4 36 13
3 1 1 10 7
2 5 3 40 14
2 2 2 12 11
3 4 1 16 15
2 4 3 36 3
4 5 5 42 4
2 5 3 40 9
4 2 4 40 6
4 1 5 40 1
4 1 4 18 1
5 4 5 28 7
3 4 3 20 8
1 4 2 28 7
1 5 4 20 13
2 2 2 24 11
4 5 1 40 14
5 4 2 22 12
1 2 5 16 8
1 5 4 30 13
2 5 4 33 7
2 2 2 24 14
3 1 1 15 3
2 4 3 18 10
3 3 3 27 13
5 5 4 28 12
3 4 5 24 15
1 1 2 8 5
4 4 1 18 5
4 3 4 33 15
1 3 1 20 13
4 5 1 40 4
1 2 2 15 9
2 1 3 18 14
4 3 5 48 4
5 5 5 60 8
1 2 3 24 8
4 2 1 28 15
1 5 5 44 2
3 1 1 20 14
4 5 3 24 10
2 3 1 24 3
3 5 3 22 6
2 5 3 20 1
1 4 2 28 8
4 4 2 20 8
5 5 5 45 5
3 2 1 12 13
4 1 3 32 15
5 3 2 40 1
5 3 4 48 14
5 1 4 40 4
1 1 5 28 4
1 3 5 27 14
2 3 1 24 6
4 3 4 44 14
1 1 4 12 9
1 1 1 6 7
4 4 3 44 10
3 5 3 33 3
3 4 5 36 10
1 1 1 6 3
4 1 5 30 9
3 3 1 28 9
4 3 4 33 9
4 1 5 30 10
3 2 1 18 12
3 4 4 44 1
4 5 2 22 4
3 4 1 32 5
4 1 3 24 12
2 4 5 44 10
5 3 5 52 1
5 4 4 39 7
3 2 4 36 15
2 1 4 21 4
3 2 3 16 12
1 5 2 16 2
2 3 4 18 7
5 4 2 22 14
3 3 4 30 3
4 2 2 24 5
5 2 4 33 1
4 1 5 20 7
2 3 3 16 7
5 2 3 20 11
5 4 3 36 12
2 4 1 28 4
1 5 5 44 13
5 3 2 20 11
5 3 3 44 1
1 3 5 36 7
1 5 1 28 14
1 2 2 10 4
2 1 1 16 8
1 1 4 18 7
5 4 3 48 5
1 4 2 28 9
3 1 4 24 8
1 4 3 16 7
1 1 2 12 6
4 1 5 20 12
5 1 5 33 9
3 3 3 18 1
1 2 4 21 10
4 4 4 48 12
1 3 1 15 11
4 4 5 52 7
3 1 2 12 14
4 2 1 28 15
4 2 1 21 11
4 4 1 18 7
1 3 3 21 5
1 4 1 18 8
5 1 5 33 8
4 5 2 22 1
4 5 3 24 12
2 1 1 16 12
5 3 1 18 14
1 3 2 12 13
4 2 2 32 3
1 4 2 21 14
3 1 3 14 13
4 1 3 24 4
2 3 2 14 7
5 5 5 60 15
4 4 5 39 13
3 4 4 33 6
3 3 1 21 5
5 1 4 20 6
2 4 1 21 6
2 2 4 16 10
2 5 3 20 13
5 2 1 16 11
4 3 3 40 13
1 1 1 9 6
1 2 5 16 8
3 1 1 15 10
2 2 5 36 7
1 5 3 18 2
1 2 1 8 11
5 1 5 44 1
1 1 5 28 9
1 2 5 32 1
5 5 5 45 2
1 1 1 12 6
2 5 3 20 13
1 4 2 14 15
2 4 1 14 9
5 5 4 42 12
2 1 3 24 6
3 3 2 32 2
5 1 3 18 2
1 3 2 24 7
2 1 5 16 2
5 1 3 18 8
2 3 2 14 2
3 5 5 26 14
3 1 2 24 12
2 5 4 44 6
2 3 5 40 4
3 1 2 12 7
1 5 5 33 12
1 1 4 24 5
1 5 3 36 15
1 4 4 27 10
4 2 4 20 12
1 4 5 20 13
4 2 4 20 13
2 3 4 18 12
5 4 4 26 6
4 4 5 52 7
5 3 1 36 8
4 2 5 33 1
3 3 3 27 2
1 2 3 12 9
1 1 2 12 1
5 2 4 33 5
1 5 5 22 10
4 4 4 48 12
2 5 5 24 1
1 3 5 36 12
4 3 2 18 15
5 1 2 32 5
4 3 4 22 15
4 5 2 33 3
4 1 5 20 4
2 5 5 48 11
3 2 5 40 8
5 3 3 33 7
3 3 1 14 8
1 1 3 15 6
3 3 1 28 11
2 3 2 28 10
1 1 2 8 10
1 1 5 14 12
2 2 1 10 15
