50
1 5 1 14 14
4 2 2 16 14
3 5 2 20 8
2 1 5 24 3
4 4 3 22 5
5 5 5 45 12
3 2 4 18 10
1 5 4 40 1
4 1 4 18 10
1 2 1 8 9
3 4 4 44 11
3 4 3 20 15
3 4 4 44 1
2 3 1 12 14
5 3 3 33 8
4 1 1 12 5
4 3 2 27 4
5 3 5 39 7
5 5 5 30 13
4 2 4 20 5
4 1 2 21 5
5 4 2 33 5
5 2 2 27 9
5 3 4 36 12
5 2 2 27 9
5 5 1 22 2
4 2 4 20 1
5 4 4 52 5
2 1 1 16 12
1 4 2 21 11
4 5 4 39 10
5 4 5 28 5
5 1 5 22 14
5 4 3 24 7
2 4 5 22 6
3 1 5 36 3
5 2 1 32 8
3 3 5 22 14
5 4 3 24 13
5 3 2 30 13
5 5 2 24 10
2 5 4 33 4
4 3 5 24 6
2 5 2 18 11
4 3 3 20 6
1 1 4 18 7
4 4 4 36 11
3 4 3 20 13
3 2 1 18 2
1 3 5 36 6
