150
4 1 1 24 13
4 5 1 20 10
5 4 2 33 9
5 3 1 18 6
5 2 1 16 10
1 3 1 10 3
5 4 5 56 14
2 1 3 12 14
2 1 5 24 4
2 5 2 18 6
2 5 1 32 5
2 2 3 28 6
3 3 2 32 1
4 1 2 14 9
1 3 3 14 4
4 1 3 24 8
1 3 5 18 9
1 3 2 18 6
2 1 2 10 9
1 2 4 28 15
5 3 4 24 6
4 2 5 22 15
5 5 1 22 13
1 5 1 21 13
2 5 1 32 3
5 5 4 28 1
3 3 5 33 15
5 5 5 60 11
5 1 5 22 13
3 3 4 30 4
4 4 5 39 12
3 1 5 18 12
1 4 2 14 12
1 4 5 40 7
2 5 4 44 13
1 1 4 12 1
4 3 3 20 2
3 2 1 18 1
2 2 4 32 10
5 4 3 48 6
2 3 5 30 4
1 3 2 18 9
2 1 1 16 14
5 4 1 20 5
4 1 3 32 6
1 4 4 27 7
4 3 1 16 15
5 5 4 28 15
4 3 2 36 4
3 3 1 21 10
3 5 4 36 12
2 3 2 21 9
1 1 2 12 14
4 4 5 39 4
1 1 4 24 15
5 1 5 33 13
1 2 2 15 3
4 4 5 52 6
2 3 5 20 12
4 3 1 24 12
4 2 5 22 10
1 1 5 14 7
3 5 4 24 2
5 1 4 40 8
2 1 3 18 3
5 1 1 28 12
2 5 1 32 5
1 5 2 32 13
1 4 1 12 8
3 2 2 28 5
3 1 3 28 14
2 4 1 14 2
4 3 5 48 10
3 2 4 36 5
2 4 3 18 8
4 4 3 44 6
3 3 4 30 9
1 4 4 18 6
2 2 5 36 13
3 1 1 10 12
2 3 4 18 10
3 1 4 24 4
2 3 4 36 14
3 2 3 32 3
1 1 5 28 9
2 1 5 16 13
3 3 5 22 14
1 4 4 36 1
3 5 4 24 10
5 5 4 56 8
1 3 4 24 13
2 5 2 27 1
3 1 5 36 9
3 5 4 48 1
4 3 1 32 14
3 5 2 40 3
4 4 4 36 12
4 3 3 20 9
4 5 4 52 11
3 3 5 33 1
4 3 2 27 15
2 5 2 27 7
2 2 4 32 11
4 4 2 40 13
1 1 1 12 11
5 1 5 22 10
3 2 1 18 9
4 2 5 44 3
4 4 1 27 2
3 1 3 21 5
4 1 4 27 14
3 2 3 16 9
4 2 4 40 6
2 5 5 48 11
5 5 4 28 6
3 5 3 33 9
1 2 3 18 13
5 3 3 33 5
3 3 2 32 14
2 4 1 14 7
1 5 5 22 3
2 4 5 33 2
3 5 4 48 8
5 3 5 26 3
2 1 5 16 3
5 2 4 33 6
3 2 2 14 3
3 3 3 36 11
1 3 4 24 1
4 2 1 14 5
3 2 4 18 13
3 4 2 18 9
2 2 3 14 12
2 4 2 16 10
4 5 5 42 9
4 1 1 18 6
2 3 1 18 9
5 5 3 39 5
1 4 3 16 15
5 4 5 28 3
3 4 3 30 2
2 3 3 24 15
3 1 1 20 1
2 2 4 32 6
3 5 5 26 14
1 3 1 10 15
3 5 4 24 14
1 2 4 14 12
5 5 2 24 14
3 1 3 28 8
