350
16 58 224 6
19 8 333 5
14 574 893 2
3 413 490 7
15 337 440 2
18 28 145 9
9 56 192 8
9 451 737 6
1 274 438 8
12 567 828 9
6 277 548 2
3 364 432 9
13 572 887 10
9 618 825 2
18 248 351 2
11 323 659 8
18 229 491 1
9 650 1009 10
11 31 363 5
16 643 755 9
19 322 430 8
17 662 893 7
4 436 745 6
17 555 766 9
18 278 543 3
14 528 622 2
4 232 374 4
8 233 401 2
19 175 236 10
18 410 772 8
6 307 512 6
13 423 612 7
1 579 924 9
8 290 573 6
8 580 839 1
10 673 940 1
17 76 228 2
9 195 243 9
15 193 424 6
10 375 550 2
5 571 864 2
8 127 244 5
16 125 390 3
3 287 620 5
9 225 309 10
8 305 493 4
8 87 130 8
11 160 514 4
11 479 610 5
11 582 841 4
4 629 699 1
8 480 750 10
16 173 233 6
12 584 664 7
20 486 669 9
15 139 255 10
9 87 354 8
1 381 425 2
4 177 443 3
17 207 538 7
9 66 421 4
7 519 810 8
12 248 582 7
12 368 592 7
7 179 511 5
20 300 544 1
2 34 202 10
19 25 129 2
20 81 410 2
19 659 826 9
20 228 530 3
13 418 761 9
18 385 595 10
18 540 655 1
 
1 264 339 6
17 425 720 1
17 131 445 4
10 539 799 4
11 205 410 8
19 218 307 2
9 427 532 4
3 473 718 9
12 100 428 8
1 109 203 4
14 588 906 3
19 221 503 4
1 620 825 5
5 11 65 2
1 394 642 8
3 120 170 5
6 633 841 7
9 104 381 6
12 122 215 3
17 229 439 10
16 93 158 1
14 491 642 6
20 186 346 6
16 436 626 5
16 359 561 6
12 695 983 1
1 368 548 2
3 165 500 10
10 529 839 2
5 667 1007 6
8 282 516 9
2 563 834 6
20 63 256 8
19 247 369 10
14 132 407 4
6 227 356 1
7 336 652 7
14 70 403 4
17 401 655 5
17 455 586 10
14 480 678 6
9 153 366 5
5 200 284 9
5 350 419 6
11 354 458 7
16 37 222 6
12 148 247 9
16 40 211 5
12 563 814 10
20 72 436 4
11 197 461 7
1 571 642 4
3 355 683 10
13 120 282 2
15 6 105 10
16 287 454 4
13 495 759 3
16 428 697 7
16 244 389 8
15 350 668 6
17 344 435 1
6 575 777 10
13 653 822 4
8 590 697 7
15 509 677 5
2 380 629 2
9 172 406 4
2 214 289 7
6 7 254 7
2 328 403 5
20 513 803 8
19 356 688 10
16 619 850 10
19 171 334 4
13 484 783 5
1 158 209 4
2 225 458 1
5 267 336 10
16 19 269 7
10 161 257 1
4 335 544 9
7 194 349 4
18 565 682 10
16 139 317 7
4 260 526 10
14 544 877 8
19 626 760 6
4 322 499 8
16 688 1031 8
14 270 598 6
13 19 120 8
8 681 875 7
6 395 723 1
16 144 433 6
5 372 451 1
12 545 873 1
1 540 657 4
9 355 561 10
4 98 261 2
17 95 194 5
5 490 839 5
9 416 486 3
12 456 751 8
20 354 538 7
11 258 408 10
11 304 531 3
18 418 755 10
1 458 807 2
2 12 263 8
1 476 823 6
16 520 733 7
3 425 629 6
18 338 649 3
2 208 390 4
20 622 835 6
19 43 346 4
8 641 854 10
8 152 201 2
20 392 738 5
11 387 474 10
10 498 664 6
10 174 455 5
16 238 346 7
10 384 556 10
2 37 171 4
3 480 530 7
1 23 150 4
15 364 643 9
14 633 965 6
14 534 635 6
1 621 755 5
15 376 426 3
9 488 619 7
14 94 356 4
15 449 658 9
16 366 510 2
3 519 614 8
8 112 427 9
20 537 682 1
19 600 700 7
1 266 589 10
14 555 642 4
8 284 401 10
1 626 664 3
18 6 204 2
17 210 270 8
14 358 496 10
2 249 538 5
12 311 474 7
18 232 430 5
16 591 846 6
12 662 893 8
19 88 250 5
8 663 982 6
16 278 529 9
17 122 309 1
11 43 185 1
7 452 504 3
8 182 296 4
1 430 568 6
16 535 688 6
18 651 1016 3
10 98 215 9
6 364 415 4
3 143 242 7
2 169 385 6
7 376 639 3
12 374 506 9
17 145 287 6
5 378 730 2
19 490 764 4
11 437 679 1
18 265 441 6
20 410 497 1
18 128 441 1
15 515 864 5
15 691 896 1
19 662 790 1
19 436 614 1
19 266 584 4
3 682 777 10
5 666 953 1
5 637 774 9
17 426 727 2
8 510 647 7
6 538 702 7
9 286 573 7
1 281 384 10
20 268 395 9
11 209 342 10
20 278 633 3
1 620 893 3
5 474 661 4
17 652 956 10
15 13 308 3
4 662 852 6
11 398 447 3
19 345 619 7
1 456 647 5
7 24 214 6
14 144 358 4
11 268 603 7
18 298 535 5
4 698 886 5
13 292 591 5
6 685 785 5
19 138 373 4
17 115 231 2
16 561 612 9
20 519 587 8
20 422 634 1
10 251 530 4
1 300 485 10
1 87 296 9
19 302 643 4
15 86 220 4
20 485 730 10
16 406 636 8
2 126 197 6
12 242 404 9
8 84 157 8
9 112 333 2
17 525 861 4
18 589 763 10
15 80 264 10
7 163 374 10
18 298 459 3
12 689 843 3
13 132 485 2
1 52 103 2
10 626 749 4
12 557 778 3
15 548 656 3
20 600 717 2
18 664 793 10
8 486 711 3
14 496 629 9
6 531 669 8
20 139 198 2
7 145 293 3
20 216 565 9
6 211 493 7
1 34 374 3
11 419 661 6
17 335 510 10
18 285 439 1
9 310 478 6
2 58 186 10
3 184 315 1
18 248 525 1
12 663 1016 9
17 218 394 5
14 531 669 1
12 413 707 6
5 599 830 9
7 397 504 2
2 541 701 7
16 169 320 4
18 560 913 8
1 265 327 5
8 55 123 7
3 83 304 5
8 54 103 1
15 53 305 4
5 291 507 10
3 402 736 2
8 636 738 2
15 683 818 9
12 13 206 9
4 581 632 3
10 204 504 7
6 393 507 6
20 312 628 4
9 454 726 6
6 506 645 6
13 667 866 1