400
14 584 663 7
18 190 423 10
20 32 123 10
2 571 846 9
10 291 645 4
5 424 625 7
7 203 465 9
1 295 671 5
10 657 959 9
15 595 810 3
10 224 311 2
5 637 947 4
12 252 447 9
9 251 375 6
18 296 614 1
7 667 1070 3
10 341 638 4
5 761 939 1
15 610 928 9
1 457 815 4
14 735 812 3
17 437 539 5
20 367 656 5
1 228 596 7
1 372 651 10
15 64 193 5
20 92 422 5
12 658 911 3
3 261 376 4
2 58 455 10
18 524 679 1
2 22 70 10
20 264 420 7
6 231 341 9
2 737 1058 4
2 168 491 2
11 424 582 7
17 598 826 4
10 553 950 4
14 155 298 10
7 600 963 7
9 147 353 4
14 327 510 8
2 677 844 7
18 375 675 5
13 89 378 4
10 520 791 1
6 750 882 5
10 555 856 9
5 49 340 8
20 671 896 5
18 267 451 8
4 510 717 2
8 411 518 8
15 353 581 10
4 661 923 5
5 701 831 6
16 788 1066 7
17 795 1170 7
16 505 836 7
1 796 1063 5
20 35 396 7
14 556 775 2
12 167 412 7
15 119 285 5
10 548 779 7
14 574 927 2
8 708 978 4
6 548 599 6
14 88 445 5
6 768 1015 6
14 47 459 8
20 626 799 10
3 712 794 7
8 63 223 10
15 616 756 9
16 315 565 6
4 416 533 2
9 611 999 10
17 583 788 8
13 555 893 8
6 197 454 8
5 359 557 3
14 99 331 8
9 668 879 8
15 287 460 9
4 356 405 9
8 721 992 1
7 170 370 4
15 497 638 2
4 69 364 2
9 615 873 4
3 367 719 2
1 450 725 1
10 507 560 6
14 427 671 8
10 754 910 10
16 646 749 7
20 610 841 3
4 283 664 1
8 39 257 6
5 695 1039 8
9 291 560 3
3 318 440 4
14 30 312 1
4 373 604 1
10 254 443 5
5 691 926 3
2 188 379 9
3 242 455 6
7 692 746 8
3 195 557 3
18 576 883 3
5 191 287 3
12 790 1171 8
5 682 1023 3
18 260 365 1
14 632 960 5
3 143 252 7
12 650 746 8
7 558 902 2
7 126 205 10
18 548 884 10
17 615 743 4
16 634 864 3
1 343 629 3
8 560 638 8
10 83 343 5
14 381 750 4
20 605 949 5
1 572 777 8
13 246 408 6
1 60 238 7
15 698 1012 10
5 401 615 9
9 366 632 4
4 452 627 3
11 387 704 4
8 324 514 3
17 429 846 6
16 591 876 3
14 117 340 7
15 484 845 5
19 544 756 6
6 349 554 10
13 304 530 5
15 418 813 3
18 228 336 10
4 417 765 2
10 308 694 4
1 117 383 2
13 493 820 10
18 719 1003 6
13 365 564 4
11 161 528 6
1 238 415 5
6 507 815 4
5 553 936 5
14 565 740 9
12 753 976 2
18 48 134 3
18 332 694 7
10 322 551 9
8 377 431 2
17 647 908 1
4 53 274 4
19 521 694 9
9 517 855 3
10 260 488 9
6 228 541 10
1 717 1055 5
12 327 582 6
18 483 762 6
3 765 878 10
18 243 572 4
11 631 869 5
19 459 788 6
10 218 557 10
2 785 1006 3
6 139 233 2
20 54 321 6
11 524 837 2
7 29 101 3
2 723 1066 10
6 78 360 6
1 764 947 5
5 236 288 5
19 29 197 1
11 531 688 5
10 95 288 8
18 766 1024 10
19 99 504 6
6 673 980 10
8 682 823 7
15 543 800 5
11 195 247 5
10 375 689 7
7 308 444 6
14 84 317 6
11 32 270 4
10 478 675 9
4 792 865 4
8 215 375 4
8 758 1145 2
19 214 471 6
15 372 784 3
12 65 190 7
17 254 537 3
18 696 759 5
18 372 631 7
11 419 549 8
4 21 199 1
17 542 909 2
15 159 255 7
2 699 1049 1
10 101 284 8
11 311 526 3
14 218 325 3
7 473 630 7
18 741 1004 7
9 266 447 2
1 608 775 9
12 781 849 6
20 790 1167 10
1 165 213 1
10 272 405 8
18 798 1119 8
7 703 968 7
16 48 139 5
16 524 601 9
6 365 428 10
8 581 982 1
9 387 722 6
1 211 414 9
18 429 722 10
6 170 503 4
10 56 146 7
5 420 519 7
4 519 725 3
16 432 508 4
4 741 1038 3
20 735 1010 2
14 79 432 5
9 559 732 6
7 625 699 1
8 238 331 7
10 305 668 4
7 571 827 1
5 87 385 6
16 583 665 2
7 357 597 5
15 712 824 9
17 730 995 4
1 54 154 5
19 793 1073 10
9 179 242 10
19 692 837 1
3 376 653 1
19 71 345 6
19 186 422 1
13 9 150 5
12 93 232 7
20 302 570 10
9 693 1039 1
1 300 418 4
9 729 1132 3
14 466 653 6
15 666 778 3
6 343 670 6
20 60 422 3
2 7 336 6
2 779 901 2
2 518 604 8
14 68 357 1
13 691 770 5
14 775 995 6
1 593 772 3
10 399 544 3
1 236 364 3
7 153 385 3
18 215 494 1
14 173 318 7
11 145 278 2
12 339 449 7
17 347 674 8
7 381 432 10
15 299 449 2
7 335 692 10
15 410 724 8
5 397 600 3
6 788 919 8
19 658 879 5
3 478 812 2
9 204 320 10
1 739 843 6
12 245 312 3
19 444 838 9
16 166 556 7
17 797 951 10
2 222 472 6
7 362 744 1
17 648 712 2
6 54 200 5
19 97 254 6
11 463 560 5
9 228 501 2
3 686 846 3
4 575 833 9
4 517 692 9
18 263 425 1
15 416 724 6
5 139 408 10
1 226 453 10
12 208 590 4
9 171 536 2
6 172 406 5
15 58 396 5
10 573 860 8
5 425 810 5
6 686 930 3
15 155 290 3
10 168 350 8
9 596 998 4
15 251 329 9
10 639 979 3
4 449 700 5
7 186 281 10
11 273 375 6
4 726 814 7
8 464 846 8
3 326 599 10
20 736 1071 5
11 19 126 3
10 318 728 2
8 678 821 4
4 724 970 10
5 246 580 6
7 774 1024 1
7 274 669 5
17 746 878 10
16 185 464 4
17 461 755 3
2 5 369 6
6 49 229 8
15 220 337 8
17 376 777 2
8 613 855 6
13 141 445 10
7 151 274 1
19 625 821 7
7 581 870 5
5 26 92 2
20 743 1102 8
3 383 479 6
15 460 805 8
12 166 379 8
1 87 239 3
6 288 404 5
2 732 940 5
2 767 823 10
16 411 508 10
11 794 919 5
14 706 825 4
2 199 415 3
16 475 735 7
11 413 693 5
5 65 231 4
1 548 859 7
18 785 1046 10
8 215 498 1
8 648 874 1
9 741 854 3
11 642 761 6
18 141 284 7
2 689 1027 3
19 333 694 3
14 282 455 6
2 675 989 7
2 595 827 7
3 534 593 6
7 671 781 4
15 620 831 6
9 65 271 2
4 217 323 4
7 193 242 2
15 234 489 9
10 30 220 1
7 259 396 5
19 396 687 10
5 222 286 5
17 305 585 3
20 590 982 1
15 664 804 8
13 37 393 5
1 639 858 5
1 311 519 7
12 228 297 6
13 351 414 3
4 378 462 10
12 101 191 9