450
2.26 4.87 1.19 1.0 3.86
8 136
9 470
6 506
8 157
7 270
8 482
13 791
11 733
13 81
10 618
7 758
10 17
11 720
6 315
8 851
16 599
8 443
13 438
12 449
9 203
2 724
9 173
4 834
11 555
6 12
5 808
9 299
11 416
8 0
7 580
8 416
6 696
5 531
7 283
10 130
6 57
12 641
9 734
16 139
11 706
9 465
10 409
17 381
15 837
7 782
6 307
12 858
9 859
15 681
14 48
8 158
6 299
1 260
13 848
9 608
4 37
7 651
8 473
7 112
6 303
4 34
13 649
3 363
13 269
3 0
8 805
8 251
13 597
4 134
13 772
11 864
11 752
12 401
6 732
8 410
11 880
13 815
8 780
4 216
11 72
9 534
16 726
8 580
10 95
13 609
12 673
13 718
10 218
11 354
12 782
8 233
10 809
8 488
8 273
11 841
13 63
7 466
8 147
10 714
3 273
10 440
6 683
8 625
8 881
10 593
9 793
8 153
10 458
15 757
15 812
18 162
11 210
8 520
10 443
14 770
9 89
7 807
7 79
5 673
10 334
8 332
6 177
9 14
6 448
10 69
10 451
5 711
11 649
7 626
9 719
9 214
10 553
9 521
10 349
11 230
9 546
10 119
10 134
9 896
10 757
4 443
10 639
12 726
9 343
14 513
5 562
5 71
8 136
8 737
9 287
6 403
8 543
6 348
4 156
6 137
6 897
14 828
10 80
10 180
11 422
7 613
4 740
8 300
11 615
4 57
8 644
8 539
6 573
6 545
9 142
10 275
4 149
9 682
10 315
6 363
12 578
7 10
5 794
7 277
10 692
9 253
12 69
12 509
14 819
13 120
8 19
9 452
10 217
8 61
9 693
7 57
8 517
9 532
8 617
8 499
15 175
3 5
10 321
11 650
9 434
8 498
5 854
10 591
12 625
13 35
9 863
8 570
7 641
9 47
7 709
7 322
8 578
7 482
12 671
9 642
4 383
17 646
9 403
1 307
9 447
15 409
10 651
10 669
16 789
10 570
13 781
11 487
7 612
9 633
13 389
12 667
12 739
9 634
12 764
10 246
10 83
10 344
7 499
14 177
13 397
7 830
6 46
8 822
9 33
14 235
7 0
9 463
7 546
8 80
12 493
10 182
17 758
6 255
11 665
8 826
14 68
10 159
10 731
8 787
1 604
5 719
9 625
16 815
6 559
10 452
11 836
9 764
15 203
11 633
12 240
15 444
6 175
7 745
11 269
7 144
12 2
9 701
9 19
10 735
11 184
6 868
12 683
11 438
9 34
11 74
10 717
13 19
9 164
11 502
17 695
11 426
9 783
9 544
9 69
12 401
6 828
7 502
4 105
5 621
4 349
10 302
9 232
12 319
12 826
7 40
3 505
10 522
4 637
5 714
9 552
6 849
11 218
7 25
12 725
11 67
16 830
9 838
13 481
7 610
10 482
11 261
10 474
6 173
7 458
10 564
15 669
6 167
10 644
9 46
13 753
10 297
6 492
6 722
8 571
15 450
9 788
13 520
9 765
10 25
5 261
13 253
10 656
9 672
10 543
10 450
13 579
11 685
6 756
13 462
14 380
11 291
5 694
6 774
9 166
11 803
11 216
13 824
10 89
9 183
9 126
4 231
9 254
5 581
12 364
9 690
1 662
12 651
9 106
7 434
8 554
14 831
15 602
14 575
14 433
12 138
7 233
12 606
6 442
8 158
8 31
10 148
12 602
14 482
15 623
7 65
5 670
5 818
6 355
11 275
7 671
7 448
17 491
11 12
10 813
12 435
11 777
10 66
15 222
7 712
14 278
12 73
10 776
14 434
12 135
12 216
16 800
12 399
10 544
12 604
10 262
11 450
12 696
8 530
4 490
6 295
7 152
6 556
14 490
8 858
3 64
13 240
12 108
13 149
10 659
8 323
12 695
15 857
10 678
12 754
9 837
10 719
11 219
7 834
8 720
7 741
10 546
9 615
8 815
8 11
12 115
13 718
9 217
7 175
10 160
14 818
5 585
9 327
7 806
12 486
8 277