500
3.3 1.0 2.77 4.06 1.43
10 552
8 38
16 978
11 864
7 202
11 194
5 380
12 52
9 738
9 4
12 699
10 48
8 805
13 40
8 203
10 79
8 303
13 401
14 497
6 302
11 225
10 939
6 594
8 264
15 255
8 553
8 400
7 718
11 268
7 953
4 400
14 506
13 856
6 838
10 505
5 929
7 511
8 461
12 229
13 940
15 100
10 920
9 983
12 385
16 535
10 806
7 843
7 990
12 714
8 467
11 360
4 823
10 695
14 809
14 268
8 729
8 216
8 558
11 557
11 71
11 101
15 729
6 693
9 570
9 750
12 688
9 110
8 437
15 578
7 22
15 175
10 468
12 441
12 667
15 926
6 73
11 232
12 710
8 129
6 895
10 478
13 710
9 109
9 382
8 866
7 626
9 439
9 377
11 415
11 339
10 218
11 329
9 794
10 35
6 2
13 28
9 838
10 663
7 609
11 859
8 424
8 467
14 300
9 6
6 642
11 350
10 997
13 571
4 294
6 965
10 760
11 911
7 625
3 34
9 955
13 633
9 940
11 844
11 729
13 654
8 161
9 89
10 631
13 375
12 850
9 854
11 834
7 69
10 709
9 836
11 190
2 369
11 903
9 2
5 157
9 971
11 95
10 973
14 360
15 332
4 989
13 661
18 122
9 663
12 493
8 286
13 43
11 703
2 177
8 17
7 987
10 786
6 865
7 66
10 963
19 91
11 274
8 258
18 794
12 177
14 523
8 841
7 749
11 224
13 980
12 661
14 440
10 442
11 293
3 735
16 369
8 584
11 653
10 729
8 531
15 958
6 150
12 672
7 916
3 722
4 192
13 729
10 435
8 465
10 592
7 672
13 826
12 282
12 439
8 522
13 460
9 806
9 46
11 754
8 748
11 110
8 613
8 725
9 46
6 686
10 870
6 490
12 370
6 516
5 710
7 835
11 343
9 669
8 170
11 965
10 477
11 582
11 339
8 270
8 583
9 852
11 884
8 225
4 1
9 751
9 309
8 522
6 622
9 939
11 842
10 97
9 681
8 925
6 377
8 869
8 12
5 336
9 601
8 819
5 505
10 657
10 907
10 43
5 335
6 245
13 970
12 37
17 68
6 30
11 394
11 50
7 434
11 362
8 873
7 681
11 141
11 890
5 917
11 288
12 136
6 709
12 339
5 452
10 209
7 256
7 934
13 974
11 249
4 258
10 630
11 202
1 550
8 172
17 869
9 116
12 519
8 790
11 344
7 709
12 604
4 13
7 983
16 394
8 527
8 88
9 18
12 92
7 771
10 289
8 801
11 542
10 984
7 770
11 587
1 142
11 531
15 1
6 805
8 70
15 325
9 630
13 113
14 810
6 291
12 752
8 226
12 510
14 350
9 399
9 557
17 17
8 302
9 523
12 636
7 463
10 477
7 410
13 585
4 319
9 272
10 21
11 278
11 436
13 479
11 412
7 507
12 939
10 424
6 934
8 202
14 492
12 12
6 580
7 353
11 418
8 149
8 263
7 991
11 895
12 459
11 285
9 277
14 615
13 69
6 808
13 645
8 509
9 472
9 63
11 379
9 538
9 390
12 783
10 392
13 115
7 635
9 412
9 669
11 431
9 149
10 75
16 673
9 14
9 872
6 793
6 901
13 154
8 579
11 456
4 992
11 336
12 529
9 949
8 991
5 821
8 377
6 530
11 329
7 658
6 253
8 685
6 329
7 6
9 247
8 641
7 889
12 233
17 141
6 204
15 40
16 423
12 166
6 441
9 879
7 514
13 50
10 719
11 433
8 916
14 695
12 127
10 154
5 532
7 198
15 182
9 201
12 514
14 291
4 13
13 465
10 557
3 348
10 19
16 774
9 80
9 12
13 517
15 122
10 99
9 199
10 193
9 145
5 482
8 429
8 977
11 866
10 616
10 771
8 732
8 477
7 83
7 484
10 536
11 671
10 124
10 578
6 5
9 562
1 389
6 827
10 390
7 556
12 663
13 627
10 586
12 682
9 675
9 449
11 572
1 537
11 816
4 961
8 711
9 635
5 604
13 832
10 776
12 155
7 864
8 90
14 207
11 832
10 755
7 776
8 536
3 492
4 147
10 122
3 482
12 825
12 206
11 285
6 261
7 177
9 218
7 947
7 314
10 370
10 925
10 658
13 435
9 408
7 314
10 660
5 144
10 470
8 835
9 926
5 851
9 652
11 528
8 704
2 774
14 566
12 106
9 638
11 404
3 345
7 879
13 340
16 17
10 332
12 302
5 143
9 125