400
1.34 3.7 1.0 2.06 1.78
9 320
15 48
11 118
9 656
10 194
4 495
8 461
10 93
7 59
10 398
11 256
7 752
9 688
10 121
14 734
11 757
14 346
11 9
8 312
10 339
13 616
12 220
11 446
9 648
9 794
7 772
10 139
11 215
11 271
10 58
8 48
10 773
9 641
10 88
9 186
8 258
6 416
12 531
9 556
8 87
9 681
13 450
11 188
6 106
8 409
7 606
9 174
12 326
7 204
11 304
14 540
11 457
8 360
13 585
6 669
13 411
6 149
3 70
12 116
11 487
10 799
9 49
8 320
12 114
10 679
12 543
9 794
11 24
11 215
9 176
12 284
7 772
9 155
9 277
15 449
13 584
11 761
10 210
14 430
12 743
13 366
11 460
9 238
15 340
14 333
12 548
8 214
5 372
6 675
9 581
12 278
8 702
7 453
7 87
5 68
9 245
8 446
12 187
17 558
9 103
8 531
9 480
13 357
7 231
14 157
7 27
10 82
16 567
8 527
10 361
6 284
9 441
6 396
8 105
9 715
6 321
10 629
13 791
12 467
8 138
2 416
8 755
11 131
9 536
9 52
8 158
8 337
11 503
8 757
6 399
8 282
12 155
9 3
12 185
4 47
10 778
10 466
9 85
11 324
5 232
13 144
16 358
8 602
12 662
5 120
10 125
14 19
16 611
11 762
7 419
11 218
8 322
9 339
10 253
13 372
11 98
17 588
7 306
7 399
6 517
12 581
9 480
8 484
6 443
13 522
9 302
8 392
9 549
10 536
14 133
13 674
9 595
9 449
7 39
15 350
6 768
10 719
10 230
10 15
12 330
12 296
5 630
9 508
12 760
13 246
10 162
6 523
11 590
5 314
2 576
9 368
9 445
9 55
13 513
9 480
6 496
8 19
7 771
13 473
5 19
8 285
12 506
9 798
10 446
10 196
3 688
5 206
8 623
7 770
12 65
4 796
9 143
8 440
11 135
4 85
16 661
8 308
7 352
13 633
11 587
13 393
9 376
10 797
5 728
10 522
9 721
11 73
8 597
10 484
7 756
6 264
12 523
10 9
10 285
10 469
13 451
6 254
15 379
16 461
9 422
10 232
11 50
13 215
5 298
11 133
6 422
6 125
11 432
9 75
11 293
12 364
10 419
8 458
10 272
6 440
12 779
12 421
4 147
7 675
9 644
10 40
8 642
9 154
6 505
16 588
9 472
10 356
14 31
11 677
9 419
4 565
7 755
12 589
9 314
13 785
10 297
5 652
12 612
9 90
12 519
11 126
7 179
3 65
10 478
7 368
12 10
2 280
6 77
12 544
9 353
10 666
13 23
12 92
12 429
12 636
12 220
11 381
8 261
11 92
14 491
7 296
20 39
9 364
10 765
9 456
8 604
14 26
9 507
9 668
9 584
14 474
6 65
7 371
4 94
6 332
11 533
9 372
10 377
8 252
12 381
6 641
10 100
8 430
11 59
8 529
10 619
1 290
9 344
12 667
12 187
11 152
16 389
10 475
8 18
8 96
9 391
7 12
8 537
11 792
4 121
14 101
6 387
8 41
11 482
6 123
13 102
16 28
9 436
10 541
11 611
5 266
10 521
5 88
10 55
7 738
7 773
12 165
10 309
16 245
9 31
13 521
4 350
11 288
12 143
13 722
10 579
11 672
13 733
13 752
11 150
9 204
4 791
3 459
6 12
3 436
14 340
13 113
9 433
10 481
11 608
6 75
14 391
7 42
13 135
13 784
11 387
12 783
10 444
11 641
8 717
14 291
3 663
11 677
14 477
8 78
9 330
12 194
9 767
11 359
6 92