300
1.0 3.63 1.42 2.67 4.64
6 222
12 365
13 84
11 336
15 442
7 90
10 511
8 307
10 362
7 46
10 456
12 461
4 345
4 142
14 40
4 282
10 457
11 566
8 89
6 56
7 410
14 192
8 312
5 361
8 108
8 369
7 432
11 379
4 146
8 415
9 505
10 308
12 518
10 525
7 528
9 546
10 587
6 55
8 437
5 558
11 555
11 439
12 498
11 459
8 575
9 504
6 27
14 455
9 475
14 590
11 238
3 506
6 242
14 33
9 243
4 231
10 80
10 344
10 458
10 100
11 553
11 291
12 197
5 231
7 299
12 258
9 190
10 452
12 322
14 168
11 470
11 537
13 100
8 437
8 591
9 200
10 106
14 579
8 298
14 241
10 398
11 106
8 77
12 108
10 114
8 543
9 370
14 166
8 276
10 328
7 567
8 137
8 260
8 6
14 69
8 305
13 574
7 153
10 56
8 164
9 269
10 276
9 217
6 381
10 201
16 60
7 307
13 328
12 462
8 371
5 122
9 426
7 549
9 90
7 491
11 278
13 124
9 186
13 452
9 546
8 458
8 284
9 395
9 210
10 559
11 184
1 570
4 512
10 406
10 311
14 159
15 473
6 48
14 259
6 228
8 216
12 340
8 3
6 265
10 220
8 429
10 442
6 121
7 67
8 398
11 484
13 284
7 254
10 296
15 23
12 296
5 541
7 277
10 121
9 266
16 527
8 381
14 165
13 32
8 166
8 61
11 540
9 509
11 161
14 52
9 585
14 220
6 517
8 262
11 256
12 495
14 261
9 303
2 321
16 395
9 113
12 241
12 495
10 478
6 283
11 435
6 17
6 137
14 590
7 568
8 565
17 214
7 189
10 576
14 265
8 223
7 336
13 134
9 84
12 163
9 355
9 191
9 534
5 188
7 217
11 585
5 458
10 290
7 335
7 532
13 506
5 532
10 0
10 559
9 524
12 221
11 180
14 179
7 444
4 503
4 358
11 133
8 1
8 580
8 99
10 152
11 375
12 134
9 356
8 443
12 463
12 167
11 80
11 555
13 91
7 330
7 267
7 574
14 414
11 141
6 82
12 61
9 129
13 196
10 464
8 448
6 49
6 325
6 321
9 487
13 388
13 139
10 290
6 26
6 154
10 60
6 503
11 379
5 15
5 195
8 549
6 269
12 62
9 458
14 560
6 281
8 426
15 87
12 416
10 433
7 246
8 317
9 409
14 305
15 154
12 333
9 406
12 190
14 64
11 282
5 11
12 152
7 37
3 273
15 282
11 473
13 225
14 261
4 534
8 416
8 498
5 26
4 8
13 424
8 533
15 52
12 326
6 185
10 332
11 252
9 498
9 294
8 464
13 168
3 597