250
3.77 1.0 4.79 4.35 2.59
10 15
5 325
6 411
7 44
11 392
14 356
10 151
8 188
12 261
5 353
6 354
8 62
6 449
11 121
5 158
12 469
8 423
11 208
7 53
13 89
11 448
4 279
12 189
8 343
9 417
10 195
6 478
7 217
13 322
6 407
14 395
2 426
11 207
11 485
6 469
13 110
14 205
10 249
8 209
11 262
2 52
7 18
16 144
8 34
10 417
9 418
13 440
9 492
12 317
3 147
14 165
9 2
13 158
12 337
6 386
6 435
18 268
6 131
10 51
10 279
9 265
4 386
9 62
13 37
15 232
11 8
7 234
13 177
10 15
5 197
6 481
10 274
11 375
8 487
10 490
10 395
8 380
12 5
8 478
7 458
15 218
12 83
9 379
6 371
7 173
6 466
10 467
9 215
7 390
6 432
7 102
8 217
9 465
9 497
9 351
14 387
8 187
11 307
8 388
10 199
10 244
7 331
9 131
13 44
12 229
13 235
6 61
10 364
6 155
8 352
12 443
3 91
13 190
14 160
7 52
12 369
15 392
6 132
9 499
12 177
14 344
8 253
7 1
13 395
10 20
12 185
10 478
7 56
9 87
9 266
14 446
11 17
11 322
11 394
15 133
8 375
4 360
14 59
8 462
12 483
10 23
8 168
11 216
11 160
11 424
13 228
12 4
12 124
8 342
9 76
9 250
12 265
12 116
16 2
10 133
11 183
12 349
8 309
12 74
5 339
9 8
9 125
9 205
12 139
6 22
10 291
7 207
11 254
14 289
8 188
11 300
11 393
9 408
9 492
7 268
12 453
13 450
10 307
3 415
11 206
8 299
8 333
4 77
14 472
5 390
12 415
9 0
8 446
7 372
10 22
14 404
10 418
14 208
12 404
12 468
12 387
11 138
9 451
6 241
7 188
6 80
7 211
10 348
10 22
9 268
4 264
12 130
9 417
10 12
9 100
5 129
7 44
6 48
9 213
10 60
7 366
11 325
8 69
10 40
6 120
17 2
9 422
8 50
9 4
16 144
9 302
5 403
9 25
11 431
12 355
11 200
10 304
12 151
4 83
7 297
4 184
17 131
7 146
9 15
6 492
13 187
10 460
10 492
7 274
8 309
9 453
12 479
11 113
13 119
7 248