200
3.25 3.47 1.96 2.83 1.0
11 105
11 345
10 112
5 196
13 12
7 77
9 315
10 316
8 219
12 202
4 363
6 90
10 160
8 280
9 246
9 335
13 47
7 197
16 204
12 398
7 221
10 339
11 327
16 249
7 97
12 343
11 295
12 36
7 373
5 93
15 351
4 136
3 36
9 50
10 270
11 284
12 397
5 91
7 278
15 271
15 282
7 294
6 146
10 53
15 366
5 16
4 283
9 83
12 113
13 281
8 279
13 82
9 196
5 326
5 99
11 97
6 274
12 78
8 264
12 253
1 280
9 384
9 208
7 304
10 162
14 225
4 306
10 157
15 346
9 175
11 67
11 182
13 300
6 243
13 336
9 366
5 344
7 90
13 182
10 131
10 83
9 278
10 60
10 251
10 278
14 391
11 338
10 324
7 65
10 32
12 226
7 330
11 320
5 351
8 393
7 43
7 240
8 80
8 168
10 112
11 120
10 219
9 41
11 218
11 379
11 81
4 326
13 44
9 52
11 282
5 257
12 331
5 70
7 297
6 255
15 59
12 225
13 281
13 376
16 273
10 347
5 336
10 105
10 95
9 299
13 97
13 205
9 207
10 257
7 307
7 160
10 5
13 200
7 252
8 77
12 171
11 122
12 286
10 315
9 177
7 42
6 80
12 32
10 237
9 259
9 282
9 101
9 29
4 259
6 310
10 97
7 289
7 390
2 180
9 370
15 36
9 84
10 98
11 39
14 172
12 299
7 166
6 67
11 277
8 265
6 126
9 97
9 11
10 53
10 120
10 357
7 214
11 99
10 153
10 314
8 48
10 393
11 209
12 5
10 259
10 315
8 14
8 100
8 42
14 78
7 187
8 332
14 155
11 74
9 249
9 57
9 90
8 224
8 251
9 390
12 203
8 45
8 37
7 29
8 149