150
4.09 3.84 1.82 4.9 1.0
8 258
7 155
11 99
6 18
7 123
11 78
10 143
14 155
11 259
8 199
8 77
7 67
9 5
8 113
5 237
8 23
12 35
12 136
12 13
14 197
8 209
12 16
4 263
9 148
9 180
13 277
10 62
5 118
8 256
14 70
9 105
4 119
14 45
3 132
11 60
8 242
7 254
12 37
8 113
13 71
6 93
7 166
11 77
12 96
15 106
7 10
7 281
10 288
8 123
6 237
10 65
10 138
13 233
7 272
13 139
8 57
9 212
10 181
9 143
8 2
10 226
14 23
10 243
9 144
11 56
8 236
8 22
11 268
13 20
7 193
9 137
12 294
17 79
7 221
12 202
6 271
10 218
12 122
7 151
10 68
6 294
7 172
10 131
15 147
11 233
12 135
8 115
14 199
11 51
17 251
7 77
15 264
4 254
8 50
8 157
11 261
6 109
16 102
7 76
11 217
11 284
13 82
13 287
14 102
10 193
13 215
10 219
10 264
5 134
12 265
8 190
7 93
7 75
11 114
12 206
8 255
10 208
5 281
4 206
10 149
11 7
8 53
12 172
6 33
9 181
10 276
8 257
13 277
4 258
15 151
11 199
6 45
11 25
7 171
9 258
13 194
11 162
10 89
12 120
11 104
6 261
4 242
8 290
4 25
4 37
15 157
12 223
6 39
11 132
3 274