100
4.87 1.0 2.86 2.34 3.34
12 173
6 108
10 148
12 57
4 138
11 153
6 7
14 130
9 55
7 177
12 11
8 46
14 163
10 29
9 83
9 150
14 174
9 165
11 118
11 4
7 114
18 110
10 128
9 138
5 97
8 178
6 47
5 31
2 103
4 41
7 11
17 179
5 92
14 17
15 134
7 182
8 70
11 103
11 159
8 171
10 0
11 128
9 111
4 16
12 13
8 196
9 191
8 100
9 30
8 96
8 185
8 168
6 183
11 97
15 96
6 104
9 25
12 45
10 37
7 21
15 111
8 79
15 45
14 43
6 38
8 5
5 67
9 156
14 18
19 176
10 121
17 134
7 82
10 185
8 166
4 176
9 141
13 47
9 42
12 74
7 72
6 144
14 0
12 126
12 78
15 78
9 80
9 11
5 40
10 132
10 165
11 171
6 20
12 99
7 92
11 71
10 150
6 128
10 161
11 146