350
1.0 1.38 1.58 2.17 4.17
11 85
7 406
9 429
8 673
9 465
7 668
8 592
10 612
10 325
13 333
8 614
8 511
9 173
13 49
12 498
7 294
7 103
7 98
13 480
10 313
13 196
7 286
8 529
8 164
6 143
10 238
12 359
12 317
8 184
9 43
11 614
9 159
12 556
8 270
9 628
6 676
11 633
11 182
8 524
9 39
11 617
5 385
7 633
8 528
9 545
11 221
12 36
14 585
11 236
10 107
8 271
11 69
12 416
12 138
10 336
1 474
11 424
9 436
12 140
14 511
6 480
7 276
10 44
6 209
9 306
5 577
5 542
8 506
8 149
9 510
9 426
12 454
10 451
6 399
8 176
9 386
16 228
10 460
8 294
9 563
12 196
9 477
8 64
7 71
5 541
10 407
5 76
7 305
13 102
9 214
10 0
7 353
8 248
5 576
5 273
7 665
9 159
8 152
6 560
6 407
8 9
8 151
9 219
7 643
14 7
14 343
5 102
8 393
10 656
8 620
9 382
11 209
7 635
8 587
6 530
11 168
10 275
10 44
9 251
14 425
8 199
12 654
11 74
9 22
14 66
12 133
15 628
10 358
9 393
10 657
14 610
9 466
15 485
11 328
5 136
14 302
9 523
7 84
4 324
11 597
6 82
14 20
10 243
12 274
9 691
9 484
11 226
10 483
10 665
7 260
13 643
9 630
9 316
12 697
6 675
9 212
8 130
12 426
9 371
12 600
9 233
12 367
13 333
10 665
13 474
8 64
12 173
10 176
9 211
12 87
1 43
11 420
8 573
6 698
13 377
5 437
12 512
13 121
5 630
7 640
10 520
4 481
11 338
9 298
7 125
12 652
11 340
15 478
11 491
6 177
12 575
9 355
11 90
13 190
14 366
10 133
11 486
9 420
9 104
7 3
7 104
10 676
11 509
8 39
13 146
12 433
14 597
11 425
11 97
14 404
15 42
9 638
8 653
11 229
8 229
8 443
10 148
9 662
9 87
7 73
10 73
8 565
5 460
7 600
11 168
13 238
12 473
8 476
8 197
8 664
11 689
11 85
8 341
12 152
13 466
7 35
12 531
14 127
5 463
9 125
15 59
7 42
13 327
12 346
9 90
10 107
7 257
11 268
9 409
15 152
13 543
17 588
13 311
15 369
7 110
8 569
11 279
9 294
3 69
5 692
8 499
14 516
12 227
9 43
10 611
5 418
7 485
7 248
11 164
13 499
12 575
5 87
8 523
11 681
10 374
11 614
4 646
8 506
8 138
8 114
7 118
9 323
7 102
13 160
8 121
6 406
11 541
10 522
13 559
10 588
11 115
9 684
9 86
8 399
10 692
11 520
5 21
9 100
11 464
10 524
7 680
12 26
14 533
9 686
11 270
6 231
15 543
11 467
9 573
9 138
11 538
8 619
6 532
12 217
12 389
13 221
14 599
9 585
11 567
2 221
6 537
7 642
11 612
10 147
13 445
10 522
11 507
8 489
8 78
9 59
11 45
7 122
7 81
15 262
11 624
8 131
10 276
13 656
7 133
13 10
10 558
13 503
12 685
14 502
8 245
15 552
10 588
7 686
14 130
9 71