100
4 776 978 7 
5 344 945 2 
7 52 114 9 
4 733 746 9 
2 161 678 4 
8 185 369 10 
5 101 836 3 
6 475 695 1 
5 855 933 7 
1 535 695 8 
6 812 965 7 
4 283 440 7 
8 87 821 9 
5 326 517 10 
10 888 954 3 
6 453 607 10 
7 771 854 2 
2 140 466 1 
5 396 905 2 
2 805 950 10 
1 611 819 8 
8 8 988 10 
4 101 345 6 
8 195 546 5 
6 398 571 8 
10 50 854 9 
2 895 946 8 
3 21 959 5 
3 277 935 9 
5 369 753 4 
2 195 521 4 
5 854 932 6 
4 642 783 1 
2 47 955 10 
9 219 621 8 
9 931 983 7 
10 590 707 5 
10 266 715 9 
3 698 852 2 
10 339 800 9 
6 98 304 8 
8 38 935 6 
1 292 405 4 
7 959 972 2 
8 883 969 6 
6 719 784 1 
9 243 569 7 
6 778 890 2 
8 977 998 4 
2 268 815 6 
5 787 900 2 
3 298 720 4 
8 852 907 9 
4 589 691 2 
4 209 736 5 
5 201 554 9 
1 141 502 3 
2 487 495 1 
6 587 905 2 
10 246 730 1 
2 403 479 5 
5 819 909 3 
7 360 744 3 
9 857 935 3 
3 95 677 10 
5 786 870 6 
5 657 890 6 
1 460 668 3 
5 480 738 9 
5 565 656 6 
4 744 900 8 
5 640 892 1 
1 353 517 9 
9 550 855 3 
4 536 911 8 
2 707 874 3 
3 878 904 3 
4 580 901 1 
5 689 848 2 
8 531 902 7 
1 703 811 8 
6 515 999 7 
10 417 602 6 
5 785 965 1 
7 357 975 5 
10 592 751 8 
4 56 939 7 
8 217 665 7 
9 887 920 7 
2 282 904 2 
5 486 879 8 
5 90 945 6 
4 389 413 6 
7 547 691 9 
4 949 998 6 
7 157 887 9 
1 966 988 1 
7 517 913 2 
8 919 949 9 
6 277 327 9 
