200
4 1536 1623 8 
9 1952 1989 7 
9 256 853 10 
5 772 1789 6 
7 1436 1908 7 
6 874 1447 10 
7 547 1898 6 
5 525 1527 3 
10 1372 1950 7 
5 1790 1870 6 
9 1947 1961 4 
4 858 1386 5 
1 470 509 8 
5 933 974 6 
10 1058 1744 1 
3 404 1206 2 
2 396 1446 6 
10 363 1610 8 
3 311 455 5 
2 1203 1677 4 
4 105 1383 1 
4 1148 1532 2 
6 854 1863 8 
1 117 1778 3 
4 355 1027 7 
7 656 1802 3 
9 585 1918 1 
1 189 1928 3 
6 558 1008 6 
2 917 1459 7 
5 625 1869 9 
5 944 1844 5 
8 790 1417 3 
5 1268 1357 6 
6 413 546 5 
5 1254 1335 1 
10 567 832 9 
2 741 991 7 
1 1820 1872 10 
10 574 883 4 
1 1235 1788 5 
2 1334 1920 8 
5 1814 1929 10 
2 1749 1754 6 
1 125 1120 10 
4 106 891 4 
2 581 702 1 
6 1340 1592 9 
6 31 724 1 
4 1115 1133 9 
2 1506 1745 10 
9 1312 1806 9 
6 1825 1951 2 
7 1380 1556 7 
1 1668 1897 3 
3 866 1303 6 
9 1722 1793 2 
2 28 97 10 
8 403 1002 8 
10 243 942 9 
7 1403 1506 1 
2 448 1415 4 
4 1049 1448 9 
7 1003 1340 5 
7 1881 1939 2 
6 1859 1890 3 
9 1939 1998 1 
9 1846 1910 10 
8 892 1935 7 
1 405 1597 2 
2 1322 1958 2 
7 1046 1605 5 
1 1374 1560 7 
7 525 836 2 
10 783 1608 3 
2 1312 1779 7 
8 1710 1771 9 
3 362 496 3 
5 10 396 3 
1 643 1994 7 
2 478 1761 9 
10 1989 2000 4 
6 1144 1339 1 
8 1483 1844 2 
3 1209 1980 4 
10 625 1799 8 
4 1412 2000 3 
2 1209 1718 2 
7 901 1185 10 
4 673 679 1 
2 753 865 7 
7 1509 1666 2 
9 130 417 8 
6 1474 1775 1 
2 1648 1930 2 
5 859 1336 7 
6 1196 1307 1 
1 67 1715 1 
10 766 1004 3 
9 1979 1999 4 
10 1925 1997 5 
4 102 1611 1 
7 692 1427 6 
3 1816 1971 4 
7 1881 1944 4 
6 1986 1997 7 
7 471 1974 9 
9 1833 1879 2 
5 713 1806 8 
7 258 1603 10 
9 141 887 9 
1 808 1130 2 
5 555 1745 6 
7 47 849 8 
5 374 1687 7 
5 421 816 10 
2 249 1113 9 
8 1757 1950 8 
1 133 1898 6 
1 1975 1991 8 
3 6 720 1 
1 194 1558 9 
3 1526 1549 10 
1 688 1683 2 
10 263 1700 9 
5 1564 1600 2 
9 1152 1457 5 
5 94 1890 3 
4 233 758 1 
7 710 1776 2 
1 1747 1968 6 
1 781 1153 8 
1 1295 1655 10 
3 103 1411 9 
5 568 1573 6 
5 1002 1327 6 
9 997 1545 4 
4 1843 1973 3 
9 694 1285 3 
2 242 681 6 
1 216 1198 1 
2 230 588 2 
7 686 1712 10 
8 1439 1549 7 
8 814 1783 8 
5 1191 1758 10 
2 241 1724 3 
5 1134 1230 7 
9 1894 1973 9 
7 910 1889 9 
1 1008 1151 3 
7 97 1439 8 
8 1135 1908 4 
4 1227 1950 1 
2 353 633 4 
6 1833 1888 10 
1 87 871 8 
6 1449 1611 9 
7 1006 1279 4 
3 181 325 10 
1 902 1423 5 
2 112 1900 3 
5 35 347 3 
9 1345 1787 5 
4 1902 1941 4 
9 1096 1857 9 
3 993 1008 5 
5 1303 1699 7 
3 1674 1856 1 
7 1204 1386 3 
3 562 1847 5 
9 297 565 4 
10 835 1072 2 
7 1290 1398 2 
6 1423 1590 2 
9 536 1096 8 
6 1243 1410 4 
8 1640 1734 7 
3 895 1062 9 
10 1149 1347 6 
2 2 1796 2 
8 1920 1940 2 
2 613 877 10 
4 266 323 3 
9 1358 1587 6 
2 1539 1569 8 
10 268 386 9 
7 1293 1504 3 
8 1564 1872 10 
4 3 1111 1 
7 851 1965 5 
7 1717 1884 3 
6 926 1960 1 
2 1127 1659 6 
4 797 1078 10 
10 1654 1791 7 
8 700 1678 6 
3 1959 2000 3 
4 288 1548 8 
10 1817 1870 3 
