300
7 75 1917 2 
2 2142 2965 8 
9 2879 2961 8 
4 1156 1329 7 
5 1685 2589 2 
6 940 2414 8 
7 2644 2909 3 
1 532 2683 8 
2 1514 2878 7 
8 2445 2903 7 
5 2539 2912 7 
3 1973 2022 5 
1 2100 2980 8 
10 2237 2880 2 
1 2768 2806 2 
2 360 2576 2 
5 2581 2857 1 
6 100 2711 1 
2 2491 2701 7 
3 1097 1736 5 
1 2421 2766 7 
6 1302 1989 2 
4 284 880 4 
7 1861 2842 7 
10 114 1226 1 
2 1707 2911 6 
5 1900 2132 8 
5 650 1502 9 
7 1139 2880 1 
2 2150 2336 9 
7 493 528 6 
9 1426 2410 2 
6 2728 2889 7 
4 1460 2755 1 
7 2574 2710 6 
10 1039 2917 3 
5 1837 2288 6 
1 1739 2067 7 
4 2431 2897 3 
5 2652 2757 1 
1 2699 2709 10 
6 532 1763 1 
3 1478 2759 2 
1 1540 2534 10 
3 491 2692 9 
3 2990 2997 1 
7 2235 2814 7 
5 2146 2984 9 
7 2768 2975 1 
5 2024 2795 6 
4 241 1508 6 
4 1651 2337 7 
3 2099 2167 6 
3 2421 2567 8 
7 1842 1965 6 
3 1127 1566 8 
6 2388 2973 6 
8 1428 1474 6 
8 266 1209 2 
1 1129 1637 10 
2 1782 2696 2 
2 355 2065 9 
2 1408 2795 7 
8 700 1681 3 
2 834 1531 8 
6 2905 2951 4 
1 1455 2079 3 
3 269 1665 4 
10 2557 2892 9 
5 1638 1958 9 
2 682 1228 1 
3 412 1239 6 
10 1426 2478 8 
4 1251 2708 3 
1 1794 2858 2 
10 1046 1328 4 
5 412 2807 8 
8 1398 1484 5 
7 146 2228 3 
8 70 235 8 
2 111 1114 6 
1 731 938 3 
9 965 1432 7 
10 661 2305 5 
5 50 1160 8 
8 1710 2919 10 
6 1112 2220 10 
10 1601 1906 1 
5 322 500 2 
1 530 793 5 
1 1406 2457 9 
10 1667 2282 4 
7 2205 2625 6 
8 2359 2536 4 
10 847 2626 8 
6 170 292 6 
9 1794 2279 7 
5 1823 2215 2 
9 1173 1212 8 
1 515 2142 8 
5 1224 2130 1 
7 2979 2999 1 
10 984 1476 2 
4 1783 2265 10 
9 1975 1998 1 
4 2674 3000 3 
4 378 1158 3 
8 1317 2844 10 
8 1068 1544 5 
7 287 546 10 
7 2621 2984 7 
1 2650 2764 8 
7 1400 1865 6 
8 1761 2773 4 
2 2957 2988 2 
8 753 2377 4 
6 2025 2096 1 
3 849 2959 9 
6 1329 2632 1 
10 65 1963 10 
10 2301 2673 8 
2 723 2126 3 
1 1413 2400 2 
1 2760 2958 8 
5 1434 1883 5 
5 1369 2905 7 
2 1217 2022 2 
8 1910 2015 1 
2 390 1305 7 
9 2382 2575 5 
5 2436 2800 1 
2 533 2682 9 
3 1849 2111 3 
1 962 1172 2 
10 2421 2927 7 
6 655 831 5 
2 2031 2313 6 
3 169 343 1 
8 2946 2975 8 
2 505 1686 10 
8 815 907 3 
2 40 1703 8 
5 2925 2965 3 
8 1724 2621 7 
7 1936 2130 8 
6 112 305 6 
5 178 2691 10 
7 2691 2922 1 
2 2514 2881 10 
9 2506 2762 5 
7 1157 1545 4 
7 2005 2659 8 
7 2714 2789 2 
2 1416 2739 6 
7 6 1257 10 
6 398 2219 6 
4 2738 2986 8 
5 105 2028 6 
4 1743 1999 1 
8 1050 1342 6 
5 1622 2563 10 
5 2510 2634 9 
9 2444 2838 9 
1 2783 2914 8 
10 2306 2925 4 
2 1169 1939 1 
2 1927 2267 5 
6 624 1137 8 
9 1040 1171 5 
2 177 2357 7 
3 360 1934 1 
9 1049 1088 1 
7 2401 2713 6 
10 243 847 1 
3 1553 2924 2 
7 2132 2599 10 
7 1851 2315 9 
9 986 2134 5 
1 2384 2937 10 
4 159 877 10 
1 1834 2318 4 
3 2088 2202 7 
7 1842 2043 4 
8 2728 2837 8 
1 1318 1400 2 
8 612 2120 3 
9 2446 2992 1 
2 760 1635 9 
9 2542 2959 10 
6 941 1999 1 
8 295 2088 3 
2 561 765 5 
6 267 515 8 
4 2761 2955 4 
5 1178 2977 3 
8 2039 2258 6 
4 2240 2911 4 
10 1061 2194 5 
5 747 1213 4 
8 1516 2286 10 
2 312 1642 10 
9 2206 2654 7 
6 2713 2850 9 
8 1789 2171 9 
9 650 1448 5 
10 1774 2473 8 
1 314 2818 1 
9 1459 2582 6 
4 2802 2980 5 
6 1912 2599 7 
3 725 2269 4 
4 53 2282 7 
8 959 2287 1 
2 1028 1470 7 
4 1486 2533 6 
6 680 2407 9 
2 2788 2883 6 
2 1394 2128 1 
8 912 2074 9 
6 881 2095 4 
1 2231 2489 8 
9 2839 2945 9 
7 1824 2579 4 
4 2635 2778 7 
4 2101 2313 1 
7 1421 1447 10 
4 1049 1058 5 
10 2279 2460 10 
4 1725 2365 7 
9 920 1212 1 
2 1074 1189 3 
2 2556 2586 9 
7 1148 2111 9 
2 187 1178 2 
9 788 1938 1 
1 176 2831 8 
2 1684 2669 9 
3 2478 2741 4 
9 2260 2646 3 
10 2607 2951 8 
3 2170 2352 5 
3 86 2907 5 
9 2817 2932 2 
7 1404 2422 7 
6 889 1564 2 
2 2422 2734 2 
9 1332 2326 6 
1 2141 2570 5 
6 2327 2785 8 
8 1048 2804 5 
7 2769 2808 4 
4 1534 2335 10 
8 581 2320 8 
2 992 1704 9 
8 48 1144 9 
5 852 2737 1 
8 2224 2356 10 
5 2584 2886 9 
5 629 1941 8 
8 2207 2937 6 
9 2242 2893 2 
1 1151 1307 5 
5 2275 2327 1 
7 1964 2158 5 
3 2769 2942 6 
2 2242 2940 3 
5 771 2191 10 
4 1273 1366 2 
7 2768 2872 10 
7 1899 2910 1 
1 2840 2894 6 
9 1924 2825 1 
9 2938 2991 5 
8 2653 2822 9 
3 1841 2545 10 
4 268 1908 7 
9 2754 2969 3 
2 2361 2705 10 
10 1725 2785 3 
3 2477 2955 2 
3 287 2010 4 
6 2703 2857 2 
5 1386 2211 5 
8 1307 2444 5 
4 1122 1901 10 
3 816 856 6 
8 1735 2228 7 
6 1528 2880 1 
6 764 2439 3 
3 2743 2775 2 
5 586 967 8 
9 2052 2639 6 
7 910 2189 2 
6 1114 1191 7 
7 75 1956 1 
3 2106 2248 9 
5 1793 2889 8 
9 2444 2727 7 
3 2120 2684 6 
4 1827 2506 1 
