300
1 3 10 23 1
4 9 10 24 1
8 5 3 23 4
3 6 8 17 2
3 3 6 17 8
6 9 6 22 9
9 10 2 28 6
8 9 9 33 7
2 7 7 22 6
10 9 3 29 3
7 8 3 23 9
10 2 9 25 1
6 9 1 23 1
7 8 4 20 7
4 10 2 22 6
1 7 7 16 9
6 10 2 26 1
1 2 1 8 0
4 5 2 14 9
3 3 10 18 9
10 10 6 27 7
5 7 8 20 3
10 8 1 19 2
2 10 10 29 3
10 8 4 26 1
3 6 8 26 3
3 2 10 20 9
7 6 10 28 1
4 8 10 30 4
4 1 3 8 9
10 7 9 28 2
5 7 5 23 6
6 10 9 34 0
4 1 10 24 6
4 8 4 19 4
7 6 6 26 1
6 9 9 32 9
10 10 10 30 5
6 4 4 14 0
10 9 2 28 0
6 7 9 28 6
1 5 8 18 5
10 10 1 27 1
8 1 8 18 5
2 3 9 22 6
6 8 2 17 4
5 2 10 23 5
3 2 3 10 1
5 2 4 19 7
7 8 10 26 7
3 1 7 19 1
10 10 8 28 5
4 3 5 18 3
8 8 4 24 2
10 7 1 20 2
2 2 6 17 5
1 7 6 16 7
9 5 3 24 3
6 5 10 27 6
6 7 2 21 3
4 9 6 23 0
10 2 3 19 7
2 2 9 20 7
4 4 6 18 5
6 6 10 28 8
4 9 2 16 7
9 5 8 29 0
6 7 6 25 2
5 8 4 19 4
4 9 5 21 0
8 8 7 27 4
4 2 3 16 2
4 6 3 18 5
6 7 6 21 7
4 6 5 20 6
9 9 6 25 8
9 7 8 30 8
1 6 10 17 0
9 6 3 23 2
9 6 8 31 1
3 3 3 12 0
8 10 9 29 3
3 2 5 13 4
7 4 7 23 2
3 5 10 26 6
3 1 5 16 0
5 10 8 24 1
8 8 9 27 4
8 9 3 22 1
9 6 4 22 0
7 9 2 25 0
3 1 6 14 5
10 8 7 32 3
9 5 1 18 1
9 9 4 28 8
8 10 1 24 1
8 4 10 29 5
10 1 2 21 8
6 1 5 21 1
4 5 1 18 6
9 6 3 22 4
10 9 7 26 8
9 1 9 19 8
5 10 6 25 3
9 9 7 28 0
3 10 6 23 0
9 3 8 27 4
3 9 1 18 1
1 8 4 15 8
10 5 8 24 4
4 2 6 17 3
2 10 2 21 2
5 4 2 17 2
6 8 6 20 8
5 7 6 22 1
10 10 4 28 2
6 4 8 23 4
7 6 7 20 1
5 10 6 21 7
7 1 4 14 2
2 8 2 16 2
1 5 2 13 0
3 6 6 22 7
5 6 2 14 9
6 10 5 27 0
5 5 7 18 8
10 8 6 31 8
4 5 3 13 3
8 2 6 22 8
2 9 4 21 3
10 9 6 29 8
9 3 7 24 4
2 5 7 15 6
8 10 9 30 3
1 4 9 16 2
8 4 9 23 0
10 10 5 33 2
2 8 6 24 7
10 7 8 27 8
9 7 8 31 2
10 4 9 28 2
3 4 7 14 2
5 5 5 16 4
8 9 10 29 9
8 3 6 23 1
8 1 3 20 8
5 4 6 16 2
8 8 7 28 1
4 3 3 18 4
5 7 2 22 1
2 5 3 13 0
7 8 1 25 3
8 10 9 34 7
3 7 6 25 7
6 8 9 25 3
4 1 1 9 4
1 5 3 11 2
6 5 10 29 0
9 6 10 26 0
3 2 10 24 3
1 3 2 6 6
3 5 5 17 0
6 9 10 25 0
10 4 6 21 7
1 8 2 14 6
2 9 1 18 5
7 10 10 30 8
8 3 10 26 7
1 5 2 13 1
1 9 7 20 6
1 5 10 16 4
6 5 9 23 4
5 5 10 22 7
4 1 4 13 2
9 10 8 30 8
4 7 10 26 7
10 8 3 21 6
8 9 7 32 9
9 6 10 28 2
1 5 4 10 2
5 7 7 27 1
5 9 8 31 4
2 8 2 19 5
4 10 3 23 9
7 9 6 25 0
9 5 4 26 0
4 7 9 22 8
9 7 9 32 7
7 9 9 32 3
10 9 8 28 4
1 5 1 7 9
10 2 1 18 9
5 9 10 26 1
1 6 8 16 6
3 4 10 23 4
10 1 8 25 2
3 7 4 19 9
8 6 8 29 7
6 7 3 19 0
10 2 9 25 1
7 8 3 23 5
2 10 10 28 0
6 8 7 22 2
3 10 8 23 1
3 9 1 19 2
6 2 8 20 8
10 7 2 25 2
10 9 6 26 6
3 7 4 14 8
7 4 10 28 5
3 10 5 24 9
4 10 9 25 3
8 2 5 21 1
8 8 8 28 5
1 8 9 25 9
9 9 8 27 6
2 9 2 20 4
1 5 10 19 9
8 10 5 25 8
4 3 2 14 7
9 8 1 20 2
5 5 4 15 0
8 10 8 30 6
8 5 2 23 3
7 3 9 28 6
9 1 4 21 3
9 6 6 28 1
3 8 5 25 4
6 3 4 14 2
8 9 3 23 7
9 8 6 23 2
4 10 3 24 3
9 3 2 20 7
3 9 2 17 5
10 4 9 26 4
3 7 5 23 8
6 6 3 21 7
8 9 10 28 8
4 10 2 25 9
5 5 2 18 3
10 4 1 20 7
3 7 1 17 5
5 7 1 16 5
6 1 8 23 5
2 9 9 21 1
2 7 7 24 2
5 5 10 25 6
7 5 7 23 3
5 2 7 21 3
7 1 1 17 7
3 2 6 18 4
4 9 10 24 3
4 6 3 17 1
4 9 10 26 2
8 8 7 26 4
4 5 1 15 3
4 3 7 18 6
2 8 4 15 9
2 7 10 20 6
2 9 7 21 8
6 4 4 18 1
9 1 1 18 6
2 2 1 9 3
9 1 6 17 2
9 9 5 31 4
9 4 6 23 9
2 1 1 9 3
7 2 10 25 1
5 2 4 18 5
8 2 6 23 4
2 8 8 18 3
10 6 2 22 8
2 10 4 25 8
4 6 7 23 9
10 6 1 20 7
4 3 7 22 3
9 10 9 32 3
4 8 1 14 0
10 10 2 29 4
6 7 6 27 6
2 8 5 23 6
8 3 7 24 9
4 7 4 18 9
7 7 5 19 2
2 10 8 28 7
1 1 7 17 9
8 10 6 31 4
6 1 10 26 2
4 10 10 26 9
10 5 10 29 4
8 8 6 26 3
5 1 10 22 8
2 1 3 14 3
7 2 3 18 2
5 8 1 17 6
2 5 5 13 9
5 10 1 22 0
6 3 9 18 8
10 1 2 16 8
2 9 8 23 9
