450
7 7 4 20 5
4 10 6 26 1
4 3 2 16 8
6 1 2 15 3
7 3 8 23 7
2 8 9 22 3
7 7 6 24 9
2 9 9 24 2
8 8 9 33 2
2 2 7 16 2
4 5 6 23 3
1 7 1 9 9
5 2 8 18 4
8 8 5 28 1
5 1 1 13 8
6 3 9 26 2
7 8 3 18 4
6 10 3 23 2
6 3 6 22 5
9 1 8 27 7
7 7 8 30 3
7 6 6 21 4
1 3 9 19 1
9 1 4 23 0
4 6 7 25 6
4 3 2 10 3
3 4 1 9 6
6 10 2 18 9
10 2 2 15 7
9 10 4 32 6
7 4 7 25 5
9 1 8 20 7
9 10 7 27 6
9 10 8 35 1
1 2 7 17 1
6 2 10 26 1
10 2 9 29 2
1 7 6 20 4
1 1 1 7 9
5 7 7 25 5
9 1 2 17 5
10 5 3 23 5
5 2 3 12 7
9 10 6 27 1
5 2 4 14 8
9 5 4 20 6
3 10 1 19 5
1 9 8 18 3
3 9 9 30 3
9 1 1 13 8
7 8 1 16 5
7 5 6 25 3
4 5 8 26 2
1 2 10 17 8
5 6 9 24 4
7 1 1 9 2
6 1 5 15 7
3 1 1 11 3
3 4 6 20 7
1 3 8 17 1
7 10 8 31 6
6 8 5 22 8
9 8 10 30 8
1 3 8 21 4
6 5 7 22 8
10 4 4 24 1
10 4 1 23 7
3 8 6 18 0
6 7 5 23 1
1 5 5 13 7
3 10 1 21 4
7 3 1 14 8
4 3 5 19 7
8 5 1 23 9
7 6 4 25 8
7 10 8 32 4
7 9 2 26 8
7 5 5 17 2
6 7 9 28 7
4 7 9 26 2
9 2 6 24 3
1 9 8 26 0
3 6 9 26 1
1 6 5 12 1
5 5 9 24 7
2 2 5 14 3
5 4 10 21 0
2 3 2 15 1
2 6 8 20 4
9 1 1 15 7
5 9 8 22 6
3 8 3 19 2
8 10 6 30 5
9 1 4 22 6
10 7 5 29 4
5 4 5 15 6
4 7 9 26 4
6 5 6 18 9
3 3 7 13 3
3 4 5 13 0
3 10 8 23 1
1 4 2 13 3
1 8 6 22 5
5 7 8 28 1
2 9 4 18 3
5 7 5 19 8
6 7 6 22 8
7 5 4 23 4
10 7 8 25 3
4 5 10 20 3
5 6 9 26 7
5 8 5 26 0
7 8 4 23 7
1 7 1 14 7
7 8 8 24 7
3 4 3 15 4
8 4 6 27 8
8 2 1 15 8
5 8 10 26 1
6 6 9 25 3
2 1 7 11 3
5 5 9 27 3
7 9 9 32 3
1 9 6 21 7
8 3 3 21 2
8 2 3 13 9
5 7 6 26 6
7 10 4 23 7
7 7 4 23 4
1 9 5 24 8
2 9 10 29 0
5 7 6 26 4
9 8 7 24 8
2 2 3 7 8
7 9 5 25 1
5 2 4 14 0
4 7 2 22 8
2 4 6 15 0
9 2 9 28 7
1 4 8 14 1
6 5 1 20 1
10 4 5 19 6
2 3 10 15 2
10 3 2 15 6
3 1 2 8 3
8 9 8 27 3
5 9 7 29 8
9 6 9 29 2
5 3 5 18 4
8 7 3 27 8
8 2 3 14 6
4 6 5 18 6
8 9 10 30 6
1 8 1 13 6
2 6 3 16 6
3 1 2 11 9
9 10 5 28 5
8 8 4 27 6
9 4 9 22 6
5 3 6 17 1
1 3 8 15 6
2 10 7 28 5
5 8 6 27 7
7 9 7 32 6
4 9 7 21 6
5 4 5 18 3
10 7 5 27 1
6 8 5 26 0
7 4 1 21 2
10 9 8 35 3
1 8 5 14 5
7 1 3 11 9
7 9 8 32 0
6 5 10 30 8
4 2 3 14 7
9 3 9 22 2
6 2 5 22 7
1 4 9 21 0
9 9 4 30 9
1 2 10 20 8
2 8 3 15 8
8 8 5 25 1
3 8 5 24 8
9 9 10 34 2
2 1 7 14 2
10 5 3 21 9
5 7 5 26 0
2 6 10 27 2
5 6 4 18 0
2 1 4 11 8
2 10 7 27 7
9 7 3 25 7
10 2 4 18 6
3 10 8 26 1
10 10 1 22 2
4 6 9 22 6
3 6 6 20 7
8 9 10 34 7
9 2 2 14 1
8 1 7 23 5
5 10 2 23 3
4 4 1 18 1
2 9 9 23 6
3 2 2 11 5
4 6 5 22 8
2 7 1 16 4
10 5 4 25 3
7 5 3 16 7
10 3 9 29 4
9 3 10 26 1
7 4 3 17 4
2 6 10 24 2
6 7 7 25 5
7 1 5 13 4
2 9 3 19 3
1 10 5 19 0
8 7 4 21 8
4 4 1 13 1
9 10 5 24 2
6 3 2 12 9
1 2 2 13 7
9 5 7 25 5
7 5 6 24 2
6 6 4 21 1
5 8 5 26 5
9 10 6 30 7
5 3 5 20 7
10 1 5 25 2
3 10 1 20 3
4 2 1 10 3
9 8 8 30 7
7 4 3 17 3
4 5 6 17 8
9 5 5 27 5
8 2 1 15 7
10 4 4 24 9
1 4 10 18 8
1 4 7 19 0
4 3 9 24 2
2 10 5 21 5
7 7 1 24 6
1 4 7 17 8
9 7 3 25 8
4 5 1 16 3
8 3 7 26 7
2 3 1 12 0
10 10 9 35 4
2 3 1 8 0
9 10 4 24 4
2 8 9 26 7
10 1 5 25 9
2 4 9 21 0
5 9 9 24 1
4 3 6 18 4
10 5 4 22 3
8 6 7 26 8
3 4 3 10 6
10 10 7 27 5
5 7 6 23 1
4 8 8 24 8
1 2 3 14 9
1 2 5 16 6
7 10 3 20 3
3 5 7 22 2
2 4 3 12 1
1 9 9 21 7
8 9 8 29 3
2 3 4 13 9
8 2 6 20 9
3 6 8 24 4
1 8 7 24 4
3 5 8 18 6
8 9 8 29 3
6 2 3 14 4
7 3 10 29 8
7 5 8 29 7
10 8 8 31 2
10 5 1 18 0
6 9 9 30 2
8 2 9 23 8
9 10 1 23 6
3 6 10 23 2
6 8 2 17 7
4 7 3 21 5
8 10 7 31 3
3 6 4 22 7
6 9 5 26 5
4 3 3 19 3
4 8 6 24 0
9 1 4 22 7
1 3 10 14 7
6 7 1 20 1
3 5 5 18 0
10 5 4 20 4
1 10 5 18 3
10 9 5 30 8
6 8 8 27 6
7 5 7 27 6
9 4 2 21 7
7 9 4 23 5
3 3 4 18 7
2 10 4 21 4
6 1 10 19 8
1 9 4 16 4
9 3 6 26 4
4 4 3 16 2
10 10 10 35 0
9 6 7 28 3
10 3 9 23 5
10 5 1 18 1
6 5 8 27 9
1 2 10 21 2
8 8 1 21 2
3 4 7 23 3
10 1 9 27 2
1 1 4 13 6
8 9 2 22 7
1 2 1 13 6
6 3 10 26 0
9 5 2 23 1
8 3 9 21 8
9 6 9 26 2
10 3 1 22 5
5 1 5 20 3
8 1 9 27 0
1 1 3 7 8
9 7 9 34 9
4 10 10 27 1
7 5 4 18 3
10 3 10 26 6
2 9 1 21 7
9 1 3 15 9
9 6 7 30 6
8 5 3 21 0
1 8 8 20 1
4 9 2 20 3
10 6 5 27 3
10 4 1 21 3
1 3 2 12 8
2 5 5 12 5
5 7 8 23 3
8 7 8 31 6
4 4 7 18 4
8 7 5 26 4
4 4 10 22 8
9 9 10 29 7
9 10 3 25 8
6 4 3 15 7
9 3 10 24 1
9 4 9 23 2
7 10 6 29 7
1 10 1 12 3
10 10 7 34 1
9 4 7 26 4
2 6 5 22 6
10 4 7 29 7
2 1 1 12 9
3 5 8 24 2
2 6 10 26 6
3 10 2 24 9
7 3 1 12 7
9 8 4 23 9
2 4 8 22 1
2 9 3 23 9
7 8 7 24 2
3 7 3 18 3
4 10 3 25 1
6 3 2 20 9
10 10 2 22 5
6 3 8 19 8
1 2 9 17 1
10 1 1 14 0
1 5 6 19 7
1 9 6 20 2
1 6 8 23 4
4 5 1 10 7
10 1 9 26 1
1 5 2 10 3
10 5 10 33 5
4 8 3 23 0
2 6 7 21 0
2 3 6 16 2
1 7 3 19 5
8 7 3 27 7
10 6 3 24 8
4 1 7 12 4
6 6 8 28 3
8 10 5 29 0
9 1 2 13 6
5 10 6 26 5
7 1 2 11 9
8 2 4 14 6
8 9 4 30 5
1 5 2 13 2
3 10 5 26 8
10 3 1 23 9
9 3 8 23 6
6 9 10 32 7
8 3 10 21 1
5 7 9 25 3
3 2 4 13 2
2 3 6 15 2
10 1 9 29 6
5 10 6 25 2
8 8 10 34 7
7 6 8 26 8
10 1 7 24 3
5 3 4 19 4
5 6 2 20 2
2 7 9 23 3
10 8 2 20 7
4 6 2 20 9
9 2 6 26 2
2 7 10 19 1
6 6 5 24 2
8 1 6 15 0
6 6 6 21 0
6 3 3 13 1
8 2 3 22 6
4 8 2 15 8
8 8 1 23 1
8 10 9 32 1
2 4 1 14 5
9 2 1 16 6
8 4 6 24 3
5 1 10 16 2
7 7 9 31 5
5 4 1 10 3
1 10 2 15 2
10 6 8 30 7
8 3 2 19 4
7 5 1 15 7
8 8 2 18 2
9 7 3 21 0
2 2 6 15 0
5 2 3 14 7
3 1 2 6 1
1 4 9 14 5
10 1 3 22 1
8 1 3 17 7
4 2 5 12 1
4 6 3 21 8
3 2 7 13 7
4 8 2 23 0
8 6 2 17 7
7 3 2 18 0
7 9 5 23 3
9 10 5 31 9
3 9 10 27 6
10 10 1 28 8
