200
3 1 3 9 6
9 4 1 20 5
7 4 5 24 3
7 4 2 20 0
9 4 3 20 9
3 9 4 25 0
10 3 9 24 4
3 10 3 22 8
10 7 5 25 2
5 2 6 22 1
1 8 1 13 7
1 3 1 6 4
8 1 3 16 4
10 8 10 36 0
10 8 6 32 7
5 5 4 23 0
10 9 9 28 7
1 10 1 18 0
3 1 1 14 7
5 9 5 25 7
4 1 1 9 8
8 6 9 32 3
4 6 10 26 3
9 9 5 28 1
10 1 5 22 7
6 2 7 15 5
7 4 2 19 7
6 2 3 12 0
2 8 1 20 5
4 3 5 19 6
7 5 8 28 3
3 10 7 20 8
10 9 6 32 3
9 5 10 27 2
3 2 8 15 6
3 7 6 21 0
2 7 4 18 8
7 2 10 21 9
1 1 3 8 9
9 5 7 27 1
3 1 8 21 8
7 8 10 32 0
1 6 6 21 3
3 5 3 13 5
10 9 7 30 3
3 6 10 19 2
7 8 6 24 2
9 7 9 25 4
4 1 9 19 9
9 10 1 21 6
4 5 8 21 6
8 3 9 29 1
10 9 5 25 4
2 1 10 20 6
4 8 10 27 7
2 3 2 8 5
4 8 7 24 2
2 8 8 24 4
10 6 1 17 0
1 5 7 17 2
9 9 10 35 9
7 9 2 23 5
4 1 5 17 9
4 3 9 25 5
10 7 3 27 2
3 1 4 8 1
1 3 3 13 1
8 6 6 21 8
9 2 9 20 7
8 3 1 18 0
5 8 4 18 0
9 6 6 30 9
2 7 7 25 2
5 5 6 20 4
9 10 9 34 0
5 6 6 26 0
8 6 6 26 0
8 7 3 18 5
4 7 2 14 1
4 6 1 19 5
4 6 1 19 3
9 2 6 26 4
2 9 3 18 0
7 8 7 26 0
5 6 5 23 4
1 6 6 22 6
10 9 9 28 7
9 7 9 33 7
2 5 8 23 5
2 8 6 17 0
1 5 10 22 3
8 1 4 15 4
1 8 8 25 2
2 2 2 12 3
4 4 4 18 0
10 5 9 27 7
5 4 4 22 8
8 6 2 21 0
10 5 10 34 3
3 5 3 18 8
8 9 1 21 4
7 3 8 27 2
1 10 10 21 5
9 1 6 18 2
10 2 1 16 7
5 7 2 16 2
3 2 3 14 8
9 6 2 24 8
7 6 7 21 5
4 5 6 20 4
7 2 4 16 7
1 3 9 16 8
1 1 5 14 4
4 7 3 21 1
5 5 8 19 2
9 1 8 19 9
7 2 4 22 0
9 10 2 22 5
7 9 6 28 3
10 4 7 25 0
5 8 10 24 6
7 9 2 27 9
9 3 7 25 5
9 10 5 25 1
10 8 7 26 9
4 4 9 22 3
1 10 9 21 6
1 4 7 15 0
3 10 2 18 7
9 1 8 24 7
10 6 5 21 3
9 9 8 34 9
6 5 5 19 9
6 7 3 18 0
2 6 7 16 9
5 8 8 29 3
10 10 8 32 9
10 10 6 34 8
2 10 5 18 7
2 10 10 27 7
2 4 3 15 2
10 6 7 28 2
10 4 10 32 7
6 2 4 15 3
1 7 8 25 7
7 8 8 31 3
7 7 3 18 7
2 3 2 16 4
5 3 6 20 9
1 2 6 13 0
2 9 1 14 0
2 10 10 28 2
4 3 6 20 5
4 9 6 26 2
8 8 6 27 2
4 5 8 24 9
1 4 2 16 5
1 5 7 21 8
6 7 10 24 8
1 10 10 27 5
2 4 8 18 1
1 8 4 17 7
4 4 3 13 7
10 9 6 32 9
7 10 7 32 1
7 7 9 26 9
6 8 4 22 7
8 7 10 30 7
1 6 1 16 7
4 1 6 11 5
3 2 7 19 6
8 6 7 30 8
8 4 10 24 0
9 4 2 15 5
7 10 8 26 1
2 5 3 15 8
10 6 7 32 7
5 4 1 14 1
10 7 5 31 9
9 7 8 29 4
5 1 3 9 3
6 10 10 32 5
7 5 2 21 3
7 10 2 22 2
10 2 6 25 9
1 10 6 25 9
3 6 10 24 2
3 6 10 19 9
4 4 4 12 4
4 4 8 19 7
4 9 1 22 2
10 3 5 21 3
6 9 4 25 7
2 7 4 22 9
7 5 8 24 4
1 9 2 12 2
7 3 6 21 3
9 9 1 19 8
3 5 6 20 7
3 2 3 8 2
