400
1 4 4 17 5
4 10 2 17 6
2 1 7 15 2
1 1 5 10 4
9 9 4 30 5
7 6 1 17 2
9 6 9 30 4
5 3 5 17 1
6 10 1 20 5
3 5 8 16 2
8 10 3 21 2
3 1 8 14 2
4 1 2 9 6
9 10 7 29 8
7 6 5 21 1
10 4 6 20 9
5 1 3 14 3
9 1 4 22 9
3 7 9 24 6
10 8 8 29 9
10 4 5 19 9
9 7 8 26 7
3 4 9 21 2
8 6 2 16 4
4 1 6 11 4
2 3 9 17 4
1 10 6 20 3
10 2 5 18 2
9 8 1 21 8
8 4 9 27 8
5 6 5 16 6
5 6 9 27 6
6 3 7 23 8
4 1 5 14 3
6 7 4 26 3
9 3 3 19 9
7 2 5 17 8
8 7 4 28 3
1 7 1 10 4
8 5 2 15 4
10 3 8 23 9
1 2 1 6 6
10 8 8 33 3
10 6 7 27 2
5 9 5 22 2
10 3 4 18 8
7 6 6 20 7
7 7 5 27 2
7 2 6 24 4
1 7 1 10 7
9 5 1 18 4
9 3 2 15 2
2 8 8 18 6
3 2 10 16 9
3 3 7 22 4
7 3 7 22 3
6 1 9 22 7
5 5 6 21 6
4 8 5 25 9
6 9 10 30 3
2 8 5 23 8
9 7 1 19 5
7 2 9 25 5
1 6 4 15 1
6 3 7 19 0
8 9 4 21 4
3 10 5 24 7
7 3 10 24 8
3 6 9 21 9
9 7 7 31 2
5 10 4 21 5
2 6 10 27 3
6 10 8 24 7
1 4 8 14 6
1 6 5 14 3
2 10 4 23 9
1 6 4 15 9
9 3 8 29 1
5 9 7 27 8
6 6 4 18 1
1 6 5 12 1
8 2 9 19 4
5 6 8 24 2
8 7 5 26 7
1 6 6 20 2
10 2 4 22 2
3 7 1 15 2
9 9 5 31 5
1 2 2 10 1
10 1 2 18 4
6 7 6 19 5
1 4 9 14 6
2 4 9 22 9
2 2 3 10 2
10 6 1 22 8
7 4 10 28 7
3 1 6 18 1
9 7 5 24 8
3 8 9 25 2
5 4 1 18 9
10 7 2 26 9
5 9 6 24 0
7 5 5 25 3
7 6 6 22 7
8 8 6 28 0
2 1 1 11 7
6 2 10 26 1
1 4 3 8 1
8 5 8 22 1
9 2 4 24 3
1 5 5 20 5
10 1 10 30 8
3 3 7 20 1
1 3 4 9 3
1 9 7 24 2
9 9 3 26 0
4 1 8 16 6
5 4 10 19 5
5 7 2 22 5
10 7 1 21 2
3 6 1 17 3
1 1 1 5 7
7 9 9 31 5
5 9 9 23 9
6 5 10 24 6
2 6 9 20 8
4 5 1 10 0
7 2 2 20 4
1 4 3 15 9
2 5 6 18 5
3 7 7 18 6
6 8 1 16 4
1 8 4 18 4
3 8 7 23 5
8 4 5 21 3
3 4 7 16 5
2 4 4 17 1
9 7 6 28 8
10 3 7 25 8
2 8 1 16 7
1 5 8 20 0
1 9 6 24 3
9 9 5 24 2
1 7 1 16 5
4 2 4 11 2
10 3 2 20 5
5 3 9 24 3
1 7 8 25 9
9 8 9 28 5
8 10 6 24 3
2 3 1 13 9
8 1 4 18 2
2 2 2 14 3
7 8 5 28 1
6 3 10 26 8
1 1 8 14 4
1 10 3 23 3
10 3 6 19 6
3 5 6 17 9
8 2 8 22 4
7 3 1 18 7
10 2 9 30 0
8 3 2 13 5
10 3 3 16 9
8 7 9 29 4
2 7 6 15 2
1 6 10 26 0
2 7 4 13 5
9 6 6 28 6
5 8 8 26 6
6 3 9 22 8
1 6 8 19 9
5 2 5 14 2
3 3 5 19 7
4 7 5 23 1
8 4 8 26 4
10 3 1 14 8
9 3 6 26 5
1 6 8 15 8
9 3 5 21 9
10 10 7 27 5
4 7 7 24 1
9 10 6 31 7
9 10 8 35 9
9 7 1 25 3
2 1 9 19 9
10 7 10 27 1
1 9 4 23 1
7 8 4 25 4
5 6 4 15 1
3 7 2 16 0
2 9 6 24 9
3 7 2 18 1
9 1 1 13 9
4 3 3 13 6
7 5 9 23 1
1 2 9 20 6
9 7 10 27 4
8 9 8 32 2
8 1 6 20 3
3 3 10 20 2
9 10 7 31 6
5 4 8 26 2
3 9 4 19 3
2 5 5 20 4
8 4 1 16 7
3 4 3 10 0
8 10 6 28 5
7 5 3 18 8
4 3 2 16 7
3 7 6 17 5
7 2 1 12 0
1 9 2 20 2
7 6 7 28 1
9 5 5 21 4
1 8 6 16 1
5 8 10 28 3
2 7 3 17 5
8 5 8 25 0
2 5 10 17 4
8 4 3 19 4
10 8 1 20 7
9 9 1 27 0
4 2 9 18 9
1 9 8 25 9
6 2 2 12 6
8 9 8 30 2
5 9 8 25 8
4 6 10 23 7
10 4 7 29 8
6 1 5 14 4
4 6 2 13 5
5 1 8 21 1
8 5 4 25 9
9 10 8 28 2
7 1 6 23 3
2 6 8 16 0
8 5 8 27 4
4 3 9 17 5
7 6 2 16 6
3 5 6 18 3
7 5 7 21 0
6 10 5 25 9
7 6 8 21 9
9 8 4 29 0
5 9 5 19 4
10 4 5 22 2
7 3 9 24 4
2 8 10 29 2
2 8 10 23 6
1 5 1 13 5
8 5 6 25 5
8 3 7 23 2
8 1 5 15 9
2 4 5 15 3
3 7 5 17 0
8 3 4 17 1
4 9 7 29 9
4 5 3 13 4
2 5 7 15 3
2 8 2 16 6
4 6 8 22 7
1 6 7 18 5
1 4 1 12 7
7 5 8 21 9
4 3 9 18 1
6 10 6 22 5
2 10 5 20 9
2 7 4 14 2
8 5 2 17 5
8 6 1 20 0
5 4 7 21 7
1 4 6 12 5
1 4 10 20 1
1 1 7 18 9
9 10 8 30 9
10 1 8 28 5
8 1 7 19 6
4 3 8 15 9
9 6 10 25 0
4 1 6 12 5
3 6 7 16 5
3 4 4 16 3
4 6 9 20 8
1 9 1 19 6
6 2 4 16 7
3 2 9 19 0
1 4 9 19 2
1 6 3 17 2
10 3 2 16 9
1 3 7 15 4
4 5 9 23 3
6 4 3 15 3
7 8 2 22 5
8 4 9 22 1
1 1 3 9 0
7 9 3 19 1
4 7 7 21 7
3 6 7 17 0
3 3 3 12 5
8 1 10 24 9
6 6 3 22 7
6 5 3 17 5
6 4 5 24 5
10 3 6 27 2
1 7 5 16 3
5 6 5 19 9
1 2 2 8 8
10 7 6 23 8
6 6 2 16 7
9 10 6 28 6
10 5 2 18 7
7 3 3 18 6
8 3 6 23 3
6 4 10 28 1
6 10 1 26 7
1 7 5 22 2
2 2 1 14 0
10 7 4 25 6
10 3 5 21 4
6 3 8 19 8
9 5 4 27 6
6 5 8 22 4
7 5 5 21 8
8 8 6 25 8
6 5 5 25 7
10 7 8 27 8
3 3 3 11 0
2 2 2 15 7
5 4 10 23 3
7 6 5 19 1
2 4 2 11 2
4 5 9 20 9
7 1 8 17 5
8 1 7 25 4
4 5 5 16 4
4 6 5 16 1
10 2 8 26 3
2 7 6 15 0
8 4 6 19 0
10 4 6 23 8
10 7 10 32 2
1 3 9 13 2
4 10 2 18 2
4 9 9 29 3
6 7 5 23 3
1 6 10 21 0
3 7 6 19 6
10 1 10 28 5
1 7 9 26 2
5 8 10 25 1
7 3 3 15 6
4 3 2 10 7
4 10 7 22 2
5 1 8 21 9
6 1 10 19 4
6 7 6 26 7
7 5 3 16 9
1 9 6 21 7
3 6 3 19 9
6 9 8 25 1
8 10 10 30 1
4 5 4 18 2
10 7 7 25 6
7 5 4 23 7
2 1 6 17 3
5 3 7 17 5
10 7 5 27 6
5 4 8 19 2
10 8 9 29 8
6 4 1 12 7
10 3 9 22 1
8 3 1 13 3
3 9 9 27 4
6 4 10 20 0
2 8 7 23 1
4 1 5 12 2
5 2 10 18 1
7 7 9 28 6
9 8 3 24 6
8 8 1 24 7
5 10 8 24 4
1 3 3 11 2
10 9 7 35 7
4 9 7 29 3
10 1 4 18 3
5 1 6 12 6
5 6 7 20 9
4 1 8 13 0
1 7 6 17 2
8 4 7 28 5
5 8 3 24 5
1 2 3 9 9
4 6 9 21 0
5 7 4 18 0
3 7 2 21 0
1 1 7 10 4
3 4 9 16 7
8 3 7 27 6
9 10 10 35 7
