350
7 3 4 15 3
1 7 9 19 0
10 5 7 23 6
10 1 10 25 6
4 3 10 24 4
2 1 7 11 1
10 5 8 31 7
9 9 8 32 8
7 5 2 22 2
10 5 1 19 7
10 5 2 20 3
6 4 6 24 0
8 10 10 37 2
6 2 7 17 3
1 6 3 13 2
8 6 4 22 3
9 9 7 30 3
3 5 4 14 3
2 7 4 19 9
1 2 9 14 5
4 4 1 17 6
5 4 2 14 2
10 6 10 30 8
2 7 6 19 9
3 10 7 28 6
10 8 8 32 2
5 7 7 20 0
8 7 5 28 1
10 1 4 19 6
5 9 2 22 8
4 8 6 18 9
4 5 10 23 1
6 4 2 21 5
1 6 1 17 6
10 4 8 29 3
10 10 6 30 3
8 8 1 22 1
9 2 8 26 1
1 5 6 12 1
2 1 4 13 1
3 4 6 20 7
5 3 3 12 4
2 7 6 22 8
10 10 9 33 0
4 6 7 18 2
9 7 4 26 3
2 9 8 20 1
2 3 9 17 4
4 9 10 23 9
5 3 4 21 1
4 1 8 19 7
10 5 7 22 9
2 2 9 21 6
10 4 8 22 1
9 2 10 24 5
2 2 10 14 0
6 1 10 20 5
10 6 5 29 2
6 2 2 16 5
6 8 8 26 9
6 6 2 23 3
5 1 2 11 5
5 1 1 11 2
8 10 10 35 8
2 1 6 13 7
10 10 5 34 6
4 10 9 28 1
6 6 2 20 9
7 1 3 11 2
2 6 5 17 1
7 7 4 20 0
6 2 7 21 8
10 7 9 30 2
6 2 5 21 7
7 8 4 27 3
8 2 5 19 4
6 5 9 25 2
1 3 3 16 6
9 4 4 24 5
2 2 1 9 2
9 9 1 19 8
8 4 10 28 5
5 3 9 18 0
8 6 8 27 6
7 2 7 19 5
10 10 3 28 5
5 9 8 23 7
5 2 6 13 6
10 7 3 20 1
5 4 8 21 1
6 8 9 27 3
1 2 6 11 2
1 2 7 18 2
8 3 5 16 1
5 10 8 31 7
9 6 1 17 3
8 4 2 23 8
4 2 9 21 9
1 10 9 21 9
5 5 5 24 4
6 9 1 17 6
9 6 1 16 0
9 4 3 23 0
7 1 4 18 8
7 4 4 16 2
6 10 5 22 9
10 9 1 25 2
9 3 2 22 8
1 4 8 18 2
8 3 5 18 7
2 10 8 21 4
9 10 5 28 6
8 1 4 16 1
7 9 8 28 8
10 1 5 16 7
6 7 3 24 1
6 10 8 25 8
7 8 6 22 2
6 3 6 19 7
7 3 3 13 0
5 4 8 21 8
5 6 2 19 7
10 8 8 32 1
8 4 1 16 0
7 5 6 18 7
4 7 2 20 0
6 4 2 16 9
10 1 5 21 1
1 7 2 13 5
1 9 4 15 3
10 3 6 21 3
5 4 5 17 5
5 6 9 24 7
3 8 6 24 9
5 1 3 10 7
8 6 9 25 1
1 8 1 15 8
6 4 1 14 0
1 7 7 21 0
6 3 10 27 6
2 9 8 25 3
10 8 1 28 0
6 10 7 28 4
1 8 7 19 5
3 1 2 10 8
10 4 9 24 0
10 2 5 22 6
9 6 7 26 1
1 2 7 14 0
10 10 4 33 0
6 4 8 27 9
10 1 2 14 5
9 3 1 15 9
2 9 10 29 7
6 3 5 22 4
5 9 7 28 0
3 1 8 18 8
7 2 8 23 2
8 7 4 23 5
2 4 10 19 7
10 2 7 28 3
6 1 9 25 0
3 9 3 15 1
3 10 9 28 6
2 3 9 18 5
2 2 1 13 4
9 3 7 26 8
4 3 9 16 2
6 7 5 24 4
10 10 8 30 9
8 1 8 17 0
8 7 6 28 4
3 8 3 19 6
1 7 4 19 8
3 6 3 21 4
7 8 1 23 2
1 1 7 10 6
10 1 10 23 3
4 4 8 17 9
6 1 2 13 7
1 10 9 25 3
3 2 2 7 8
6 3 9 22 5
3 10 7 27 0
3 4 7 16 8
2 8 1 14 5
3 9 3 15 8
9 7 7 29 3
1 7 5 20 0
1 2 8 15 2
4 1 3 9 3
2 4 6 21 1
10 9 4 23 0
5 3 1 9 2
6 1 5 21 9
7 9 8 33 5
10 4 6 29 7
7 6 2 21 2
7 1 3 20 0
6 1 1 8 5
2 4 2 13 3
9 8 6 23 8
6 8 4 21 2
2 2 8 16 9
5 4 8 26 8
2 5 10 17 5
9 3 6 25 8
4 3 3 10 8
9 7 1 17 4
2 3 4 13 3
7 4 4 16 9
5 2 6 17 6
5 7 1 14 5
2 6 10 24 0
9 8 10 30 3
8 2 2 12 5
8 4 2 19 0
10 7 4 26 2
1 7 3 15 5
3 6 5 15 6
10 7 3 20 4
9 1 3 19 6
4 1 3 13 9
9 5 1 15 0
1 6 3 15 7
9 9 7 28 1
9 9 6 25 3
2 8 5 23 0
6 8 2 20 4
2 7 7 16 9
3 10 8 22 7
1 3 1 7 3
6 10 4 29 0
1 1 10 20 6
1 7 4 21 4
3 2 9 21 4
9 10 8 35 3
2 9 6 26 7
4 3 1 9 4
9 10 1 24 0
7 8 5 28 6
2 10 3 24 4
8 9 5 28 6
5 9 9 32 1
3 8 10 27 3
3 5 2 19 4
2 2 8 12 0
10 9 6 28 3
2 7 4 14 8
10 8 8 34 6
8 10 3 21 3
4 9 5 24 8
5 2 4 20 7
5 4 10 27 6
8 6 10 25 3
10 10 1 27 5
9 5 4 27 9
7 9 9 32 0
7 2 3 20 3
5 6 3 14 8
2 5 4 20 7
7 8 9 28 1
2 5 7 15 9
8 10 6 27 7
5 9 8 24 9
3 5 7 24 1
3 5 7 21 1
10 1 7 22 9
5 2 7 20 2
9 1 7 20 0
7 10 5 23 0
4 5 4 21 5
5 4 6 17 4
1 8 3 14 9
10 9 10 34 9
8 2 3 20 5
3 3 4 18 2
10 10 5 26 2
2 10 5 26 2
9 1 8 21 4
8 1 2 19 8
6 3 6 20 0
1 1 6 14 0
10 3 7 25 0
3 6 3 13 1
5 5 2 19 6
6 2 1 10 6
4 4 7 18 9
1 10 5 18 4
3 2 10 23 0
9 4 1 22 7
2 9 8 26 4
7 8 2 24 5
9 1 1 11 2
5 6 8 22 4
4 6 2 12 5
9 1 4 23 6
9 5 3 20 7
1 10 1 17 7
1 2 5 15 1
7 9 9 28 4
6 1 6 17 2
6 9 6 21 5
3 9 5 24 0
9 4 2 23 5
9 4 8 23 6
4 9 10 23 0
8 3 3 22 4
10 3 7 28 9
3 5 7 21 0
10 3 9 26 9
6 6 2 15 5
5 8 5 25 3
10 4 2 17 3
2 5 7 16 9
1 3 4 13 7
10 2 2 18 9
7 8 1 18 8
10 1 5 18 0
1 7 9 22 3
10 2 7 22 3
6 4 7 20 3
10 2 6 19 1
2 6 5 22 1
4 3 10 20 8
10 8 3 24 4
5 10 10 30 8
2 3 1 11 6
9 4 7 26 6
4 7 10 26 4
2 9 10 21 6
7 6 3 23 4
6 3 4 16 3
7 6 2 22 9
5 3 5 19 8
6 1 10 18 5
1 10 7 18 0
8 10 8 27 0
10 3 7 20 7
10 10 3 24 1
4 8 1 19 1
1 10 5 24 0
3 10 3 21 4
4 1 3 14 2
5 4 5 21 0
6 9 9 26 2
1 7 10 23 5
1 4 5 11 0
4 8 7 21 5
3 4 2 14 6
