50
1 1 8 12 6
4 4 2 12 7
8 9 1 25 4
6 10 2 19 7
6 8 8 22 8
9 7 1 22 8
8 3 8 26 6
5 6 6 24 7
10 9 7 28 3
4 4 9 25 2
8 2 2 13 9
9 7 3 19 5
1 10 4 17 7
5 9 8 31 7
5 1 4 18 2
2 5 7 15 2
4 10 8 28 1
4 5 5 18 5
8 2 7 21 8
2 1 10 20 8
2 7 2 14 4
8 10 1 21 8
4 7 9 20 3
5 10 5 20 3
8 10 8 35 5
6 7 1 21 2
10 7 1 18 4
10 2 7 22 3
7 2 3 17 8
2 5 7 22 3
8 2 10 29 2
9 4 7 23 6
1 2 7 10 6
2 2 4 11 9
2 4 5 16 5
8 3 9 28 8
6 2 2 13 4
2 2 4 10 2
5 7 1 21 8
6 3 5 21 6
5 9 2 24 8
1 5 2 8 5
10 10 1 22 7
3 6 3 12 3
1 3 10 19 6
8 8 5 23 1
3 1 8 12 7
10 2 4 17 4
6 1 7 21 6
4 1 10 22 2
