150
2 5 6 21 6
7 7 9 24 0
8 5 4 20 6
6 9 4 28 0
5 8 9 24 2
4 9 1 20 7
1 6 9 24 5
5 10 10 28 1
3 10 10 24 5
4 7 6 26 6
6 7 10 24 6
4 5 6 20 2
3 7 1 20 9
2 10 3 22 9
5 3 3 15 1
1 9 2 13 0
2 4 7 22 1
10 3 9 24 1
5 1 2 10 1
10 3 7 27 3
7 2 10 21 0
5 3 4 13 9
1 9 4 16 9
6 1 6 20 8
8 3 8 27 1
9 3 1 21 4
8 2 7 23 3
10 1 9 21 7
3 1 4 9 3
1 2 9 19 7
5 5 4 23 9
9 9 6 27 1
2 1 2 11 9
4 2 2 10 4
5 7 4 17 4
2 6 9 25 6
9 9 4 23 8
4 7 9 26 5
4 6 1 15 9
7 8 2 21 9
10 2 8 23 7
1 9 1 11 5
10 10 6 29 5
3 2 4 10 1
3 6 8 20 1
4 6 10 26 0
3 2 2 9 8
5 1 8 20 4
7 3 6 21 8
5 3 10 20 6
6 10 4 20 7
10 1 9 21 4
5 6 5 24 2
7 9 7 31 1
2 10 8 22 4
9 5 4 21 5
4 2 5 13 0
2 6 3 17 8
2 9 4 22 1
1 7 3 14 7
3 1 4 14 6
7 1 4 18 3
4 3 2 13 7
9 6 2 23 8
8 2 3 20 9
8 2 9 21 9
10 6 1 24 5
10 3 7 20 4
7 4 1 21 8
9 6 4 26 2
4 10 2 25 5
5 2 3 13 0
8 5 1 21 5
6 3 6 16 9
3 8 3 15 3
3 6 1 12 3
9 2 6 24 7
5 2 4 11 5
6 7 4 22 5
9 10 10 31 7
6 9 5 20 5
7 4 5 20 3
8 1 9 20 7
9 4 3 22 0
5 10 5 26 6
6 5 9 20 4
1 5 9 21 4
8 6 9 32 6
8 1 10 26 8
9 6 3 19 2
8 8 6 30 5
3 8 9 21 2
2 2 3 14 8
5 6 5 18 9
8 7 6 22 8
1 1 4 7 1
7 5 7 27 4
10 1 5 20 2
3 9 5 20 2
3 1 4 11 9
4 10 8 23 8
8 4 2 20 8
9 2 3 15 5
2 2 5 18 2
10 7 9 30 0
5 6 9 25 4
6 3 7 23 4
8 4 9 21 2
1 1 4 8 4
9 5 3 23 2
10 2 10 25 0
5 6 8 26 7
8 7 1 19 7
2 10 4 18 3
3 10 2 19 1
8 1 3 12 2
4 4 7 24 0
4 6 7 24 8
9 9 9 34 5
10 2 5 19 5
8 1 3 16 6
6 7 9 26 6
4 4 2 11 4
7 7 9 30 6
4 1 1 13 4
3 9 1 18 4
7 5 2 20 6
10 6 6 26 7
2 8 4 19 3
5 6 3 20 5
9 1 6 21 2
2 5 10 24 4
1 5 9 20 8
7 6 9 26 3
10 7 10 33 3
5 4 8 21 9
5 3 6 20 7
6 10 5 29 6
1 6 8 20 0
8 5 8 30 6
8 4 2 21 5
9 9 5 26 4
4 6 9 25 1
10 1 2 18 9
7 1 2 17 9
5 2 8 17 2
8 2 6 21 4
4 6 2 18 5
6 1 4 15 3
7 5 6 22 9
