250
2 8 3 22 5
10 9 7 29 1
4 5 7 24 0
6 6 8 29 7
4 5 7 23 5
10 5 7 22 6
2 9 9 21 1
8 3 6 21 3
9 7 8 25 4
1 3 10 19 2
6 4 5 20 7
1 3 5 12 4
3 9 2 23 2
9 5 3 21 2
7 3 1 13 3
8 6 2 23 0
6 4 1 16 4
2 9 3 18 9
9 4 3 24 6
9 8 3 28 3
9 5 1 22 0
2 3 8 18 3
5 10 5 29 5
5 6 1 19 8
5 2 4 14 4
4 4 4 13 9
7 1 8 17 8
7 3 3 14 2
4 10 4 23 7
6 6 5 21 7
10 5 9 31 5
10 10 10 36 7
4 6 2 19 3
2 8 7 20 9
6 3 2 16 6
8 9 2 23 3
7 8 1 22 5
4 3 8 21 9
3 5 7 21 8
8 8 10 33 9
2 5 2 10 8
6 7 5 26 5
7 7 6 26 4
7 5 2 22 4
10 6 6 27 5
5 7 10 28 9
1 9 2 13 0
9 8 10 28 0
9 2 4 16 4
2 1 9 21 0
4 6 10 27 9
4 9 10 24 3
1 7 4 17 6
10 3 10 27 9
6 5 3 15 2
8 8 7 27 5
10 4 1 16 9
3 10 8 28 1
10 1 2 21 4
7 7 7 28 7
9 4 6 27 7
5 7 10 29 3
4 7 2 19 0
4 8 9 24 8
6 1 3 16 2
1 1 5 9 2
6 3 10 25 6
9 7 3 22 6
6 3 8 20 9
3 10 8 28 6
7 5 10 29 1
7 9 5 21 8
5 9 4 26 2
1 5 8 15 7
8 6 8 29 0
4 6 10 27 4
8 3 9 22 9
9 3 3 15 6
2 9 4 21 6
5 7 5 26 8
8 3 5 16 8
9 2 7 20 7
9 9 8 35 1
9 9 10 35 9
8 6 10 30 6
3 5 10 18 3
6 2 3 18 9
5 1 6 12 8
8 7 8 24 3
2 7 3 21 4
10 3 6 26 6
10 6 3 28 3
5 10 1 22 0
9 3 10 30 2
6 8 6 28 7
1 2 9 19 3
3 6 4 19 0
4 1 2 14 6
4 9 9 24 0
3 6 6 20 8
8 1 4 20 1
6 5 9 29 6
7 1 7 15 3
7 8 8 23 9
6 9 6 28 7
3 8 2 15 7
8 8 7 30 6
4 4 6 16 0
2 2 8 12 6
2 6 7 16 0
4 5 6 19 1
3 5 8 24 6
4 1 8 20 7
8 5 8 28 0
4 6 4 14 3
3 9 2 18 7
7 9 5 24 8
6 2 7 17 0
1 7 1 13 3
6 7 1 20 4
5 6 10 22 9
10 8 5 24 6
5 1 6 21 7
6 10 4 28 6
10 6 3 23 0
9 10 8 34 6
1 4 6 15 7
3 4 2 14 4
8 3 4 23 1
10 8 4 22 6
8 4 5 23 6
10 9 9 37 8
5 8 10 31 6
2 1 4 13 8
10 6 2 25 5
6 9 9 28 6
10 1 3 22 0
2 8 3 21 2
8 7 10 28 5
8 5 9 22 6
10 4 7 24 0
2 6 6 21 1
9 5 4 21 5
6 10 3 20 6
6 3 4 21 7
4 9 9 26 9
10 9 8 35 0
8 7 5 24 2
2 7 3 16 9
8 2 8 21 9
3 5 3 19 9
9 10 10 38 9
5 3 7 21 4
6 8 1 17 8
5 7 9 30 4
6 9 3 24 0
4 3 6 19 3
6 4 10 24 0
1 10 6 20 5
6 3 8 19 2
3 2 8 21 0
6 1 5 14 2
3 10 1 17 8
2 10 7 22 2
9 7 3 20 4
2 1 1 6 8
2 4 8 19 7
9 9 7 27 6
8 5 8 21 3
5 4 2 14 1
4 3 1 16 1
6 8 9 23 7
4 6 3 15 8
10 6 6 25 7
10 5 2 17 4
1 9 2 16 0
6 8 1 21 4
10 8 9 29 6
2 10 8 24 8
8 1 2 18 5
9 2 9 23 6
4 1 7 13 9
9 10 8 27 5
1 9 4 17 0
7 10 7 27 3
9 9 2 29 3
2 9 9 26 9
6 9 1 17 9
7 5 3 18 2
7 3 8 26 1
4 10 3 26 1
9 9 6 27 5
8 4 7 26 7
2 1 4 8 3
6 7 8 29 4
9 6 6 22 7
10 8 4 31 9
9 5 7 23 9
4 9 6 20 5
2 2 7 12 7
8 5 7 25 2
2 1 6 16 3
4 6 6 19 2
7 9 3 23 5
5 1 1 8 0
10 3 1 17 6
6 10 1 25 3
10 8 6 26 0
2 7 5 17 8
7 1 6 17 1
6 8 8 22 4
2 2 4 9 8
5 2 2 13 2
1 3 2 8 5
4 10 10 25 0
3 8 3 21 2
1 8 4 15 3
3 10 4 25 2
8 9 1 24 1
4 4 9 18 6
6 3 8 24 1
7 9 8 27 9
1 7 3 16 1
6 6 6 26 6
9 5 9 25 0
1 2 5 13 1
10 6 10 26 6
8 7 3 20 9
3 8 6 17 0
8 8 6 22 1
8 7 5 25 8
10 6 1 24 9
2 2 2 13 5
3 7 1 12 2
3 4 8 21 5
3 9 1 18 2
3 2 9 16 8
4 2 1 16 5
3 8 9 26 1
6 7 1 17 5
9 1 4 15 1
4 1 9 19 3
3 4 9 25 9
3 3 7 21 0
2 8 7 17 7
7 6 1 22 6
1 9 9 21 1
5 9 10 26 0
5 6 4 15 6
10 10 9 32 0
