100
9 7 4 26 6
3 9 3 16 6
10 8 9 36 4
6 2 8 24 4
9 3 6 26 1
6 7 9 26 9
10 3 10 26 8
4 1 7 17 0
7 4 3 17 0
10 3 9 26 3
8 5 6 24 9
2 4 9 15 6
6 10 7 28 3
3 7 6 17 4
10 8 8 34 8
4 2 2 8 4
10 3 4 17 2
5 7 9 29 5
9 6 10 29 4
6 8 4 26 8
10 5 10 29 3
10 2 1 14 9
9 4 3 24 5
9 2 7 25 6
5 2 8 16 5
10 10 4 27 1
1 7 10 19 4
1 2 4 10 7
1 4 4 17 3
3 6 5 17 5
5 2 7 15 8
3 6 5 22 3
6 6 3 22 2
5 3 10 25 6
9 8 9 29 9
6 1 6 13 8
10 8 4 31 4
3 7 5 22 4
5 10 5 27 5
10 9 3 24 7
10 6 9 28 1
9 2 4 19 4
4 5 2 12 2
7 6 7 28 5
1 9 10 24 0
6 3 1 17 4
8 7 7 25 7
6 1 5 20 6
9 2 9 21 3
6 2 5 22 4
3 10 1 21 2
7 4 9 20 5
8 8 2 22 8
5 1 1 13 4
9 1 3 19 8
6 5 7 26 0
1 10 7 27 2
3 3 4 10 4
10 5 10 31 5
3 2 6 19 8
2 9 9 29 8
2 3 2 9 5
5 9 6 20 9
2 3 9 15 7
6 1 4 17 5
2 5 9 22 0
5 9 2 21 1
6 1 7 16 5
8 10 3 23 4
1 7 2 10 4
7 7 4 21 8
5 6 2 21 6
4 7 9 26 1
9 2 7 25 4
7 9 5 26 5
6 6 5 20 1
10 9 3 27 4
5 9 5 19 5
8 5 8 24 2
8 2 3 16 2
4 4 6 16 7
10 8 6 25 3
8 10 7 26 3
8 1 1 17 2
3 3 7 19 4
5 6 7 23 8
1 9 7 17 0
4 9 5 24 9
9 4 4 24 5
5 1 3 17 0
10 5 3 23 2
1 3 3 7 9
1 10 3 20 1
4 7 1 16 6
6 3 3 21 3
8 10 7 27 3
9 2 9 24 4
6 7 9 24 6
5 8 3 20 6
7 7 3 18 7
