400
1 118 124 7
6 1091 1100 8
4 281 289 4
6 2019 2026 5
8 513 522 2
8 1970 1981 7
10 350 361 2
1 873 879 10
2 765 769 3
2 910 913 7
5 413 420 7
2 1112 1117 8
2 420 424 8
9 1373 1384 5
7 817 826 10
2 237 242 6
5 1178 1185 2
2 290 297 9
1 1942 1945 8
8 814 826 1
10 2151 2163 8
1 1925 1931 10
8 1424 1437 1
5 1956 1965 6
8 1463 1471 2
7 1687 1694 8
9 1060 1074 1
2 627 629 6
9 1127 1137 4
3 1762 1768 1
4 1254 1259 7
10 2110 2122 10
4 576 583 7
6 1226 1237 6
6 1335 1344 9
3 1542 1550 10
9 703 715 2
9 1999 2012 5
6 1031 1039 9
7 2031 2038 8
6 10 21 6
10 1863 1874 1
1 1851 1853 5
2 907 912 10
3 121 128 4
9 442 453 8
7 1720 1731 10
4 1513 1519 3
9 1605 1618 2
2 1640 1647 10
2 280 287 7
8 1436 1447 6
8 1451 1460 5
3 515 520 7
2 598 600 10
10 290 302 8
5 1394 1403 5
8 828 841 1
8 581 592 10
7 814 822 4
6 387 393 9
10 709 722 2
3 1523 1526 6
8 1276 1286 4
1 2086 2089 5
10 1242 1255 10
8 2176 2185 8
2 986 988 7
10 202 213 9
6 1895 1904 4
9 91 100 4
6 1840 1847 10
5 1395 1402 1
10 1796 1807 1
1 1476 1479 8
4 1920 1929 9
9 1398 1407 9
10 851 863 9
8 1296 1309 8
5 955 964 3
8 1675 1687 1
4 2039 2047 5
3 1672 1675 2
2 200 202 2
4 1349 1358 8
5 1075 1082 1
1 1901 1907 2
4 1290 1295 3
7 773 785 5
7 2151 2158 2
3 435 443 4
9 1159 1168 8
9 12 25 2
5 1825 1830 6
1 1107 1113 9
1 952 958 7
2 5 12 8
6 2101 2111 1
3 1415 1420 10
5 1603 1611 10
2 173 180 8
10 294 307 4
9 460 474 8
2 655 657 6
1 1268 1274 5
10 2132 2142 6
6 289 295 8
1 1178 1181 4
7 386 396 8
5 128 137 3
3 963 968 3
8 205 213 5
2 1043 1047 8
5 1289 1294 5
4 1122 1128 6
6 935 941 7
10 797 807 1
3 1440 1443 6
9 436 446 9
8 1288 1296 10
7 482 493 10
8 2065 2078 3
9 1290 1299 3
6 84 92 5
10 1845 1857 6
4 876 885 9
3 381 387 6
1 1099 1101 2
5 319 325 7
8 1444 1456 6
4 1335 1341 7
6 1281 1291 1
2 1207 1211 10
10 977 990 5
1 752 755 2
1 1075 1081 3
3 1294 1302 7
2 423 428 7
2 2130 2133 1
1 11 13 2
6 1332 1341 3
3 321 326 8
9 1851 1863 10
3 460 465 7
3 1949 1956 4
7 745 752 10
1 1309 1315 6
6 2158 2169 5
6 598 608 5
10 1200 1212 3
3 1099 1103 2
9 175 189 1
2 1132 1134 2
2 984 987 1
10 1234 1247 9
7 118 126 10
2 686 688 5
1 2200 2201 7
5 1113 1123 8
10 204 217 5
7 1821 1830 7
1 2090 2091 9
10 2034 2047 6
6 841 852 5
2 1898 1901 9
7 1754 1764 2
4 2039 2048 1
9 120 133 2
10 190 204 9
9 56 66 10
5 330 339 5
2 426 432 4
1 923 927 3
7 1998 2009 10
3 154 157 6
7 1449 1460 10
8 2042 2053 10
8 1454 1465 8
10 1870 1881 8
2 387 394 3
4 1752 1760 1
6 80 89 2
7 1262 1269 5
3 606 614 4
8 93 104 1
10 2047 2059 8
6 820 828 9
8 273 285 1
6 1360 1369 8
3 621 625 6
6 174 183 7
2 2150 2157 7
7 81 92 9
4 614 621 3
5 616 626 5
4 1523 1530 8
6 1718 1726 3
6 1099 1107 9
7 1130 1139 6
3 680 688 6
6 378 384 3
5 663 668 1
5 96 102 1
4 1646 1652 9
1 1930 1934 1
7 259 271 6
3 523 526 3
5 1722 1729 9
3 1539 1544 1
1 154 155 1
8 2156 2169 6
3 1411 1419 5
8 895 905 6
6 1240 1247 3
8 2034 2043 8
3 1922 1926 2
7 1902 1912 8
9 1453 1467 5
3 995 1002 2
1 610 615 2
10 1550 1564 3
10 744 758 5
9 1416 1428 5
7 976 988 5
3 829 832 2
9 472 482 5
8 47 55 7
6 155 165 10
5 2003 2010 8
2 1097 1100 3
4 1995 1999 2
6 1331 1340 8
7 1175 1183 4
4 1936 1942 10
1 1671 1677 10
8 257 266 8
7 1643 1655 3
8 1598 1608 9
4 1161 1170 2
3 1891 1898 2
6 711 720 10
1 1287 1288 10
7 173 184 3
9 224 234 3
2 1761 1765 3
10 1302 1312 1
2 1993 1996 8
1 1524 1528 3
7 156 168 4
3 1576 1582 2
1 633 636 6
10 1601 1614 5
1 847 851 1
2 817 819 3
7 1976 1986 6
9 370 381 1
1 2065 2071 9
8 1445 1457 5
4 666 674 4
6 941 949 10
7 1058 1067 1
3 1216 1224 2
10 1571 1582 4
3 1455 1463 9
6 1155 1163 3
8 440 449 1
6 1720 1731 9
9 515 525 5
10 630 643 9
2 754 760 10
3 776 779 4
8 332 340 8
5 1888 1893 10
9 390 401 3
6 1512 1523 9
6 2193 2199 8
1 433 437 2
8 796 806 4
7 776 786 6
1 535 540 8
9 1954 1964 4
9 1944 1955 1
1 959 962 10
5 1768 1778 8
8 1590 1602 1
8 1285 1297 4
4 2159 2166 6
5 317 323 6
7 1104 1111 7
9 1908 1918 9
6 1952 1959 4
1 1716 1719 2
3 838 841 4
9 1009 1020 1
7 290 299 5
7 312 322 3
7 180 188 8
3 2046 2051 3
5 1242 1248 1
4 312 321 4
10 989 1000 8
8 1151 1163 1
8 1472 1483 5
5 1574 1579 9
8 1184 1194 9
7 775 782 3
5 1862 1870 5
4 1451 1459 5
9 303 315 10
5 1056 1061 2
6 1650 1660 7
5 1378 1388 9
1 723 725 7
6 1050 1057 5
3 876 881 4
6 89 98 5
5 1620 1626 5
6 202 213 2
6 732 742 7
3 185 191 10
4 140 145 4
4 2079 2086 8
2 1564 1566 6
8 650 658 8
9 1914 1926 4
7 211 220 5
1 151 156 6
9 1569 1583 1
1 761 765 9
8 1244 1257 3
8 1460 1472 9
8 379 387 4
8 1680 1688 6
10 268 281 6
3 413 416 5
8 443 456 5
10 1147 1162 10
1 1399 1403 3
10 1081 1091 3
1 1007 1013 10
10 1434 1444 3
4 1682 1689 6
10 1558 1573 8
8 1753 1765 10
9 856 870 8
9 1751 1763 4
5 755 762 1
3 1283 1287 4
10 80 95 1
4 496 502 4
6 1873 1882 7
5 1198 1203 4
4 46 52 2
5 816 825 7
5 1783 1789 10
2 48 52 2
1 1698 1700 8
10 1608 1622 1
3 376 380 7
5 102 108 10
8 552 562 9
10 326 340 5
1 1121 1125 3
6 2089 2095 2
8 1172 1185 8
2 1244 1250 3
8 1655 1668 7
9 282 295 8
3 2030 2036 6
3 1487 1494 8
9 1804 1814 4
10 752 764 10
2 1517 1523 9
6 1787 1796 4
1 159 160 8
4 579 587 5
4 1563 1570 4
2 1958 1964 7
4 1678 1686 6
6 1624 1634 9
2 984 990 4
10 573 588 8
3 1793 1796 9
4 912 919 1
5 2065 2071 10
1 722 727 3
1 565 569 8
3 1237 1240 9
10 2197 2212 4
1 324 326 4
1 429 432 4
2 1727 1733 4
9 1426 1439 4
9 1117 1128 7
8 1138 1151 4
3 642 648 7
1 2059 2064 2
7 2032 2042 3
5 1741 1750 5
3 901 907 9
