500
1 1563 1565 8
4 1112 1116 1
5 298 303 7
7 450 462 5
9 2043 2054 3
3 1659 1666 7
1 296 297 8
9 959 971 5
5 1258 1264 9
9 2350 2360 4
2 29 33 2
4 2283 2292 10
2 169 172 3
6 1307 1315 5
3 1042 1048 1
5 485 494 9
5 2651 2660 1
3 779 783 5
7 2149 2159 5
9 641 653 1
3 960 963 4
4 888 895 7
8 43 51 4
1 859 862 4
5 141 146 4
1 129 135 6
5 220 226 3
5 1608 1615 1
5 2086 2091 3
6 1976 1983 4
5 1194 1200 6
8 106 118 10
7 1978 1989 3
8 2653 2663 1
10 381 392 2
8 1602 1615 3
3 64 71 9
7 1587 1599 5
9 468 479 9
4 2098 2104 7
9 1713 1724 6
8 2654 2664 2
4 217 226 2
2 1112 1118 10
8 204 212 8
6 1927 1936 2
6 539 546 1
5 285 294 4
6 2125 2133 4
8 1510 1523 4
8 1673 1681 4
2 275 281 7
2 2631 2635 10
7 132 143 1
4 78 85 3
1 340 346 3
1 2236 2238 3
7 1695 1704 3
1 922 924 4
7 2496 2504 2
2 12 17 8
5 334 341 2
10 1744 1758 9
6 1963 1974 4
4 1272 1277 8
9 2417 2430 10
2 1631 1635 9
4 2256 2264 3
1 2006 2011 3
7 407 415 5
10 1268 1280 10
7 2261 2269 7
7 1852 1863 4
3 2413 2421 2
6 1576 1587 9
6 1073 1082 6
5 216 224 1
1 683 686 7
1 1837 1841 7
10 1919 1930 10
3 2038 2045 3
1 381 387 10
1 2229 2230 4
4 873 881 7
4 606 610 5
10 66 80 6
6 2286 2295 3
7 581 593 4
9 604 617 9
4 2046 2050 3
8 392 403 10
5 1455 1461 5
9 934 947 3
5 245 250 3
6 2611 2617 5
3 2282 2286 9
9 653 663 10
10 2285 2299 6
8 1015 1026 3
3 1639 1645 10
7 647 656 6
5 1114 1124 10
3 2541 2545 3
10 612 622 4
8 57 66 8
7 835 844 9
2 900 903 9
1 2447 2451 7
3 1251 1257 1
2 2741 2746 7
3 1082 1086 3
4 1093 1097 6
8 1917 1927 10
5 2487 2497 1
7 1123 1130 3
6 1682 1693 8
1 671 672 4
7 859 871 8
7 2034 2044 10
9 1319 1332 8
10 1806 1820 6
3 1803 1807 10
6 1425 1432 2
6 832 842 5
4 789 795 6
10 217 231 7
5 1682 1688 4
10 2326 2336 5
9 2052 2062 3
2 2503 2506 1
10 99 113 5
7 394 405 3
9 592 604 10
3 1929 1932 10
10 2361 2374 5
6 2509 2520 1
9 1236 1247 5
4 1795 1803 10
10 613 623 10
5 2615 2624 3
4 1190 1198 5
9 321 331 5
2 2127 2130 4
6 849 855 1
3 1678 1681 6
10 771 785 8
3 2066 2074 6
3 1327 1335 3
1 824 826 7
2 886 890 1
4 955 964 4
4 2517 2523 7
3 151 154 6
10 89 102 1
5 345 353 8
8 2015 2024 6
1 557 562 4
10 749 762 2
9 1330 1340 10
9 1462 1473 9
2 416 420 10
5 2328 2334 5
3 2732 2740 6
1 2156 2160 3
3 2459 2462 3
8 2393 2401 1
7 2253 2265 1
5 912 917 2
10 2554 2564 5
4 1310 1317 1
1 1235 1236 2
10 1756 1770 3
8 1741 1752 6
10 1945 1958 8
7 1717 1726 1
1 2181 2187 1
2 166 173 2
2 1658 1664 7
9 1995 2007 8
9 1462 1471 10
10 1320 1331 2
5 210 216 2
10 2290 2305 4
10 348 358 6
2 2613 2617 5
3 2162 2170 5
5 380 385 7
8 2666 2677 8
8 1260 1270 7
6 2730 2739 10
7 1399 1410 10
1 556 560 7
5 4 10 1
5 653 658 6
9 2651 2660 4
9 1603 1617 7
6 2239 2248 9
2 1646 1648 10
6 1513 1522 4
1 1743 1746 7
5 1964 1971 10
2 211 218 3
2 698 705 2
3 727 735 3
6 1084 1090 2
7 1047 1058 7
6 2351 2362 3
10 840 855 3
5 897 903 8
7 2652 2663 10
1 283 289 7
8 1965 1973 2
8 2356 2369 10
7 2245 2254 9
3 1878 1886 5
7 461 469 1
6 1050 1059 3
1 1794 1796 10
8 87 96 9
9 2327 2336 6
10 160 170 3
10 1817 1828 8
6 541 547 5
8 660 673 9
5 2474 2479 10
3 1900 1907 1
7 1378 1389 8
5 2434 2444 6
5 1426 1433 6
4 456 464 4
8 1989 1997 1
6 741 747 2
5 1253 1262 10
5 1850 1856 2
7 1607 1619 4
9 1400 1412 10
1 2264 2270 6
8 2101 2111 2
6 396 402 4
4 1305 1312 6
4 2278 2282 10
1 2167 2172 6
9 985 999 8
10 2531 2542 6
5 681 686 2
3 1965 1973 2
9 2388 2399 10
6 2660 2668 8
1 1759 1760 3
5 291 296 1
10 22 34 9
6 274 285 8
4 1701 1710 2
1 307 313 5
4 938 947 10
6 2531 2539 7
10 685 699 8
9 1468 1481 1
3 2276 2284 8
8 809 817 4
8 395 403 3
7 2082 2093 3
5 876 882 3
8 1095 1108 8
1 491 494 1
3 1732 1738 1
2 2238 2243 4
3 1396 1404 7
4 2468 2472 3
4 1419 1426 10
4 1307 1314 1
7 758 767 4
8 1473 1484 5
2 2170 2174 5
2 2315 2318 6
8 802 812 3
3 1625 1630 10
1 1809 1810 2
1 118 120 8
3 1481 1489 3
4 2750 2759 5
7 139 150 8
5 1039 1047 1
5 1787 1795 8
5 1457 1463 6
5 1032 1038 1
6 724 734 3
2 1683 1689 8
8 150 160 2
3 1413 1421 2
7 17 24 1
3 2495 2499 2
8 144 153 4
5 1520 1528 10
7 1456 1465 3
1 1962 1967 3
1 1734 1737 1
5 1929 1934 9
6 114 123 3
9 1696 1705 7
9 1408 1419 1
9 1279 1293 10
1 2289 2294 1
7 1533 1541 3
10 607 617 1
9 427 436 8
8 111 124 10
1 498 499 3
6 546 553 9
6 801 812 4
7 2412 2419 9
8 1882 1895 1
2 1590 1592 10
1 1336 1341 1
10 1312 1323 2
5 2389 2396 10
9 1168 1178 2
9 1766 1776 2
7 2304 2315 10
9 728 737 10
2 1621 1624 7
7 2105 2112 9
6 1905 1912 3
2 1858 1860 2
2 854 858 2
3 1761 1766 7
10 2674 2689 10
1 1848 1850 3
8 547 559 3
6 2205 2211 2
2 361 363 8
6 1900 1906 1
2 2189 2191 5
9 96 105 10
5 1585 1595 9
5 2517 2526 9
3 459 462 2
4 1676 1683 5
4 1765 1772 6
5 2484 2492 5
4 379 387 8
4 2746 2752 3
2 1466 1473 10
10 143 158 7
6 2393 2401 9
2 1072 1079 10
7 9 19 7
1 2117 2119 5
1 688 693 2
10 750 765 1
3 985 988 2
9 132 146 5
6 1499 1506 9
10 727 737 1
2 838 842 4
7 1682 1693 7
3 849 856 1
10 2049 2064 10
6 1523 1534 8
5 1023 1031 5
9 2249 2262 5
1 1271 1276 7
2 2560 2564 7
8 455 467 7
6 345 351 5
2 2100 2105 7
9 2153 2165 10
4 2659 2668 10
8 159 168 4
3 152 160 7
2 2740 2747 8
6 655 666 8
2 2277 2282 9
3 2233 2237 2
4 1659 1665 10
2 909 915 4
8 991 999 10
1 459 465 6
2 1766 1771 2
4 1291 1297 9
7 725 732 9
3 2234 2239 2
8 1171 1183 7
4 1835 1843 10
2 1728 1731 6
6 832 843 6
9 1197 1210 9
4 229 235 3
5 548 556 10
10 893 904 4
1 2097 2102 6
2 2503 2510 4
6 27 36 2
6 1881 1889 5
1 325 327 2
2 1470 1473 10
3 1626 1632 9
7 2315 2325 10
5 624 629 5
1 1904 1907 8
9 1308 1319 5
3 538 544 8
7 2448 2458 6
3 101 106 4
4 190 194 6
2 714 716 5
1 2286 2291 8
10 1121 1132 2
4 300 309 8
2 440 445 3
6 2431 2442 5
6 746 754 6
6 2633 2642 6
8 755 766 3
2 1386 1390 10
10 1823 1835 1
9 493 507 10
9 37 49 7
7 38 50 2
9 1344 1354 1
2 1188 1194 3
8 1725 1736 7
5 2487 2495 10
9 1468 1481 4
10 1504 1516 10
10 2591 2605 6
7 127 139 5
4 999 1005 7
10 1435 1448 8
3 1900 1903 4
9 267 277 1
8 615 624 2
4 1024 1031 3
8 2415 2424 5
6 1464 1474 10
2 2636 2641 7
7 1005 1013 5
7 1827 1838 1
5 1833 1843 7
3 1332 1335 3
1 812 814 10
3 1936 1943 10
7 1905 1917 5
2 2367 2369 1
1 1850 1853 6
1 823 829 10
10 186 200 4
3 648 656 9
7 1280 1291 1
6 1082 1093 3
1 1944 1945 4
2 1073 1079 5
7 2311 2323 8
9 1491 1503 2
5 6 12 2
7 1451 1463 3
1 1768 1773 2
7 2117 2128 9
4 910 918 9
7 1594 1602 3
7 2031 2041 6
9 1199 1213 8
6 386 393 2
8 443 456 4
7 169 177 6
2 1895 1897 10
3 1254 1260 4
3 2344 2347 4
5 432 437 8
2 1761 1768 1
4 381 389 7
6 2027 2035 4
10 1405 1420 5
2 2240 2245 2
2 2443 2450 8
7 1062 1070 7
4 1265 1274 5
7 631 639 4
10 685 698 1
10 963 977 1
7 2182 2192 5
1 1880 1884 8
2 1611 1615 5
6 621 628 8
9 1219 1233 5
3 2353 2360 3
9 2487 2500 6
10 843 857 5
7 1668 1679 8
8 1861 1873 2
9 1280 1290 2
8 181 189 8
2 1730 1736 3
2 1972 1974 8
4 1006 1012 3
7 1113 1121 6
10 612 625 7
9 2015 2028 8
6 612 620 10
3 1713 1721 2
