200
5 761 769 10
4 1078 1082 3
3 945 953 7
4 35 42 5
5 87 92 8
5 101 109 8
8 878 890 6
2 807 814 8
6 452 463 6
6 288 297 2
8 462 474 4
4 229 234 5
3 254 260 8
4 848 854 8
8 5 18 8
8 526 538 9
9 908 917 10
7 111 123 7
4 621 626 8
8 953 962 6
6 962 968 7
6 167 177 6
9 750 763 3
5 298 305 9
10 389 400 8
9 123 132 3
6 73 83 10
8 572 581 8
1 796 800 1
6 110 119 6
10 626 638 6
1 844 845 8
5 471 479 7
8 865 876 3
3 797 805 1
5 636 644 9
3 382 388 10
4 623 631 9
10 174 185 5
10 681 695 4
5 287 293 2
7 632 641 6
1 748 752 6
3 382 385 9
1 543 545 10
1 384 389 2
1 1036 1037 4
9 539 553 8
1 507 509 5
1 855 857 1
8 670 683 10
1 820 821 4
8 272 282 3
5 215 224 6
4 812 819 10
4 458 465 2
9 171 182 3
7 136 145 6
10 160 172 10
8 629 642 1
2 261 264 1
9 598 612 5
7 797 808 6
8 350 363 10
6 535 544 4
9 1008 1021 5
8 602 612 6
4 290 299 2
6 444 452 8
8 625 637 7
4 780 789 6
7 16 27 10
7 628 639 3
4 1087 1092 10
6 177 187 4
8 486 497 10
4 666 674 9
8 573 582 8
10 753 763 10
6 333 343 8
4 771 779 4
2 143 147 4
2 564 571 4
2 166 171 7
7 648 658 4
6 52 60 5
3 950 957 7
2 330 332 5
3 622 627 8
4 292 298 2
7 205 217 7
6 757 764 8
10 315 325 6
3 716 719 9
1 112 118 7
4 864 870 3
8 836 848 4
6 392 398 3
7 692 699 9
4 243 248 2
2 1093 1099 4
2 66 72 7
2 369 373 1
2 353 356 3
6 924 935 9
7 1060 1067 6
7 298 306 1
8 762 771 9
6 277 283 2
2 23 27 5
7 467 478 1
7 687 695 6
10 629 644 5
1 448 449 7
10 635 649 2
1 287 292 5
8 649 660 4
9 43 53 2
8 851 860 6
9 805 816 7
4 979 984 9
1 985 986 9
3 422 425 9
9 305 316 5
4 728 735 5
7 38 47 7
3 761 769 6
7 788 797 5
5 231 237 8
5 252 259 6
3 394 401 1
7 812 819 9
3 920 928 7
9 714 723 9
1 60 62 8
1 284 287 4
1 67 69 6
2 762 764 3
10 973 988 3
4 199 206 9
5 682 687 4
7 704 715 4
5 920 926 10
3 487 494 6
8 586 598 4
9 354 367 3
5 477 484 5
7 615 624 6
6 206 216 8
7 585 597 5
3 756 760 5
6 697 704 3
4 307 312 7
1 23 27 8
3 314 320 7
1 1054 1057 4
2 99 105 5
10 522 534 7
1 504 505 6
1 763 765 8
4 943 949 1
1 598 603 5
6 609 616 7
4 585 591 6
7 1074 1083 10
10 629 640 10
7 303 310 8
1 983 988 2
7 730 740 6
2 810 812 5
3 710 714 4
8 139 147 6
4 1064 1068 2
5 1079 1086 4
10 1054 1066 2
10 778 793 8
4 227 235 2
1 309 312 1
9 120 129 3
4 35 39 1
2 398 404 7
7 382 391 5
5 400 410 10
6 58 67 10
6 1086 1095 7
1 240 243 8
6 965 972 8
10 427 438 1
8 285 297 6
7 48 60 7
4 1032 1038 10
5 420 425 7
4 195 204 4
7 181 188 6
10 951 966 6
9 761 774 7
8 552 562 7
6 1080 1086 9
9 1088 1098 9
4 253 262 4
