300
1 961 965 5
4 75 81 10
5 596 603 5
5 293 301 9
1 1046 1050 3
5 772 778 6
7 370 379 7
9 1009 1021 5
10 491 501 8
2 481 484 6
10 429 441 7
9 803 812 8
4 1281 1289 1
4 213 222 6
3 900 905 3
1 917 922 8
1 394 397 3
9 333 345 5
2 766 768 6
2 126 129 5
7 289 301 9
10 225 237 4
7 521 532 10
2 880 884 5
3 376 384 7
5 49 57 5
5 937 946 6
5 912 918 6
2 564 566 2
5 555 562 9
9 338 351 9
8 1650 1663 7
4 371 380 1
1 1034 1038 2
9 1252 1262 3
2 1637 1641 3
6 528 538 6
6 1319 1327 6
3 883 891 4
9 1594 1605 9
5 1099 1104 7
5 1619 1626 4
5 916 922 9
8 592 602 6
4 1211 1220 1
6 1192 1201 3
3 905 909 4
5 491 501 5
5 1269 1275 10
3 270 273 9
1 1054 1057 5
5 1619 1626 9
4 728 732 2
9 1118 1131 6
6 618 628 8
7 1264 1272 2
3 1377 1382 5
5 109 118 4
8 236 246 1
6 1138 1146 4
7 845 852 5
4 1028 1035 8
8 830 843 8
2 55 61 3
7 120 129 2
2 183 187 1
8 1641 1654 1
10 1235 1250 3
6 1516 1522 10
5 963 968 7
3 1386 1394 9
10 1533 1543 3
8 1559 1567 6
4 882 890 4
9 1142 1154 2
4 487 492 4
6 1277 1286 8
7 726 734 8
4 526 530 8
4 222 231 3
5 124 129 8
4 1051 1060 6
10 1155 1170 5
9 722 734 10
3 899 907 10
4 1346 1351 6
9 654 667 9
6 1436 1445 7
10 110 123 6
10 955 967 2
6 90 96 4
4 1637 1646 1
3 780 788 4
4 135 141 8
8 484 492 6
8 853 863 1
8 874 884 9
4 916 920 4
6 1427 1436 10
8 1613 1623 5
10 447 460 3
4 1147 1154 10
4 1169 1173 10
2 1330 1335 4
1 1301 1305 10
5 48 57 6
1 247 251 4
3 678 682 1
7 353 363 2
5 1046 1052 1
10 1034 1047 7
10 1614 1627 8
3 1521 1525 4
2 189 191 7
7 1498 1510 9
6 812 823 10
6 875 883 6
4 1505 1509 10
4 1559 1563 9
4 1049 1054 3
9 859 872 2
7 1237 1246 3
7 200 210 6
8 1048 1056 7
2 189 195 8
4 1522 1531 1
10 957 970 8
10 680 694 6
7 744 752 9
5 787 793 4
6 155 165 6
3 87 93 4
7 868 877 2
10 1232 1246 9
2 129 133 3
7 1092 1099 6
8 548 556 9
1 160 163 4
4 1220 1229 2
8 908 918 7
5 1485 1492 2
5 1226 1236 9
8 1318 1328 7
6 47 54 1
10 479 491 7
7 394 403 1
5 96 101 3
2 1394 1398 4
9 29 43 1
3 1588 1595 9
10 919 932 6
8 1453 1461 5
6 1221 1228 6
2 941 947 6
5 639 649 9
7 1490 1497 10
8 711 721 5
8 858 866 7
8 901 909 9
8 1386 1395 2
5 1213 1220 8
5 412 417 10
7 991 1002 10
1 390 393 10
6 871 882 8
8 644 656 3
5 1252 1259 7
10 291 306 5
6 978 987 1
9 407 418 4
10 1438 1453 10
10 871 882 8
8 641 653 2
10 1569 1580 8
3 963 967 4
1 1342 1345 8
3 1589 1595 9
9 268 282 7
9 265 277 3
8 689 700 6
1 623 629 4
5 1181 1187 7
6 245 253 1
7 935 945 1
9 1242 1255 8
6 1570 1581 3
10 1462 1476 8
6 826 835 7
1 1454 1457 3
7 860 870 7
4 1563 1570 10
2 901 904 1
4 1543 1551 10
5 1466 1476 2
9 1525 1534 2
5 722 730 4
2 1081 1088 5
6 126 132 7
9 459 469 3
5 1033 1042 6
3 1281 1289 2
10 1000 1015 1
6 1626 1633 3
5 1387 1396 4
4 356 365 4
9 332 343 8
10 970 982 2
1 668 669 3
2 1385 1392 3
5 284 291 8
3 355 360 10
1 1350 1352 6
2 1281 1285 10
1 1194 1196 10
7 1613 1620 6
6 669 680 10
4 713 718 6
9 550 562 7
9 1533 1543 6
5 79 87 9
10 622 632 2
4 691 699 4
6 959 970 9
10 621 636 6
8 902 915 3
2 1024 1031 8
10 1202 1213 7
5 806 814 6
5 1310 1316 5
6 111 122 4
5 582 587 10
9 1134 1145 5
2 493 498 8
2 709 714 6
7 1133 1140 2
6 1146 1153 9
9 1463 1473 7
8 1294 1302 3
1 1601 1603 10
7 1214 1223 4
3 861 864 10
1 164 167 10
4 1383 1388 7
4 713 720 6
1 295 299 6
3 1325 1332 4
6 1116 1123 7
6 451 460 4
8 1455 1463 4
4 1428 1432 10
8 954 964 2
6 1202 1208 4
10 327 339 2
5 479 486 9
5 46 51 2
10 745 759 4
2 1559 1563 3
3 52 57 10
7 1428 1437 5
10 1087 1100 6
7 876 884 7
9 1308 1317 8
9 869 878 1
2 1255 1258 2
1 942 943 9
6 1638 1648 5
10 27 41 6
3 1458 1464 3
8 1515 1526 1
10 529 540 6
10 829 841 3
1 982 985 10
7 714 726 4
6 899 907 1
7 615 623 5
3 441 445 7
10 981 992 4
4 543 549 5
8 1421 1429 2
4 764 771 9
8 441 451 5
8 1499 1510 10
1 1180 1183 1
5 331 341 10
7 558 570 5
7 821 830 9
8 432 445 3
9 397 409 4
4 389 394 2
6 1595 1604 8
5 688 693 10
10 1515 1529 10
4 7 12 7
5 922 927 4
7 1364 1376 5
8 1277 1285 2
9 23 33 4
2 526 529 7
7 1197 1208 1
9 205 214 2
